[-0.05883078 -0.10364446  0.02820209] [-0.52488641  0.00707762  0.85114286] [-0.52488641 -0.85114286  0.00707762] [0.85114286 0.00707762 0.52488641] 0.564984735605023 2.282955253004755 2.625725029535203
[-0.06655552 -0.09473034  0.02810053] [-0.52577862 -0.10818061  0.84371429] [-0.52577862 -0.84371429 -0.10818061] [ 0.84371429 -0.10818061  0.52577862] 1.0507596650621776 2.2931657488847983 2.3298552493389657
[-0.05883078 -0.10364446  0.02820209] [-0.553876   -0.03837611  0.83171429] [-0.553876   -0.83171429 -0.03837611] [ 0.83171429 -0.03837611  0.553876  ] 0.547355566564068 2.3213403277971176 2.6391893311078487
[-0.05600517 -0.110652    0.02862787] [-0.53995367  0.15583558  0.82714286] [-0.53995367 -0.82714286  0.15583558] [0.82714286 0.15583558 0.53995367] 0.5879924317337255 2.283775111064793 2.608456381785719
[-0.06655552 -0.09473034  0.02810053] [-0.54324304 -0.15949941  0.82428571] [-0.54324304 -0.82428571 -0.15949941] [ 0.82428571 -0.15949941  0.54324304] 1.072527694009577 2.3169140999536992 2.31962131051484
[-0.05883078 -0.10364446  0.02820209] [-0.57157904  0.03695793  0.81971429] [-0.57157904 -0.81971429  0.03695793] [0.81971429 0.03695793 0.57157904] 0.48436711979593366 2.33545663039942 2.6889367267315962
[-0.06655552 -0.09473034  0.02810053] [-0.50567479 -0.27755615  0.81685714] [-0.50567479 -0.81685714 -0.27755615] [ 0.81685714 -0.27755615  0.50567479] 0.8858654006733288 2.2768281563117085 2.415049180290919
[-0.05883078 -0.10364446  0.02820209] [-0.57654944 -0.08821941  0.81228571] [-0.57654944 -0.81228571 -0.08821941] [ 0.81228571 -0.08821941  0.57654944] 0.5462679251052153 2.3527839921622693 2.6400266204603895
[-0.06655552 -0.09473034  0.02810053] [-0.55368393 -0.21363305  0.80485714] [-0.55368393 -0.80485714 -0.21363305] [ 0.80485714 -0.21363305  0.55368393] 1.0465179343164352 2.331875465819156 2.2997742688377913
[-0.05883078 -0.10364446  0.02820209] [-0.59952075 -0.01084634  0.80028571] [-0.59952075 -0.80028571 -0.01084634] [ 0.80028571 -0.01084634  0.59952075] 0.4694659436605406 2.374585599294128 2.701076631042313
[-0.06655552 -0.09473034  0.02810053] [-0.50319153 -0.33302546  0.79742857] [-0.50319153 -0.79742857 -0.33302546] [ 0.79742857 -0.33302546  0.50319153] 0.9401830711675077 2.2745695735978346 2.3854226328767005
[-0.05883078 -0.10364446  0.02820209] [-0.61119871  0.07100546  0.78828571] [-0.61119871 -0.78828571  0.07100546] [0.78828571 0.07100546 0.61119871] 0.5165524502014016 2.3801791291893934 2.6631982876571296
[-0.06655552 -0.09473034  0.02810053] [-0.5570916  -0.26972375  0.78542857] [-0.5570916  -0.78542857 -0.26972375] [ 0.78542857 -0.26972375  0.5570916 ] 1.0346281266621078 2.337584091033694 2.2711717321368083
[-0.05883078 -0.10364446  0.02820209] [-0.6215418  -0.06283239  0.78085714] [-0.6215418  -0.78085714 -0.06283239] [ 0.78085714 -0.06283239  0.6215418 ] 0.7744571594707484 2.4070719356894665 2.4810291636695228
[-0.05883078 -0.10364446  0.02820209] [-0.61087751  0.15559293  0.77628571] [-0.61087751 -0.77628571  0.15559293] [0.77628571 0.15559293 0.61087751] 0.4780446035733347 2.3684638105742195 2.6940704731175558
[-0.05883078 -0.10364446  0.02820209] [-0.60226979 -0.19768495  0.77342857] [-0.60226979 -0.77342857 -0.19768495] [ 0.77342857 -0.19768495  0.60226979] 0.5933177282800299 2.278162905917803 2.6045084228625077
[-0.05151311 -0.0954665   0.03035059] [-0.60226979 -0.19768495  0.77342857] [-0.60226979 -0.77342857 -0.19768495] [ 0.77342857 -0.19768495  0.60226979] 0.9295296357971959 2.3911076540948755 2.340318763625165
[ 0.15017   -0.0767363  0.0302156] [0.63024703 0.09015198 0.77114286] [ 0.63024703 -0.77114286  0.09015198] [ 0.77114286  0.09015198 -0.63024703] 0.5784263419050455 2.61559454591458 2.2804705329189794
[-0.05883078 -0.10364446  0.02820209] [-0.63907253  0.02109479  0.76885714] [-0.63907253 -0.76885714  0.02109479] [0.76885714 0.02109479 0.63907253] 0.7502680321121564 2.4213415795855044 2.496327372723399
[ 0.15017    -0.0735846   0.02883895] [0.6045166  0.22649542 0.76371429] [ 0.6045166  -0.76371429  0.22649542] [ 0.76371429  0.22649542 -0.6045166 ] 0.7208613489873553 2.515409904589359 2.287240029593968
[-0.05883078 -0.10364446  0.02820209] [-0.63737628 -0.11822862  0.76142857] [-0.63737628 -0.76142857 -0.11822862] [ 0.76142857 -0.11822862  0.63737628] 0.7378910133109968 2.313003612797817 2.504293792136268
[-0.05883078 -0.10364446  0.02820209] [-0.64451568  0.1084749   0.75685714] [-0.64451568 -0.75685714  0.1084749 ] [0.75685714 0.1084749  0.64451568] 0.4479236008100627 2.4173302583224565 2.718874150210011
[-0.05883078 -0.10364446  0.02820209] [-0.60506932 -0.25568558  0.754     ] [-0.60506932 -0.754      -0.25568558] [ 0.754      -0.25568558  0.60506932] 0.6403891571446717 2.2888578168426106 2.5704107813828676
[-0.05151311 -0.0954665   0.03035059] [-0.60506932 -0.25568558  0.754     ] [-0.60506932 -0.754      -0.25568558] [ 0.754      -0.25568558  0.60506932] 0.9195567240441708 2.3964845445330183 2.3161238156083392
[-0.05883078 -0.10364446  0.02820209] [-0.66126889 -0.03286744  0.74942857] [-0.66126889 -0.74942857 -0.03286744] [ 0.74942857 -0.03286744  0.66126889] 0.6979986088319244 2.45610631680319 2.5306185144979554
[-0.05883078 -0.10364446  0.02820209] [-0.63732727  0.1974887   0.74485714] [-0.63732727 -0.74485714  0.1974887 ] [0.74485714 0.1974887  0.63732727] 0.4218341310909936 2.3946767707074335 2.7408139250364383
[ 0.15017    -0.0735846   0.02883895] [0.60392334 0.28515851 0.74428571] [ 0.60392334 -0.74428571  0.28515851] [ 0.74428571  0.28515851 -0.60392334] 0.7759795027078067 2.4800782716808065 2.3033338983879483
[-0.05883078 -0.10364446  0.02820209] [-0.64681013 -0.17627436  0.742     ] [-0.64681013 -0.742      -0.17627436] [ 0.742      -0.17627436  0.64681013] 0.7171322748565778 2.3331218135110903 2.5178681658334012
[-0.05151311 -0.0954665   0.03035059] [-0.64681013 -0.17627436  0.742     ] [-0.64681013 -0.742      -0.17627436] [ 0.742      -0.17627436  0.64681013] 0.8295049613198779 2.447525349001102 2.397164166997913
[-0.05883078 -0.10364446  0.02820209] [-0.67303894  0.05672464  0.73742857] [-0.67303894 -0.73742857  0.05672464] [0.73742857 0.05672464 0.67303894] 0.5197246349795022 2.461531514999889 2.6606974870193136
[-0.01929827 -0.11422648  0.02837159] [ 0.65527415 -0.17372611  0.73514286] [ 0.65527415 -0.73514286 -0.17372611] [ 0.73514286 -0.17372611 -0.65527415] 1.0790407111567768 2.2962611395316306 2.3166022616100705
[-0.05883078 -0.10364446  0.02820209] [-0.60107754 -0.31481837  0.73457143] [-0.60107754 -0.73457143 -0.31481837] [ 0.73457143 -0.31481837  0.60107754] 1.136496616800114 2.290800491349654 2.283649242763606
[ 0.08168864 -0.1128468   0.02798099] [-0.6172384   0.28624668  0.73285714] [-0.6172384  -0.73285714  0.28624668] [0.73285714 0.28624668 0.6172384 ] 1.0760934316291297 2.317966016823784 2.274555482627287
[-0.05883078 -0.10364446  0.02820209] [-0.6774726  -0.09017135  0.73      ] [-0.6774726  -0.73       -0.09017135] [ 0.73       -0.09017135  0.6774726 ] 0.6602917753758424 2.4830994512112374 2.556423777459855
[-0.05883078 -0.10364446  0.02820209] [-0.67203239  0.1487476   0.72542857] [-0.67203239 -0.72542857  0.1487476 ] [0.72542857 0.1487476  0.67203239] 0.38777502252509377 2.4468370003295883 2.7700766158303396
[ 0.15017    -0.0735846   0.02883895] [0.59653441 0.34457049 0.72485714] [ 0.59653441 -0.72485714  0.34457049] [ 0.72485714  0.34457049 -0.59653441] 0.8478304167048135 2.4367668399299327 2.3108851296524406
[-0.01929827 -0.11422648  0.02837159] [ 0.63806829 -0.26444897  0.72314286] [ 0.63806829 -0.72314286 -0.26444897] [ 0.72314286 -0.26444897 -0.63806829] 0.9471204233842511 2.3817529985550796 2.2861249438923776
[-0.05883078 -0.10364446  0.02820209] [-0.64968621 -0.23621676  0.72257143] [-0.64968621 -0.72257143 -0.23621676] [ 0.72257143 -0.23621676  0.64968621] 0.7125959591165412 2.344761495308018 2.5208703004287027
[-0.05151311 -0.0954665   0.03035059] [-0.64968621 -0.23621676  0.72257143] [-0.64968621 -0.72257143 -0.23621676] [ 0.72257143 -0.23621676  0.64968621] 0.8193143162044098 2.4535924879844084 2.3709281907168904
[ 0.14098218 -0.07416768  0.0267342 ] [0.6832449  0.11985365 0.72028571] [ 0.6832449  -0.72028571  0.11985365] [ 0.72028571  0.11985365 -0.6832449 ] 0.5859105676608429 2.6100047978573393 2.358474032331479
[-0.05883078 -0.10364446  0.02820209] [-0.6960424   0.00099079  0.718     ] [-0.6960424  -0.718       0.00099079] [0.718      0.00099079 0.6960424 ] 0.6345564167812981 2.499631670946602 2.574558150673843
[-0.00944775 -0.11361365  0.02750472] [ 0.68754334 -0.12262631  0.71571429] [ 0.68754334 -0.71571429 -0.12262631] [ 0.71571429 -0.12262631 -0.68754334] 0.9973330312692769 2.2795384573957698 2.3559371007292467
[-0.05883078 -0.10364446  0.02820209] [-0.65786586  0.24131345  0.71342857] [-0.65786586 -0.71342857  0.24131345] [0.71342857 0.24131345 0.65786586] 0.37665476913108886 2.4126704961079515 2.779779363078334
[-0.04992448 -0.11269971  0.02742252] [-0.65786586  0.24131345  0.71342857] [-0.65786586 -0.71342857  0.24131345] [0.71342857 0.24131345 0.65786586] 0.5064813886032047 2.4126704961079515 2.671180734150867
[ 0.08168864 -0.1128468   0.02798099] [-0.65786586  0.24131345  0.71342857] [-0.65786586 -0.71342857  0.24131345] [0.71342857 0.24131345 0.65786586] 0.9608371376180466 2.3745717032988862 2.2923426760629324
[-0.05883078 -0.10364446  0.02820209] [-0.68742793 -0.1501036   0.71057143] [-0.68742793 -0.71057143 -0.1501036 ] [ 0.71057143 -0.1501036   0.68742793] 0.6378442589203243 2.384708620804233 2.5722176342654968
[-0.05883078 -0.10364446  0.02820209] [-0.70175194  0.09543693  0.706     ] [-0.70175194 -0.706       0.09543693] [0.706      0.09543693 0.70175194] 0.4576492794529693 2.494835739482578 2.710803168690169
[ 0.0599969  -0.0999131   0.01967393] [-0.70175194  0.09543693  0.706     ] [-0.70175194 -0.706       0.09543693] [0.706      0.09543693 0.70175194] 1.0788597303654486 2.316685888976402 2.285896668354208
[ 0.15017    -0.0735846   0.02883895] [0.58238445 0.40397882 0.70542857] [ 0.58238445 -0.70542857  0.40397882] [ 0.70542857  0.40397882 -0.58238445] 0.7935695608858842 2.469192375043583 2.3095381340284065
[ 0.15017   -0.0767363  0.0302156] [0.58238445 0.40397882 0.70542857] [ 0.58238445 -0.70542857  0.40397882] [ 0.70542857  0.40397882 -0.58238445] 0.9375069009235614 2.386845046209638 2.3095381340284065
[-0.01929827 -0.11422648  0.02837159] [ 0.67656403 -0.21690395  0.70371429] [ 0.67656403 -0.70371429 -0.21690395] [ 0.70371429 -0.21690395 -0.67656403] 1.0247167655241725 2.3423949253634415 2.3405454411827047
[-0.05883078 -0.10364446  0.02820209] [-0.64590749 -0.29731068  0.70314286] [-0.64590749 -0.70314286 -0.29731068] [ 0.70314286 -0.29731068  0.64590749] 1.0145239323199573 2.347392351298941 2.336306283586029
[ 0.08168864 -0.1128468   0.02798099] [-0.63043706  0.3324862   0.70142857] [-0.63043706 -0.70142857  0.3324862 ] [0.70142857 0.3324862  0.63043706] 1.0547123352086896 2.3279803924422913 2.2953770821178607
[ 0.14098218 -0.07416768  0.0267342 ] [0.68999942 0.18083159 0.70085714] [ 0.68999942 -0.70085714  0.18083159] [ 0.70085714  0.18083159 -0.68999942] 0.6240005739850066 2.582119695868544 2.3868461879754164
[-0.05883078 -0.10364446  0.02820209] [-0.71318061 -0.05806352  0.69857143] [-0.71318061 -0.69857143 -0.05806352] [ 0.69857143 -0.05806352  0.71318061] 0.5937617672941404 2.5300594549770317 2.604180061933432
[-0.00944775 -0.11361365  0.02750472] [ 0.7146068  -0.06725569  0.69628571] [ 0.7146068  -0.69628571 -0.06725569] [ 0.69628571 -0.06725569 -0.7146068 ] 0.912391509575605 2.2782815331913375 2.4003807896549527
[-0.05883078 -0.10364446  0.02820209] [-0.69409906  0.19128643  0.694     ] [-0.69409906 -0.694       0.19128643] [0.694      0.19128643 0.69409906] 0.44365453959818746 2.4685185891276693 2.7224354750171074
[ 0.0599969  -0.0999131   0.01967393] [-0.69409906  0.19128643  0.694     ] [-0.69409906 -0.694       0.19128643] [0.694      0.19128643 0.69409906] 1.0293787417140519 2.2786536815684064 2.340126130804006
[ 0.08168864 -0.1128468   0.02798099] [-0.69409906  0.19128643  0.694     ] [-0.69409906 -0.694       0.19128643] [0.694      0.19128643 0.69409906] 1.0773682401934546 2.2786536815684064 2.3173756497811713
[-0.01929827 -0.11422648  0.02837159] [ 0.65215339 -0.31020525  0.69171429] [ 0.65215339 -0.69171429 -0.31020525] [ 0.69171429 -0.31020525 -0.65215339] 0.8770207176751017 2.4200266685623646 2.2995350817026905
[-0.05883078 -0.10364446  0.02820209] [-0.6909411  -0.21194798  0.69114286] [-0.6909411  -0.69114286 -0.21194798] [ 0.69114286 -0.21194798  0.6909411 ] 0.6313698379495716 2.3982090372992264 2.576833234799456
[ 0.120147   -0.02318273  0.01650857] [-0.6909411  -0.21194798  0.69114286] [-0.6909411  -0.69114286 -0.21194798] [ 0.69114286 -0.21194798  0.6909411 ] 0.9803158257436356 2.3645414259148674 2.2739310267321002
[-0.05883078 -0.10364446  0.02820209] [-0.72606024  0.03816025  0.68657143] [-0.72606024 -0.68657143  0.03816025] [0.68657143 0.03816025 0.72606024] 0.4397830326181393 2.537157051219654 2.7256749155745523
[ 0.15017    -0.0735846   0.02883895] [0.56156724 0.46265131 0.686     ] [ 0.56156724 -0.686       0.46265131] [ 0.686       0.46265131 -0.56156724] 0.887528819570003 2.4141179354813103 2.299229195561929
[ 0.14940736 -0.06251825  0.02533205] [0.56156724 0.46265131 0.686     ] [ 0.56156724 -0.686       0.46265131] [ 0.686       0.46265131 -0.56156724] 0.9954490138720301 2.356882515389975 2.299229195561929
[ 0.08168864 -0.1128468   0.02798099] [-0.67286013  0.28659248  0.682     ] [-0.67286013 -0.682       0.28659248] [0.682      0.28659248 0.67286013] 0.9356439544909171 2.3878374673420275 2.3486543308399512
[ 0.14098218 -0.07416768  0.0267342 ] [0.69023871 0.24336316 0.68142857] [ 0.69023871 -0.68142857  0.24336316] [ 0.68142857  0.24336316 -0.69023871] 0.6778221821820584 2.5443140584218495 2.4070983340886234
[ 0.09978896 -0.06436741  0.01768096] [-0.7241699  -0.11976201  0.67914286] [-0.7241699  -0.67914286 -0.11976201] [ 0.67914286 -0.11976201  0.7241699 ] 0.9190722646911935 2.3967471043296564 2.281085754118558
[ 0.14019733 -0.08213672  0.028154  ] [ 0.73606839 -0.00822963  0.67685714] [ 0.73606839 -0.67685714 -0.00822963] [ 0.67685714 -0.00822963 -0.73606839] 0.6638881481726486 2.553923453763119 2.390149073915578
[-0.05883078 -0.10364446  0.02820209] [-0.72544197  0.13670164  0.67457143] [-0.72544197 -0.67457143  0.13670164] [0.67457143 0.13670164 0.72544197] 0.4043443432858327 2.520817581870919 2.7557541187844263
[ 0.0599969  -0.0999131   0.01967393] [-0.72544197  0.13670164  0.67457143] [-0.72544197 -0.67457143  0.13670164] [0.67457143 0.13670164 0.72544197] 1.0265870542746327 2.335335530151988 2.341483461518017
[ 0.06147812 -0.10470567  0.02226781] [-0.72544197  0.13670164  0.67457143] [-0.72544197 -0.67457143  0.13670164] [0.67457143 0.13670164 0.72544197] 1.039294535504578 2.335335530151988 2.320831554895583
[-0.02897083 -0.10257651  0.02806397] [ 0.69248927 -0.26170694  0.67228571] [ 0.69248927 -0.67228571 -0.26170694] [ 0.67228571 -0.26170694 -0.69248927] 1.1079729041755821 2.2821246427713566 2.303425359897929
[ 0.120147   -0.02318273  0.01650857] [-0.68788203 -0.27498771  0.67171429] [-0.68788203 -0.67171429 -0.27498771] [ 0.67171429 -0.27498771  0.68788203] 0.9908716847334113 2.359186889154757 2.2731651109001096
[ 0.08168864 -0.1128468   0.02798099] [-0.63809759  0.37938301  0.67      ] [-0.63809759 -0.67        0.37938301] [0.67       0.37938301 0.63809759] 1.0495384412531021 2.330436006576368 2.2973749759796553
[-0.01673079 -0.09041551  0.01960286] [0.72728736 0.15138852 0.66942857] [ 0.72728736 -0.66942857  0.15138852] [ 0.66942857  0.15138852 -0.72728736] 0.8388131549133518 2.2827013261479934 2.4420364340906837
[-0.04992448 -0.11269971  0.02742252] [-0.74459126 -0.02245588  0.66714286] [-0.74459126 -0.66714286 -0.02245588] [ 0.66714286 -0.02245588  0.74459126] 0.4391323891972181 2.4475756267115276 2.7262202435672984
[ 0.124309   -0.0347927   0.02014027] [-0.74459126 -0.02245588  0.66714286] [-0.74459126 -0.66714286 -0.02245588] [ 0.66714286 -0.02245588  0.74459126] 0.8364250363224269 2.443439884346371 2.278158686665534
[ 0.14940736 -0.06251825  0.02533205] [0.53423617 0.51987907 0.66657143] [ 0.53423617 -0.66657143  0.51987907] [ 0.66657143  0.51987907 -0.53423617] 1.097080350069472 2.3083417637741355 2.280189509656009
[ 0.00174275 -0.11321074  0.02576517] [ 0.7391398  -0.10787647  0.66485714] [ 0.7391398  -0.66485714 -0.10787647] [ 0.66485714 -0.10787647 -0.7391398 ] 1.0259764805138676 2.301849060783952 2.3417808303244856
[-0.04992448 -0.11269971  0.02742252] [-0.71097603  0.23561023  0.66257143] [-0.71097603 -0.66257143  0.23561023] [0.66257143 0.23561023 0.71097603] 0.42078072955024526 2.4822167120464034 2.7417085335730667
[ 0.08168864 -0.1128468   0.02798099] [-0.71097603  0.23561023  0.66257143] [-0.71097603 -0.66257143  0.23561023] [0.66257143 0.23561023 0.71097603] 0.9845960725534438 2.2869324026371936 2.3623634251373136
[-0.01929827 -0.11422648  0.02837159] [ 0.66084238 -0.35680545  0.66028571] [ 0.66084238 -0.66028571 -0.35680545] [ 0.66028571 -0.35680545 -0.66084238] 0.8213867830729162 2.452353696544929 2.305766044055037
[ 0.0902936  -0.07405063  0.01780136] [-0.72879005 -0.1834179   0.65971429] [-0.72879005 -0.65971429 -0.1834179 ] [ 0.65971429 -0.1834179   0.72879005] 0.9158190370353396 2.398513525258609 2.28637284372103
[ 0.07074857 -0.10350554  0.02466799] [-0.75145457  0.07812725  0.65514286] [-0.75145457 -0.65514286  0.07812725] [0.65514286 0.07812725 0.75145457] 0.933627569221129 2.3889137087205663 2.3208328423612823
[ 0.10038534 -0.05453721  0.01372722] [-0.67818521 -0.33850874  0.65228571] [-0.67818521 -0.65228571 -0.33850874] [ 0.65228571 -0.33850874  0.67818521] 1.0228068266646568 2.343327472673753 2.3014788618315745
[ 0.08168864 -0.1128468   0.02798099] [-0.68259798  0.3328916   0.65057143] [-0.68259798 -0.65057143  0.3328916 ] [0.65057143 0.3328916  0.68259798] 0.9250508482219442 2.393515778186294 2.366047835067367
[ 0.14098218 -0.07416768  0.0267342 ] [0.72866056 0.21576328 0.65      ] [ 0.72866056 -0.65        0.21576328] [ 0.65        0.21576328 -0.72866056] 0.6031394079330866 2.5972753083980393 2.4539858262462726
[ 0.09978896 -0.06436741  0.01768096] [-0.75704068 -0.0857649   0.64771429] [-0.75704068 -0.64771429 -0.0857649 ] [ 0.64771429 -0.0857649   0.75704068] 0.8356407728933697 2.443901500623835 2.331791877425146
[ 0.00174275 -0.11321074  0.02576517] [ 0.76234041 -0.04752952  0.64542857] [ 0.76234041 -0.64542857 -0.04752952] [ 0.64542857 -0.04752952 -0.76234041] 0.9414964056749986 2.291616089693983 2.3847259699563974
[ 0.00106721 -0.10355105  0.02297074] [ 0.76234041 -0.04752952  0.64542857] [ 0.76234041 -0.64542857 -0.04752952] [ 0.64542857 -0.04752952 -0.76234041] 1.0370392814958245 2.3364209400962483 2.26937509645702
[ 0.0599969  -0.0999131   0.01967393] [-0.7442797   0.18004164  0.64314286] [-0.7442797  -0.64314286  0.18004164] [0.64314286 0.18004164 0.7442797 ] 0.921416858852206 2.347032316353291 2.395477594310849
[ 0.08168864 -0.1128468   0.02798099] [-0.7442797   0.18004164  0.64314286] [-0.7442797  -0.64314286  0.18004164] [0.64314286 0.18004164 0.7442797 ] 1.015254803397579 2.347032316353291 2.340474193533322
[-0.02897083 -0.10257651  0.02806397] [ 0.70329573 -0.30769667  0.64085714] [ 0.70329573 -0.64085714 -0.30769667] [ 0.64085714 -0.30769667 -0.70329573] 1.066004018906403 2.322665027044355 2.316000757745167
[ 0.08741115 -0.08190667  0.0198947 ] [-0.72688558 -0.2483376   0.64028571] [-0.72688558 -0.64028571 -0.2483376 ] [ 0.64028571 -0.2483376   0.72688558] 0.7350068804081643 2.5061637439916726 2.2743374890519443
[ 0.0902936  -0.07405063  0.01780136] [-0.72688558 -0.2483376   0.64028571] [-0.72688558 -0.64028571 -0.2483376 ] [ 0.64028571 -0.2483376   0.72688558] 0.8806308905927084 2.417989708855999 2.2743374890519443
[ 0.08168864 -0.1128468   0.02798099] [-0.64053301  0.42654894  0.63857143] [-0.64053301 -0.63857143  0.42654894] [0.63857143 0.42654894 0.64053301] 1.0594697294275333 2.3257336248043554 2.31877133710124
[ 0.00017492 -0.0968597   0.02075313] [0.76090696 0.11822266 0.638     ] [ 0.76090696 -0.638       0.11822266] [ 0.638       0.11822266 -0.76090696] 1.1516439213442822 2.2726649602337745 2.2842400146454978
[ 0.06102287 -0.09299166  0.01696532] [-0.77175527  0.01616033  0.63571429] [-0.77175527 -0.63571429  0.01616033] [0.63571429 0.01616033 0.77175527] 0.8453152517935554 2.4382319687117513 2.3168042234756046
[-0.01923981 -0.10366067  0.0253782 ] [ 0.75898376 -0.15070464  0.63342857] [ 0.75898376 -0.63342857 -0.15070464] [ 0.63342857 -0.15070464 -0.75898376] 0.8036287896785109 2.2915272238282633 2.4630502945644888
[ 0.10038534 -0.05453721  0.01372722] [-0.66185008 -0.40180382  0.63285714] [-0.66185008 -0.63285714 -0.40180382] [ 0.63285714 -0.40180382  0.66185008] 1.0529342106960726 2.324071233040849 2.3288228885887836
[ 0.08168864 -0.1128468   0.02798099] [-0.72286999  0.28127863  0.63114286] [-0.72286999 -0.63114286  0.28127863] [0.63114286 0.28127863 0.72286999] 0.9842208812632591 2.28840835707626 2.36255396848436
[ 0.14098218 -0.07416768  0.0267342 ] [0.7234559  0.2810538  0.63057143] [ 0.7234559  -0.63057143  0.2810538 ] [ 0.63057143  0.2810538  -0.7234559 ] 0.5528830876040226 2.634945981215842 2.468344117945195
[-0.01929827 -0.11422648  0.02837159] [ 0.66441067 -0.40385289  0.62885714] [ 0.66441067 -0.62885714 -0.40385289] [ 0.62885714 -0.40385289 -0.66441067] 0.8872376014635297 2.4142808593540988 2.3050970884868764
[ 0.0902936  -0.07405063  0.01780136] [-0.76316748 -0.15110411  0.62828571] [-0.76316748 -0.62828571 -0.15110411] [ 0.62828571 -0.15110411  0.76316748] 0.8433859166336359 2.4393583064764575 2.340945263113443
[ 0.00174275 -0.11321074  0.02576517] [0.77966091 0.01590178 0.626     ] [ 0.77966091 -0.626       0.01590178] [ 0.626       0.01590178 -0.77966091] 0.8747493392855933 2.3058413094865218 2.4213119851452287
[ 0.00106721 -0.10355105  0.02297074] [0.77966091 0.01590178 0.626     ] [ 0.77966091 -0.626       0.01590178] [ 0.626       0.01590178 -0.77966091] 1.083098414926729 2.3147312396122577 2.301943905093271
[ 0.07074857 -0.10350554  0.02466799] [-0.77231993  0.120426    0.62371429] [-0.77231993 -0.62371429  0.120426  ] [0.62371429 0.120426   0.77231993] 0.9047830884884295 2.4045485840390306 2.374395453048412
[ 0.10038534 -0.05453721  0.01372722] [-0.71836641 -0.31382496  0.62085714] [-0.71836641 -0.62085714 -0.31382496] [ 0.62085714 -0.31382496  0.71836641] 0.9147810798341017 2.399078315669043 2.357546109643322
[ 0.08168864 -0.1128468   0.02798099] [-0.68731943  0.37980801  0.61914286] [-0.68731943 -0.61914286  0.37980801] [0.61914286 0.37980801 0.68731943] 0.9281510737685629 2.3918477245656855 2.3210303528367087
[-0.00835181 -0.09208268  0.01889843] [0.76380222 0.18432461 0.61857143] [ 0.76380222 -0.61857143  0.18432461] [ 0.61857143  0.18432461 -0.76380222] 1.0108815164084932 2.349190572880917 2.298317379667127
[ 0.09978896 -0.06436741  0.01768096] [-0.78602302 -0.04857703  0.61628571] [-0.78602302 -0.61628571 -0.04857703] [ 0.61628571 -0.04857703  0.78602302] 0.7645566287227316 2.48724755537466 2.28189747615816
[ 0.08168864 -0.1128468   0.02798099] [-0.7584012   0.22501834  0.61171429] [-0.7584012  -0.61171429  0.22501834] [0.61171429 0.22501834 0.7584012 ] 0.9320183579927794 2.3518598990322293 2.3897741765537126
[ 0.09094297 -0.09318584  0.02517442] [-0.7584012   0.22501834  0.61171429] [-0.7584012  -0.61171429  0.22501834] [0.61171429 0.22501834 0.7584012 ] 1.0884986353585315 2.312252886949905 2.304227391249827
[ 0.14098218 -0.07416768  0.0267342 ] [0.71161611 0.34656445 0.61114286] [ 0.71161611 -0.61114286  0.34656445] [ 0.61114286  0.34656445 -0.71161611] 0.6178102486984043 2.586587557124979 2.4725496068400914
[-0.02897083 -0.10257651  0.02806397] [ 0.70919003 -0.35446625  0.60942857] [ 0.70919003 -0.60942857 -0.35446625] [ 0.60942857 -0.35446625 -0.70919003] 0.9453376053201235 2.38269362635439 2.321942081929328
[ 0.0902936  -0.07405063  0.01780136] [-0.76279521 -0.2177991   0.60885714] [-0.76279521 -0.60885714 -0.2177991 ] [ 0.60885714 -0.2177991   0.76279521] 0.8040551751397791 2.4627912766300804 2.3300721947381478
[ 0.08168864 -0.1128468   0.02798099] [-0.63801389  0.47361991  0.60714286] [-0.63801389 -0.60714286  0.47361991] [0.60714286 0.47361991 0.63801389] 1.0839131938457796 2.3143564536742156 2.2900849630999494
[ 0.00106721 -0.10355105  0.02297074] [0.79081123 0.08178449 0.60657143] [ 0.79081123 -0.60657143  0.08178449] [ 0.60657143  0.08178449 -0.79081123] 1.052112557780514 2.329212702995153 2.3273437494927314
[ 0.07074857 -0.10350554  0.02466799] [-0.79470207  0.05733587  0.60428571] [-0.79470207 -0.60428571  0.05733587] [0.60428571 0.05733587 0.79470207] 0.8113520004121659 2.4583753346774526 2.3279385122423073
[ 0.10038534 -0.05453721  0.01372722] [-0.70320807 -0.37918609  0.60142857] [-0.70320807 -0.60142857 -0.37918609] [ 0.60142857 -0.37918609  0.70320807] 0.949418558270978 2.3805429537050693 2.336846253356312
[ 0.08086198 -0.1206522   0.02960012] [-0.72995606  0.3278825   0.59971429] [-0.72995606 -0.59971429  0.3278825 ] [0.59971429 0.3278825  0.72995606] 0.8910464485353005 2.2833981932830825 2.412153692300958
[-0.00835181 -0.09208268  0.01889843] [0.76013461 0.25144228 0.59914286] [ 0.76013461 -0.59914286  0.25144228] [ 0.59914286  0.25144228 -0.76013461] 1.0568266589161288 2.3269805461843975 2.303940012954904
[-0.01929827 -0.11422648  0.02837159] [ 0.66309862 -0.45097597  0.59742857] [ 0.66309862 -0.59742857 -0.45097597] [ 0.59742857 -0.45097597 -0.66309862] 0.8579004932766999 2.430937136395325 2.297888658711662
[ 0.10080799 -0.07516554  0.02233289] [-0.79399914 -0.11544224  0.59685714] [-0.79399914 -0.59685714 -0.11544224] [ 0.59685714 -0.11544224  0.79399914] 0.7834207276113867 2.475450442521141 2.2779196882214325
[ 0.08168864 -0.1128468   0.02798099] [-0.78873063  0.16462572  0.59228571] [-0.78873063 -0.59228571  0.16462572] [0.59228571 0.16462572 0.78873063] 0.8890306167294171 2.4132784927857815 2.3470446561260427
[ 0.14098218 -0.07416768  0.0267342 ] [0.6931494  0.41160432 0.59171429] [ 0.6931494  -0.59171429  0.41160432] [ 0.59171429  0.41160432 -0.6931494 ] 0.6973473998794776 2.5310565235776656 2.269212252186174
[ 0.09708724 -0.07223513  0.01964337] [-0.75581266 -0.2851687   0.58942857] [-0.75581266 -0.58942857 -0.2851687 ] [ 0.58942857 -0.2851687   0.75581266] 0.7814702816796323 2.476660230862698 2.3201598672280466
[ 0.10634733 -0.0608897   0.01978663] [-0.75581266 -0.2851687   0.58942857] [-0.75581266 -0.58942857 -0.2851687 ] [ 0.58942857 -0.2851687   0.75581266] 0.8188440081679892 2.45387395944565 2.3210314631578344
[ 0.08168864 -0.1128468   0.02798099] [-0.687236    0.4269644   0.58771429] [-0.687236   -0.58771429  0.4269644 ] [0.58771429 0.4269644  0.687236  ] 0.9443699190549443 2.383204886161548 2.3420336306236895
[ 0.00106721 -0.10355105  0.02297074] [0.7955644  0.14946758 0.58714286] [ 0.7955644  -0.58714286  0.14946758] [ 0.58714286  0.14946758 -0.7955644 ] 0.7919109654600474 2.293181276945963 2.470210894903797
[ 0.07253223 -0.0966296   0.02173504] [-0.81109043 -0.00862736  0.58485714] [-0.81109043 -0.58485714 -0.00862736] [ 0.58485714 -0.00862736  0.81109043] 0.7334880044809222 2.507150591467819 2.29497457566507
[ 0.09198235 -0.0787568   0.02041685] [-0.81109043 -0.00862736  0.58485714] [-0.81109043 -0.58485714 -0.00862736] [ 0.58485714 -0.00862736  0.81109043] 0.8013711221538883 2.4644235666870697 2.2785111245754432
[ 0.108332   -0.05329924  0.01840661] [-0.68145127 -0.44373435  0.582     ] [-0.68145127 -0.582      -0.44373435] [ 0.582      -0.44373435  0.68145127] 1.0032545597695812 2.352977201884859 2.2917337317107345
[ 0.08168864 -0.1128468   0.02798099] [-0.76792365  0.27122271  0.58028571] [-0.76792365 -0.58028571  0.27122271] [0.58028571 0.27122271 0.76792365] 0.8626256388768853 2.3500055136788127 2.428221615440256
[ 0.09094297 -0.09318584  0.02517442] [-0.76792365  0.27122271  0.58028571] [-0.76792365 -0.58028571  0.27122271] [0.58028571 0.27122271 0.76792365] 1.0110246728564167 2.311838260018526 2.3491197743665797
[-0.02928354 -0.0744047   0.01546225] [0.74982571 0.31889302 0.57971429] [ 0.74982571 -0.57971429  0.31889302] [ 0.57971429  0.31889302 -0.74982571] 0.8703213812762876 2.287769764028022 2.423825989497044
[-0.00835181 -0.09208268  0.01889843] [0.74982571 0.31889302 0.57971429] [ 0.74982571 -0.57971429  0.31889302] [ 0.57971429  0.31889302 -0.74982571] 1.1138075836396668 2.2963936435879493 2.300813682647817
[ 0.1270317  -0.02328538  0.01978579] [-0.79548866 -0.18377712  0.57742857] [-0.79548866 -0.57742857 -0.18377712] [ 0.57742857 -0.18377712  0.79548866] 0.7117621510306896 2.5214235174182016 2.3056657944019654
[ 0.0902936  -0.07405063  0.01780136] [-0.79548866 -0.18377712  0.57742857] [-0.79548866 -0.57742857 -0.18377712] [ 0.57742857 -0.18377712  0.79548866] 0.7389026752397686 2.5036390921773934 2.384946084519713
[ 0.0912065  -0.1211694   0.02909192] [-0.63078514  0.52025299  0.57571429] [-0.63078514 -0.57571429  0.52025299] [0.57571429 0.52025299 0.63078514] 1.1132762919569463 2.2968576126356837 2.301050869016406
[ 0.00106721 -0.10355105  0.02297074] [0.81694868 0.04249176 0.57514286] [ 0.81694868 -0.57514286  0.04249176] [ 0.57514286  0.04249176 -0.81694868] 0.9392476918430553 2.3859193652555866 2.3666788462678126
[-0.00876594 -0.10292886  0.02393916] [0.81694868 0.04249176 0.57514286] [ 0.81694868 -0.57514286  0.04249176] [ 0.57514286  0.04249176 -0.81694868] 0.976133061540544 2.2866355287327993 2.3666788462678126
[ 0.09965954 -0.08381086  0.02510713] [-0.81345179  0.10065226  0.57285714] [-0.81345179 -0.57285714  0.10065226] [0.57285714 0.10065226 0.81345179] 0.8588365841061052 2.4303981608556766 2.2937638729409153
[-0.02016943 -0.07711003  0.01288914] [0.6681288  0.47549234 0.57228571] [ 0.6681288  -0.57228571  0.47549234] [ 0.57228571  0.47549234 -0.6681288 ] 0.9626398251191866 2.3166521545776413 2.3736352133895906
[ 0.1270317  -0.02328538  0.01978579] [-0.74217419 -0.35253011  0.57      ] [-0.74217419 -0.57       -0.35253011] [ 0.57       -0.35253011  0.74217419] 0.852243179326053 2.434205095267193 2.2711337016432567
[ 0.08086198 -0.1206522   0.02960012] [-0.73239196  0.37503782  0.56828571] [-0.73239196 -0.56828571  0.37503782] [0.56828571 0.37503782 0.73239196] 0.9332773964194968 2.2722952549515423 2.3891008334614154
[-0.00835181 -0.09208268  0.01889843] [0.79375769 0.21828701 0.56771429] [ 0.79375769 -0.56771429  0.21828701] [ 0.56771429  0.21828701 -0.79375769] 0.9957388729017405 2.356736945900196 2.3533203870939694
[ 0.126124  -0.0296205  0.0198711] [-0.82121033 -0.07683831  0.56542857] [-0.82121033 -0.56542857 -0.07683831] [ 0.56542857 -0.07683831  0.82121033] 0.645728972361482 2.5666331213537066 2.300484177608608
[ 0.07066026 -0.09200139  0.01871391] [-0.82121033 -0.07683831  0.56542857] [-0.82121033 -0.56542857 -0.07683831] [ 0.56542857 -0.07683831  0.82121033] 0.6706664308083847 2.5492334384119943 2.269046102983281
[ 0.09741431 -0.09113387  0.02815161] [-0.80075199  0.21032242  0.56085714] [-0.80075199 -0.56085714  0.21032242] [0.56085714 0.21032242 0.80075199] 0.957878213208808 2.3761125156592455 2.2767904941539867
[-0.00901239 -0.0839183   0.01430704] [0.7328626  0.38599525 0.56028571] [ 0.7328626  -0.56028571  0.38599525] [ 0.56028571  0.38599525 -0.7328626 ] 1.0173775880831868 2.3459881004340777 2.288930968033421
[ 0.08741115 -0.08190667  0.0198947 ] [-0.79036128 -0.25291311  0.558     ] [-0.79036128 -0.558      -0.25291311] [ 0.558      -0.25291311  0.79036128] 0.5940260906501136 2.6039846591078133 2.3663813157851887
[ 0.1270317  -0.02328538  0.01978579] [-0.79036128 -0.25291311  0.558     ] [-0.79036128 -0.558      -0.25291311] [ 0.558      -0.25291311  0.79036128] 0.7269014112938501 2.5114466172042 2.3038239072671574
[ 0.0912065  -0.1211694   0.02909192] [-0.68254324  0.4740052   0.55628571] [-0.68254324 -0.55628571  0.4740052 ] [0.55628571 0.4740052  0.68254324] 0.9734049200873174 2.3680777683422227 2.357136801341199
[ 0.07253223 -0.0966296   0.02173504] [-0.83221535  0.03368135  0.55342857] [-0.83221535 -0.55342857  0.03368135] [0.55342857 0.03368135 0.83221535] 0.7053543611351584 2.5256895367436303 2.350662318371631
[ 0.09149892 -0.08481507  0.021846  ] [-0.83221535  0.03368135  0.55342857] [-0.83221535 -0.55342857  0.03368135] [0.55342857 0.03368135 0.83221535] 0.7703574474903813 2.483596920320934 2.2902469033209845
[-0.03190188 -0.06687543  0.01173888] [0.63669102 0.53756258 0.55285714] [ 0.63669102 -0.55285714  0.53756258] [ 0.55285714  0.53756258 -0.63669102] 1.1238743973616654 2.2963431093987268 2.2788661579061804
[ 0.10634733 -0.0608897   0.01978663] [-0.72189947 -0.41920432  0.55057143] [-0.72189947 -0.55057143 -0.41920432] [ 0.55057143 -0.41920432  0.72189947] 0.8954282604316443 2.4097164706569885 2.2692519268338986
[ 0.08168864 -0.1128468   0.02798099] [-0.77295569  0.31826928  0.54885714] [-0.77295569 -0.54885714  0.31826928] [0.54885714 0.31826928 0.77295569] 0.9029304575797618 2.341769384059323 2.4055682180061995
[ 0.09094297 -0.09318584  0.02517442] [-0.77295569  0.31826928  0.54885714] [-0.77295569 -0.54885714  0.31826928] [0.54885714 0.31826928 0.77295569] 0.9303357076341181 2.305257159800681 2.3906753917819117
[ 0.10135948 -0.09389589  0.03035804] [-0.77295569  0.31826928  0.54885714] [-0.77295569 -0.54885714  0.31826928] [0.54885714 0.31826928 0.77295569] 1.0651947032191176 2.305257159800681 2.3230440085256374
[-0.00835181 -0.09208268  0.01889843] [0.78529334 0.28757112 0.54828571] [ 0.78529334 -0.54828571  0.28757112] [ 0.54828571  0.28757112 -0.78529334] 1.00364943573141 2.325507453286379 2.352780444281771
[ 0.126124  -0.0296205  0.0198711] [-0.82484966 -0.14665278  0.546     ] [-0.82484966 -0.546      -0.14665278] [ 0.546      -0.14665278  0.82484966] 0.6381084164979838 2.5720298908500254 2.3071595896945745
[ 0.0902936  -0.07405063  0.01780136] [-0.82484966 -0.14665278  0.546     ] [-0.82484966 -0.546      -0.14665278] [ 0.546      -0.14665278  0.82484966] 0.6843120246453902 2.539880656100473 2.319913968200222
[ 0.0912065  -0.1211694   0.02909192] [-0.61907697  0.56612433  0.54428571] [-0.61907697 -0.54428571  0.56612433] [0.54428571 0.56612433 0.61907697] 1.1021536221431516 2.273833912000494 2.306045287450073
[ 0.09741431 -0.09113387  0.02815161] [-0.82802318  0.14571451  0.54142857] [-0.82802318 -0.54142857  0.14571451] [0.54142857 0.14571451 0.82802318] 0.8459005742875529 2.43789068328888 2.280049390001051
[-0.02016943 -0.07711003  0.01288914] [0.70929735 0.45207391 0.54085714] [ 0.70929735 -0.54085714  0.45207391] [ 0.54085714  0.45207391 -0.70929735] 0.858704635840994 2.373484838153617 2.43047410287319
[ 0.1270317  -0.02328538  0.01978579] [-0.77855181 -0.3221768   0.53857143] [-0.77855181 -0.53857143 -0.3221768 ] [ 0.53857143 -0.3221768   0.77855181] 0.759410401050114 2.490503388339905 2.2932078357729804
[ 0.00017492 -0.0968597   0.02075313] [0.82419026 0.18195619 0.53628571] [ 0.82419026 -0.53628571  0.18195619] [ 0.53628571  0.18195619 -0.82419026] 0.9126043577837245 2.2824835581683 2.4002646474998413
[ 0.09741431 -0.09113387  0.02815161] [-0.84473142 -0.03567675  0.534     ] [-0.84473142 -0.534      -0.03567675] [ 0.534      -0.03567675  0.84473142] 0.6974559105192661 2.530983519744299 2.278094136807363
[ 0.09741431 -0.09113387  0.02815161] [-0.80844775  0.25713348  0.52942857] [-0.80844775 -0.52942857  0.25713348] [0.52942857 0.25713348 0.80844775] 0.9640342739014357 2.37291195837085 2.3219550049282254
[-0.00835181 -0.09208268  0.01889843] [0.77013873 0.35664612 0.52885714] [ 0.77013873 -0.52885714  0.35664612] [ 0.52885714  0.35664612 -0.77013873] 1.0235081728805806 2.2865427036832187 2.34298482626797
[ 0.09708724 -0.07223513  0.01964337] [-0.82186012 -0.21741314  0.52657143] [-0.82186012 -0.52657143 -0.21741314] [ 0.52657143 -0.21741314  0.82186012] 0.6498108581825915 2.563757755271478 2.300407381481194
[ 0.11032652 -0.06493175  0.0231583 ] [-0.82186012 -0.21741314  0.52657143] [-0.82186012 -0.52657143 -0.21741314] [ 0.52657143 -0.21741314  0.82186012] 0.6559679848687107 2.559440793772202 2.2702106419219046
[ 0.0912065  -0.1211694   0.02909192] [-0.67342906  0.52059417  0.52485714] [-0.67342906 -0.52485714  0.52059417] [0.52485714 0.52059417 0.67342906] 0.9770371413523712 2.347044018527371 2.3662160979956366
[ 0.09965954 -0.08381086  0.02510713] [-0.84937463  0.07796625  0.522     ] [-0.84937463 -0.522       0.07796625] [0.522      0.07796625 0.84937463] 0.75067356564939 2.4960679485465147 2.2829132723123107
[-0.03190188 -0.06687543  0.01173888] [0.67924604 0.51646594 0.52142857] [ 0.67924604 -0.52142857  0.51646594] [ 0.52142857  0.51646594 -0.67924604] 1.0033429487803578 2.352933152925814 2.3357115440240315
[ 0.108332   -0.05329924  0.01840661] [-0.76006015 -0.39089546  0.51914286] [-0.76006015 -0.51914286 -0.39089546] [ 0.51914286 -0.39089546  0.76006015] 0.7981600979501879 2.466381956615228 2.2904038530648148
[ 0.07046214 -0.12281637  0.02842601] [-0.77360428  0.36579242  0.51742857] [-0.77360428 -0.51742857  0.36579242] [0.51742857 0.36579242 0.77360428] 0.7411016645611064 2.3275544084997324 2.502218192076593
[-0.0231002 -0.0865152  0.0201353] [0.81785079 0.25294025 0.51685714] [ 0.81785079 -0.51685714  0.25294025] [ 0.51685714  0.25294025 -0.81785079] 0.607411668877952 2.3021406445794024 2.59414855845621
[-0.00835181 -0.09208268  0.01889843] [0.81785079 0.25294025 0.51685714] [ 0.81785079 -0.51685714  0.25294025] [ 0.51685714  0.25294025 -0.81785079] 0.9076500772236659 2.38243375258761 2.4029743776120873
[ 0.13114457 -0.03346745  0.02206699] [-0.85077147 -0.10679019  0.51457143] [-0.85077147 -0.51457143 -0.10679019] [ 0.51457143 -0.10679019  0.85077147] 0.5724751645352992 2.620065271267925 2.3541967347409116
[-0.02897083 -0.10257651  0.02806397] [ 0.85773291 -0.04309993  0.51228571] [ 0.85773291 -0.51228571 -0.04309993] [ 0.51228571 -0.04309993 -0.85773291] 0.545296515847735 2.3242926283438825 2.6407750799295178
[ 0.09741431 -0.09113387  0.02815161] [-0.8384389   0.19214632  0.51      ] [-0.8384389  -0.51        0.19214632] [0.51       0.19214632 0.8384389 ] 0.8445377431103676 2.4386856173154037 2.328419755441124
[-0.00901239 -0.0839183   0.01430704] [0.74832613 0.42484177 0.50942857] [ 0.74832613 -0.50942857  0.42484177] [ 0.50942857  0.42484177 -0.74832613] 0.9793344592178228 2.3650421085017657 2.324172482747133
[ 0.1270317  -0.02328538  0.01978579] [-0.81215786 -0.28845403  0.50714286] [-0.81215786 -0.50714286 -0.28845403] [ 0.50714286 -0.28845403  0.81215786] 0.674836004875484 2.5463630048881623 2.346481841636793
[ 0.09965954 -0.08381086  0.02510713] [-0.86450163  0.00767425  0.50257143] [-0.86450163 -0.50257143  0.00767425] [0.50257143 0.00767425 0.86450163] 0.6706910950183411 2.5492164263828974 2.274384499424483
[ 0.10135948 -0.09389589  0.03035804] [-0.81188515  0.30469411  0.498     ] [-0.81188515 -0.498       0.30469411] [0.498      0.30469411 0.81188515] 0.9489795797537823 2.363551668617403 2.3807738760613573
[-0.00835181 -0.09208268  0.01889843] [0.80478096 0.32387101 0.49742857] [ 0.80478096 -0.49742857  0.32387101] [ 0.49742857  0.32387101 -0.80478096] 0.9206934103429755 2.34361340715727 2.395868998230651
[ 0.09708724 -0.07223513  0.01964337] [-0.85016974 -0.17901105  0.49514286] [-0.85016974 -0.49514286 -0.17901105] [ 0.49514286 -0.17901105  0.85016974] 0.5981089189407139 2.600972160674009 2.3557010996695413
[ 0.08785227 -0.1240855   0.0307694 ] [-0.66007935  0.56641283  0.49342857] [-0.66007935 -0.49342857  0.56641283] [0.49342857 0.56641283 0.66007935] 0.9711251277488055 2.3207279092494377 2.3692497179979015
[ 0.09741431 -0.09113387  0.02815161] [-0.86255337  0.12386023  0.49057143] [-0.86255337 -0.49057143  0.12386023] [0.49057143 0.12386023 0.86255337] 0.7420315957658072 2.5016182058949457 2.2751949749256895
[-0.00901239 -0.0839183   0.01430704] [0.71995188 0.491497   0.49      ] [ 0.71995188 -0.49        0.491497  ] [ 0.49        0.491497   -0.71995188] 1.0721333102579325 2.319804753973804 2.296870108929717
[ 0.07380219 -0.12655914  0.03042054] [-0.76997942  0.41344371  0.486     ] [-0.76997942 -0.486       0.41344371] [0.486      0.41344371 0.76997942] 0.7149298333048536 2.307841759347374 2.5193241326980695
[ 0.08125621 -0.12389591  0.03061683] [-0.76997942  0.41344371  0.486     ] [-0.76997942 -0.486       0.41344371] [0.486      0.41344371 0.76997942] 0.7858558479589375 2.307841759347374 2.4739432411954563
[-0.0231002 -0.0865152  0.0201353] [0.84734381 0.21533131 0.48542857] [ 0.84734381 -0.48542857  0.21533131] [ 0.48542857  0.21533131 -0.84734381] 0.5384048170525753 2.3590279423833476 2.646102604222999
[-0.00835181 -0.09208268  0.01889843] [0.84734381 0.21533131 0.48542857] [ 0.84734381 -0.48542857  0.21533131] [ 0.48542857  0.21533131 -0.84734381] 0.8236089920598605 2.43935595031095 2.4510281936260103
[ 0.09094297 -0.09318584  0.02517442] [-0.87315946 -0.06454091  0.48314286] [-0.87315946 -0.48314286 -0.06454091] [ 0.48314286 -0.06454091  0.87315946] 0.41372024922408696 2.7477220608398807 2.3129179655849157
[ 0.110853   -0.07501755  0.02453797] [-0.87315946 -0.06454091  0.48314286] [-0.87315946 -0.48314286 -0.06454091] [ 0.48314286 -0.06454091  0.87315946] 0.5381348298818214 2.6463119397032555 2.293099126833914
[ 0.09741431 -0.09113387  0.02815161] [-0.84472926  0.23958687  0.47857143] [-0.84472926 -0.47857143  0.23958687] [0.47857143 0.23958687 0.84472926] 0.8544413993500044 2.4329331191075916 2.3744754723638026
[-0.03865002 -0.07368308  0.01876594] [0.7849938  0.39408214 0.478     ] [ 0.7849938  -0.478       0.39408214] [ 0.478       0.39408214 -0.7849938 ] 0.764577068050791 2.375238446943455 2.4872346563388046
[-0.00835181 -0.09208268  0.01889843] [0.7849938  0.39408214 0.478     ] [ 0.7849938  -0.478       0.39408214] [ 0.478       0.39408214 -0.7849938 ] 0.9521241663142234 2.297610327746646 2.379121915429117
[ 0.10634733 -0.0608897   0.01978663] [-0.84282416 -0.25168106  0.47571429] [-0.84282416 -0.47571429 -0.25168106] [ 0.47571429 -0.25168106  0.84282416] 0.5988045795531792 2.6004599489393936 2.299865175940247
[ 0.09965954 -0.08381086  0.02510713] [-0.88047165  0.05285911  0.47114286] [-0.88047165 -0.47114286  0.05285911] [0.47114286 0.05285911 0.88047165] 0.6545629795586012 2.5604237460792643 2.326254479331986
[-0.02821841 -0.08180571  0.01946535] [0.68517504 0.55596556 0.47057143] [ 0.68517504 -0.47057143  0.55596556] [ 0.47057143  0.55596556 -0.68517504] 0.9169628030327448 2.312542613593231 2.3978918363452664
[ 0.1101706  -0.08338758  0.0271416 ] [-0.81113843  0.352655    0.46657143] [-0.81113843 -0.46657143  0.352655  ] [0.46657143 0.352655   0.81113843] 0.7459562575499242 2.4990919136215144 2.360130099964941
[-0.04000362 -0.0844046   0.02307897] [0.83660806 0.28797735 0.466     ] [ 0.83660806 -0.466       0.28797735] [ 0.466       0.28797735 -0.83660806] 0.6423343244923139 2.2980654645803797 2.569032544607644
[-0.00835181 -0.09208268  0.01889843] [0.83660806 0.28797735 0.466     ] [ 0.83660806 -0.466       0.28797735] [ 0.466       0.28797735 -0.83660806] 0.8298992649080172 2.4009715691646885 2.447291812941482
[ 0.09094297 -0.09318584  0.02517442] [-0.87516512 -0.13804014  0.46371429] [-0.87516512 -0.46371429 -0.13804014] [ 0.46371429 -0.13804014  0.87516512] 0.40294224427691816 2.7569597815875126 2.285777721478917
[ 0.11032652 -0.06493175  0.0231583 ] [-0.87516512 -0.13804014  0.46371429] [-0.87516512 -0.46371429 -0.13804014] [ 0.46371429 -0.13804014  0.87516512] 0.5249921938742087 2.656559117904331 2.278805927301001
[ 0.08785227 -0.1240855   0.0307694 ] [-0.64268188  0.61115955  0.462     ] [-0.64268188 -0.462       0.61115955] [0.462      0.61115955 0.64268188] 0.9308703743592418 2.2897613050151415 2.3903888642247533
[ 0.0984476 -0.122721   0.0295303] [-0.64268188  0.61115955  0.462     ] [-0.64268188 -0.462       0.61115955] [0.462      0.61115955 0.64268188] 1.0109857318029596 2.2897613050151415 2.349139031795234
[ 0.09741431 -0.09113387  0.02815161] [-0.87174751  0.1710091   0.45914286] [-0.87174751 -0.45914286  0.1710091 ] [0.45914286 0.1710091  0.87174751] 0.744202987570829 2.5002193143664453 2.3753926767099776
[-0.00901239 -0.0839183   0.01430704] [0.75856638 0.46291392 0.45857143] [ 0.75856638 -0.45857143  0.46291392] [ 0.45857143  0.46291392 -0.75856638] 0.9562017423151393 2.3769875345803713 2.353266290846462
[ 0.08125621 -0.12389591  0.03061683] [-0.76219737  0.46089043  0.45457143] [-0.76219737 -0.45457143  0.46089043] [0.45457143 0.46089043 0.76219737] 0.7653122061389637 2.283159765063628 2.4867708878640915
[-0.02904449 -0.09310167  0.02451203] [0.87363335 0.17506792 0.454     ] [ 0.87363335 -0.454       0.17506792] [ 0.454       0.17506792 -0.87363335] 0.4759098490892621 2.3276946028842467 2.695809570194787
[ 0.09965954 -0.08381086  0.02510713] [-0.89193288 -0.02024693  0.45171429] [-0.89193288 -0.45171429 -0.02024693] [ 0.45171429 -0.02024693  0.89193288] 0.5813902574657733 2.6133765337265613 2.3115570435288655
[-0.03962583 -0.06454092  0.01485567] [0.64421563 0.61762152 0.45114286] [ 0.64421563 -0.45114286  0.61762152] [ 0.45114286  0.61762152 -0.64421563] 1.1251188223918542 2.275600240361197 2.2957935712357003
[ 0.09741431 -0.09113387  0.02815161] [-0.84693472  0.28768879  0.44714286] [-0.84693472 -0.44714286  0.28768879] [0.44714286 0.28768879 0.84693472] 0.8754063072298414 2.420939925800349 2.4178219189356738
[-0.01673079 -0.09041551  0.01960286] [0.81909559 0.36007829 0.44657143] [ 0.81909559 -0.44657143  0.36007829] [ 0.44657143  0.36007829 -0.81909559] 0.853985265619343 2.276590221745194 2.43319682894047
[ 0.0984476 -0.122721   0.0295303] [-0.6986245   0.5621871   0.44257143] [-0.6986245  -0.44257143  0.5621871 ] [0.44257143 0.5621871  0.6986245 ] 0.9030597740039346 2.366599190338345 2.40549698499337
[ 0.09741431 -0.09113387  0.02815161] [-0.89260551  0.09953262  0.43971429] [-0.89260551 -0.43971429  0.09953262] [0.43971429 0.09953262 0.89260551] 0.6490059104338186 2.564323929613286 2.3159606109233204
[-0.00901239 -0.0839183   0.01430704] [0.72563862 0.52971893 0.43914286] [ 0.72563862 -0.43914286  0.52971893] [ 0.43914286  0.52971893 -0.72563862] 1.061110842879126 2.3249610508106677 2.3190971130613733
[-0.04000362 -0.0844046   0.02307897] [0.86545526 0.24926865 0.43457143] [ 0.86545526 -0.43457143  0.24926865] [ 0.43457143  0.24926865 -0.86545526] 0.569555142414853 2.355213417587132 2.62226730271902
[ 0.09094297 -0.09318584  0.02517442] [-0.89673679 -0.09482712  0.43228571] [-0.89673679 -0.43228571 -0.09482712] [ 0.43228571 -0.09482712  0.89673679] 0.3520939258042623 2.8014609871525433 2.341991616004937
[ 0.11032652 -0.06493175  0.0231583 ] [-0.89673679 -0.09482712  0.43228571] [-0.89673679 -0.43228571 -0.09482712] [ 0.43228571 -0.09482712  0.89673679] 0.4706226601715488 2.7001292340181804 2.3321698346565936
[ 0.09741431 -0.09113387  0.02815161] [-0.87696571  0.21906991  0.42771429] [-0.87696571 -0.42771429  0.21906991] [0.42771429 0.21906991 0.87696571] 0.7569746322888816 2.4920500499264744 2.422767061871582
[-0.03865002 -0.07368308  0.01876594] [0.79486433 0.43097527 0.42714286] [ 0.79486433 -0.42714286  0.43097527] [ 0.42714286  0.43097527 -0.79486433] 0.732497751449015 2.388468262743517 2.507794751270195
[ 0.09741431 -0.09113387  0.02815161] [-0.90702617  0.02575742  0.42028571] [-0.90702617 -0.42028571  0.02575742] [0.42028571 0.02575742 0.90702617] 0.3423415780811139 2.810164052561311 2.2984492526253226
[ 0.09965954 -0.08381086  0.02510713] [-0.90702617  0.02575742  0.42028571] [-0.90702617 -0.42028571  0.02575742] [0.42028571 0.02575742 0.90702617] 0.5676288792252195 2.6237229573163523 2.3645928661617015
[-0.02928354 -0.0744047   0.01546225] [0.68641175 0.59386769 0.41971429] [ 0.68641175 -0.41971429  0.59386769] [ 0.41971429  0.59386769 -0.68641175] 0.9144540786897047 2.3137621683125698 2.399256369923346
[-0.03962583 -0.06454092  0.01485567] [0.68641175 0.59386769 0.41971429] [ 0.68641175 -0.41971429  0.59386769] [ 0.41971429  0.59386769 -0.68641175] 1.00343407738125 2.3321878974409955 2.3528877427589965
[ 0.13104    -0.04447348  0.02262234] [-0.84510774  0.33611686  0.41571429] [-0.84510774 -0.41571429  0.33611686] [0.41571429 0.33611686 0.84510774] 0.5947713295411707 2.6034339804106237 2.3362346748062115
[-0.01673079 -0.09041551  0.01960286] [0.85044378 0.32311265 0.41514286] [ 0.85044378 -0.41514286  0.32311265] [ 0.41514286  0.32311265 -0.85044378] 0.7663323801736415 2.3343483524768605 2.4861278469006622
[ 0.0984476 -0.122721   0.0295303] [-0.68007517  0.6070085   0.41114286] [-0.68007517 -0.41114286  0.6070085 ] [0.41114286 0.6070085  0.68007517] 0.8913013942720204 2.3326944603738755 2.412011597204475
[ 0.110853   -0.07501755  0.02453797] [-0.90088195  0.14735837  0.40828571] [-0.90088195 -0.40828571  0.14735837] [0.40828571 0.14735837 0.90088195] 0.48771619138249245 2.6862276407157886 2.3599436981101656
[-0.00901239 -0.0839183   0.01430704] [0.76403513 0.50001938 0.40771429] [ 0.76403513 -0.40771429  0.50001938] [ 0.40771429  0.50001938 -0.76403513] 0.9462075443459373 2.3822344310052364 2.3763245554106263
[-0.01908505 -0.08386583  0.01714713] [0.76403513 0.50001938 0.40771429] [ 0.76403513 -0.40771429  0.50001938] [ 0.40771429  0.50001938 -0.76403513] 0.9574717030414718 2.331074784923157 2.3763245554106263
[ 0.13214006 -0.02312311  0.02241146] [-0.84038517 -0.35969494  0.40542857] [-0.84038517 -0.40542857 -0.35969494] [ 0.40542857 -0.35969494  0.84038517] 0.6101434036291915 2.5921554789692043 2.2752137977654523
[-0.01673079 -0.09041551  0.01960286] [0.89117485 0.20804622 0.40314286] [ 0.89117485 -0.40314286  0.20804622] [ 0.40314286  0.20804622 -0.89117485] 0.678009325992365 2.436420485188859 2.544185839946586
[ 0.09741431 -0.09113387  0.02815161] [-0.91479182 -0.04969377  0.40085714] [-0.91479182 -0.40085714 -0.04969377] [ 0.40085714 -0.04969377  0.91479182] 0.3092099925377398 2.8401152348720147 2.271064800290599
[ 0.11032652 -0.06493175  0.0231583 ] [-0.91479182 -0.04969377  0.40085714] [-0.91479182 -0.40085714 -0.04969377] [ 0.40085714 -0.04969377  0.91479182] 0.42410826970562926 2.738884898533552 2.384355144354232
[-0.00901239 -0.0839183   0.01430704] [0.64114614 0.65475413 0.40028571] [ 0.64114614 -0.40028571  0.65475413] [ 0.40028571  0.65475413 -0.64114614] 1.046005348442641 2.2965980910315853 2.332120176198016
[-0.03962583 -0.06454092  0.01485567] [0.64114614 0.65475413 0.40028571] [ 0.64114614 -0.40028571  0.65475413] [ 0.40028571  0.65475413 -0.64114614] 1.126844271966187 2.2718015176259754 2.2950327353590785
[ 0.09741431 -0.09113387  0.02815161] [-0.87823066  0.26770979  0.39628571] [-0.87823066 -0.39628571  0.26770979] [0.39628571 0.26770979 0.87823066] 0.780150045977196 2.4774804239861723 2.4676581439288023
[-0.01673079 -0.09041551  0.01960286] [0.82863768 0.39594167 0.39571429] [ 0.82863768 -0.39571429  0.39594167] [ 0.39571429  0.39594167 -0.82863768] 0.8009936123066552 2.283337347405189 2.4646534901998125
[ 0.09741431 -0.09113387  0.02815161] [-0.91838992  0.07314422  0.38885714] [-0.91838992 -0.38885714  0.07314422] [0.38885714 0.07314422 0.91838992] 0.32331746640471115 2.8272906468593106 2.3519238787213617
[ 0.09965954 -0.08381086  0.02510713] [-0.91838992  0.07314422  0.38885714] [-0.91838992 -0.38885714  0.07314422] [0.38885714 0.07314422 0.91838992] 0.5643533254586645 2.6262037872502413 2.3490372887201905
[-0.00901239 -0.0839183   0.01430704] [0.72679041 0.56657736 0.38828571] [ 0.72679041 -0.38828571  0.56657736] [ 0.38828571  0.56657736 -0.72679041] 1.0390456731480264 2.3240431374457042 2.3354551827351275
[-0.01673079 -0.09041551  0.01960286] [0.8788681  0.28346817 0.38371429] [ 0.8788681  -0.38371429  0.28346817] [ 0.38371429  0.28346817 -0.8788681 ] 0.6877086574108994 2.392381102082478 2.537570979875542
[ 0.10322133 -0.12260233  0.030301  ] [-0.65781451  0.65045917  0.37971429] [-0.65781451 -0.37971429  0.65045917] [0.37971429 0.65045917 0.65781451] 0.8154065596351819 2.2950158142529147 2.455935159108737
[-0.01673079 -0.09041551  0.01960286] [0.80013864 0.46710515 0.37628571] [ 0.80013864 -0.37628571  0.46710515] [ 0.37628571  0.46710515 -0.80013864] 0.6718916225302495 2.3889123130575878 2.548388837123257
[-0.01908505 -0.08386583  0.01714713] [0.80013864 0.46710515 0.37628571] [ 0.80013864 -0.37628571  0.46710515] [ 0.37628571  0.46710515 -0.80013864] 0.8536892071552737 2.3889123130575878 2.4333680562127653
[ 0.09741431 -0.09113387  0.02815161] [-0.92925442 -0.0029578   0.36942857] [-0.92925442 -0.36942857 -0.0029578 ] [ 0.36942857 -0.0029578   0.92925442] 0.27637149808170675 2.8703591658754455 2.326323351939309
[-0.00901239 -0.0839183   0.01430704] [0.6833722  0.63003718 0.36885714] [ 0.6833722  -0.36885714  0.63003718] [ 0.36885714  0.63003718 -0.6833722 ] 0.9318906327716865 2.33967462234758 2.389842532209532
[-0.01673079 -0.09041551  0.01960286] [0.85969583 0.35807681 0.36428571] [ 0.85969583 -0.36428571  0.35807681] [ 0.36428571  0.35807681 -0.85969583] 0.7150710768946728 2.3413953364267206 2.5192306697596925
[-0.00901239 -0.0839183   0.01430704] [0.76511009 0.53596597 0.35685714] [ 0.76511009 -0.35685714  0.53596597] [ 0.35685714  0.53596597 -0.76511009] 0.9251719183886925 2.331270515678764 2.393450540477607
[-0.01673079 -0.09041551  0.01960286] [0.83374032 0.43121993 0.34485714] [ 0.83374032 -0.34485714  0.43121993] [ 0.34485714  0.43121993 -0.83374032] 0.7600723277900117 2.2846670761815315 2.490083705462612
[ 0.09741431 -0.09113387  0.02815161] [-0.94006648  0.04506668  0.338     ] [-0.94006648 -0.338       0.04506668] [0.338      0.04506668 0.94006648] 0.2562881798158322 2.8891118623717533 2.383041489515201
[-0.02928354 -0.0744047   0.01546225] [0.72377551 0.60190611 0.33742857] [ 0.72377551 -0.33742857  0.60190611] [ 0.33742857  0.60190611 -0.72377551] 0.8240114620175409 2.275814509554517 2.4507884374092432
[-0.01908505 -0.08386583  0.01714713] [0.72377551 0.60190611 0.33742857] [ 0.72377551 -0.33742857  0.60190611] [ 0.33742857  0.60190611 -0.72377551] 0.9773878457240489 2.3660367044543213 2.3461643263778793
[-0.01908505 -0.08386583  0.01714713] [0.88786589 0.31764804 0.33285714] [ 0.88786589 -0.33285714  0.31764804] [ 0.33285714  0.31764804 -0.88786589] 0.6371805447394225 2.510938564426392 2.572689551054422
[ 0.10322133 -0.12260233  0.030301  ] [-0.69214773  0.64248307  0.32885714] [-0.69214773 -0.32885714  0.64248307] [0.32885714 0.64248307 0.69214773] 0.7173360023901345 2.3342135086546403 2.5177336411396487
[-0.01673079 -0.09041551  0.01960286] [0.80114578 0.50225659 0.32542857] [ 0.80114578 -0.32542857  0.50225659] [ 0.32542857  0.50225659 -0.80114578] 0.6544792055992062 2.389135740526135 2.5604823949765434
[-0.0231002 -0.0865152  0.0201353] [0.80114578 0.50225659 0.32542857] [ 0.80114578 -0.32542857  0.50225659] [ 0.32542857  0.50225659 -0.80114578] 0.8229064746891219 2.33791035611211 2.4514469187050807
[-0.0231002 -0.0865152  0.0201353] [0.67641624 0.66433205 0.318     ] [ 0.67641624 -0.318       0.66433205] [ 0.318       0.66433205 -0.67641624] 0.8949604808373527 2.299468169084028 2.40997615013928
[-0.01908505 -0.08386583  0.01714713] [0.67641624 0.66433205 0.318     ] [ 0.67641624 -0.318       0.66433205] [ 0.318       0.66433205 -0.67641624] 0.9354582341281452 2.299468169084028 2.3879365046883247
[-0.02016943 -0.07711003  0.01288914] [0.67641624 0.66433205 0.318     ] [ 0.67641624 -0.318       0.66433205] [ 0.318       0.66433205 -0.67641624] 1.116826823963335 2.299468169084028 2.2927183089750307
[-0.01908505 -0.08386583  0.01714713] [0.86464871 0.39261322 0.31342857] [ 0.86464871 -0.31342857  0.39261322] [ 0.31342857  0.39261322 -0.86464871] 0.6749372200727097 2.456399045761504 2.546293463734891
[ 0.10322133 -0.12260233  0.030301  ] [-0.74797779  0.58718241  0.30942857] [-0.74797779 -0.30942857  0.58718241] [0.30942857 0.58718241 0.74797779] 0.637049450732734 2.41496298266412 2.5727827956376226
[-0.01673079 -0.09041551  0.01960286] [0.76211679 0.57056287 0.306     ] [ 0.76211679 -0.306       0.57056287] [ 0.306       0.57056287 -0.76211679] 0.7345335344835079 2.273319949252685 2.506471133980507
[-0.0457123  -0.07047725  0.0198711 ] [0.76211679 0.57056287 0.306     ] [ 0.76211679 -0.306       0.57056287] [ 0.306       0.57056287 -0.76211679] 0.7963258488757711 2.2774597871908937 2.46750341255332
[-0.01908505 -0.08386583  0.01714713] [0.76211679 0.57056287 0.306     ] [ 0.76211679 -0.306       0.57056287] [ 0.306       0.57056287 -0.76211679] 0.9043664645434467 2.273319949252685 2.4047777179212635
[ 0.10322133 -0.12260233  0.030301  ] [-0.66566323  0.68441852  0.29742857] [-0.66566323 -0.29742857  0.68441852] [0.29742857 0.68441852 0.66566323] 0.5086412426588077 2.2909927708234075 2.669463318294076
[-0.0231002 -0.0865152  0.0201353] [0.83468918 0.46568013 0.294     ] [ 0.83468918 -0.294       0.46568013] [ 0.294       0.46568013 -0.83468918] 0.7301228945485864 2.39586363935011 2.509342076201246
[-0.01908505 -0.08386583  0.01714713] [0.71691639 0.63553733 0.28657143] [ 0.71691639 -0.28657143  0.63553733] [ 0.28657143  0.63553733 -0.71691639] 0.8321103052349256 2.3558953106397937 2.4459839451606387
[-0.02016943 -0.07711003  0.01288914] [0.71691639 0.63553733 0.28657143] [ 0.71691639 -0.28657143  0.63553733] [ 0.28657143  0.63553733 -0.71691639] 0.9974163923141235 2.3558953106397937 2.351478851602684
[-0.01908505 -0.08386583  0.01714713] [0.89268994 0.35154042 0.282     ] [ 0.89268994 -0.282       0.35154042] [ 0.282       0.35154042 -0.89268994] 0.5970317117030275 2.5151118774451118 2.6017659230759658
[ 0.10322133 -0.12260233  0.030301  ] [-0.72430075  0.63095517  0.278     ] [-0.72430075 -0.278       0.63095517] [0.278      0.63095517 0.72430075] 0.42505788860159605 2.372081325606392 2.738080321414808
[-0.0231002 -0.0865152  0.0201353] [0.79817266 0.53621912 0.27457143] [ 0.79817266 -0.27457143  0.53621912] [ 0.27457143  0.53621912 -0.79817266] 0.8028448473411324 2.3306462533788426 2.463526800404872
[-0.0231002 -0.0865152  0.0201353] [0.66586353 0.69660638 0.26714286] [ 0.66586353 -0.26714286  0.69660638] [ 0.26714286  0.69660638 -0.66586353] 0.9494447528882329 2.285069418360946 2.3805291773638086
[-0.03190188 -0.06687543  0.01173888] [0.66586353 0.69660638 0.26714286] [ 0.66586353 -0.26714286  0.69660638] [ 0.26714286  0.69660638 -0.66586353] 0.9750646759378492 2.304799621676132 2.3672262329879272
[-0.02016943 -0.07711003  0.01288914] [0.66586353 0.69660638 0.26714286] [ 0.66586353 -0.26714286  0.69660638] [ 0.26714286  0.69660638 -0.66586353] 1.131944086297174 2.285069418360946 2.2927915793872105
[-0.0231002 -0.0865152  0.0201353] [0.86554902 0.42647526 0.26257143] [ 0.86554902 -0.26257143  0.42647526] [ 0.26257143  0.42647526 -0.86554902] 0.6451897728994407 2.454171274353034 2.5670137458686706
[-0.0457123  -0.07047725  0.0198711 ] [0.75534345 0.60362107 0.25514286] [ 0.75534345 -0.25514286  0.60362107] [ 0.25514286  0.60362107 -0.75534345] 0.8079885638762001 2.2735453272529047 2.460406928539485
[-0.01908505 -0.08386583  0.01714713] [0.75534345 0.60362107 0.25514286] [ 0.75534345 -0.25514286  0.60362107] [ 0.25514286  0.60362107 -0.75534345] 0.8901493692630583 2.412653969453638 2.410495952031002
[ 0.10322133 -0.12260233  0.030301  ] [-0.69728381  0.67305112  0.24657143] [-0.69728381 -0.24657143  0.67305112] [0.24657143 0.67305112 0.69728381] 0.43726644627000855 2.3265705282832347 2.7277856071972346
[-0.0231002 -0.0865152  0.0201353] [0.83173595 0.49909604 0.24314286] [ 0.83173595 -0.24314286  0.49909604] [ 0.24314286  0.49909604 -0.83173595] 0.71037484615339 2.3883132435577954 2.522344936098461
[-0.0231002 -0.0865152  0.0201353] [0.70650251 0.66730277 0.23571429] [ 0.70650251 -0.23571429  0.66730277] [ 0.23571429  0.66730277 -0.70650251] 0.8453506784619166 2.340928509040261 2.4382113067964446
[-0.02016943 -0.07711003  0.01288914] [0.70650251 0.66730277 0.23571429] [ 0.70650251 -0.23571429  0.66730277] [ 0.23571429  0.66730277 -0.70650251] 1.0058229142872683 2.340928509040261 2.3516988395889786
[ 0.108792   -0.1215575   0.03099445] [-0.7541417   0.61617888  0.22714286] [-0.7541417  -0.22714286  0.61617888] [0.22714286 0.61617888 0.7541417 ] 0.34168657384229945 2.4082996159158996 2.8107504623118373
[ 0.119137  -0.112376   0.0291929] [-0.7541417   0.61617888  0.22714286] [-0.7541417  -0.22714286  0.61617888] [0.22714286 0.61617888 0.7541417 ] 0.35631721954471274 2.2730100561318745 2.7977084906692706
[-0.0231002 -0.0865152  0.0201353] [0.79147589 0.56878628 0.22371429] [ 0.79147589 -0.22371429  0.56878628] [ 0.22371429  0.56878628 -0.79147589] 0.6508526005146357 2.318705137470266 2.563025645223759
[-0.01908505 -0.08386583  0.01714713] [0.79147589 0.56878628 0.22371429] [ 0.79147589 -0.22371429  0.56878628] [ 0.22371429  0.56878628 -0.79147589] 0.792706298954974 2.318705137470266 2.469722286666423
[-0.02016943 -0.07711003  0.01288914] [0.65200467 0.72671204 0.21628571] [ 0.65200467 -0.21628571  0.72671204] [ 0.21628571  0.72671204 -0.65200467] 1.082964713314436 2.314792769403092 2.2883357570089435
[ 0.108792   -0.1215575   0.03099445] [-0.66709998  0.71322589  0.21514286] [-0.66709998 -0.21514286  0.71322589] [0.21514286 0.71322589 0.66709998] 0.4503492716784109 2.2789154434160097 2.71685565721579
[-0.01908505 -0.08386583  0.01714713] [0.7450513  0.63495347 0.20428571] [ 0.7450513  -0.20428571  0.63495347] [ 0.20428571  0.63495347 -0.7450513 ] 0.7505810875196719 2.3969711185012654 2.496127098912315
[-0.04849465 -0.06361358  0.01880899] [0.7450513  0.63495347 0.20428571] [ 0.7450513  -0.20428571  0.63495347] [ 0.20428571  0.63495347 -0.7450513 ] 0.8291466902431799 2.2779870661524773 2.447737622399768
[-0.02821841 -0.08180571  0.01946535] [0.7450513  0.63495347 0.20428571] [ 0.7450513  -0.20428571  0.63495347] [ 0.20428571  0.63495347 -0.7450513 ] 0.8933619252713223 2.3091901022041945 2.410864471431304
[ 0.108792   -0.1215575   0.03099445] [-0.72673217  0.6584499   0.19571429] [-0.72673217 -0.19571429  0.6584499 ] [0.19571429 0.6584499  0.72673217] 0.35946268526921793 2.3605465475572256 2.7949201689898664
[-0.01908505 -0.08386583  0.01714713] [0.69279941 0.6970343  0.18485714] [ 0.69279941 -0.18485714  0.6970343 ] [ 0.18485714  0.6970343  -0.69279941] 0.8679252720369962 2.321706674141449 2.425191002228298
[-0.02016943 -0.07711003  0.01288914] [0.69279941 0.6970343  0.18485714] [ 0.69279941 -0.18485714  0.6970343 ] [ 0.18485714  0.6970343  -0.69279941] 1.0149733140760238 2.321706674141449 2.347170949865142
[-0.01908505 -0.08386583  0.01714713] [0.78129016 0.59975503 0.17285714] [ 0.78129016 -0.17285714  0.59975503] [ 0.17285714  0.59975503 -0.78129016] 0.6634960630406485 2.4530751326189257 2.5541956430125423
[-0.02016943 -0.07711003  0.01288914] [0.63510911 0.75449971 0.16542857] [ 0.63510911 -0.16542857  0.75449971] [ 0.16542857  0.75449971 -0.63510911] 1.13438170491261 2.2917243476805678 2.279738924906091
[ 0.108792   -0.1215575   0.03099445] [-0.69622071  0.69877531  0.16428571] [-0.69622071 -0.16428571  0.69877531] [0.16428571 0.69877531 0.69622071] 0.3883236364920001 2.3109463169233053 2.769599801638319
[-0.01908505 -0.08386583  0.01714713] [0.73148205 0.66437466 0.15342857] [ 0.73148205 -0.15342857  0.66437466] [ 0.15342857  0.66437466 -0.73148205] 0.7724036712112514 2.3768449278173267 2.4823140437926945
[-0.02016943 -0.07711003  0.01288914] [0.73148205 0.66437466 0.15342857] [ 0.73148205 -0.15342857  0.66437466] [ 0.15342857  0.66437466 -0.73148205] 0.9017622580568613 2.2910495230749457 2.4062121276855564
[-0.02928354 -0.0744047   0.01546225] [0.67605529 0.72456417 0.134     ] [ 0.67605529 -0.134       0.72456417] [ 0.134       0.72456417 -0.67605529] 1.0331859825958227 2.318704957630465 2.3382811279740263
[ 0.1113853  -0.09436403  0.02733353] [-0.88720896 -0.02170161 -0.46085714] [-0.88720896  0.46085714 -0.02170161] [-0.46085714 -0.02170161  0.88720896] 0.2543917070936004 2.6089943516884024 2.8908922557377785
[ 0.1113853  -0.09436403  0.02733353] [-0.8720851  -0.09377217 -0.48028571] [-0.8720851   0.48028571 -0.09377217] [-0.48028571 -0.09377217  0.8720851 ] 0.2701335477805249 2.6098113970144734 2.8761636960701904
[ 0.1113853  -0.09436403  0.02733353] [-0.87012504  0.02317737 -0.49228571] [-0.87012504  0.49228571  0.02317737] [-0.49228571  0.02317737  0.87012504] 0.3066327535072648 2.5579960329016975 2.8424692735291717
[ 0.1113853  -0.09436403  0.02733353] [-0.85063949 -0.16339552 -0.49971429] [-0.85063949  0.49971429 -0.16339552] [-0.49971429 -0.16339552  0.85063949] 0.3092626924951999 2.59754376970295 2.8400671346044093
[ 0.1113853  -0.09436403  0.02733353] [-0.8578075  -0.04811216 -0.51171429] [-0.8578075   0.51171429 -0.04811216] [-0.51171429 -0.04811216  0.8578075 ] 0.3107344309094862 2.563436225879588 2.8387244291448086
[ 0.1099848  -0.10308288  0.02405509] [-0.81963954  0.24827422 -0.51628571] [-0.81963954  0.51628571  0.24827422] [-0.51628571  0.24827422  0.81963954] 0.38914946949002016 2.39807707898951 2.7688823822805477
[ 0.1113853  -0.09436403  0.02733353] [-0.82316578 -0.22997563 -0.51914286] [-0.82316578  0.51914286 -0.22997563] [-0.51914286 -0.22997563  0.82316578] 0.3654927490962918 2.573247465852484 2.7895903935186155
[ 0.1099848  -0.10308288  0.02405509] [-0.8493226   0.06613977 -0.52371429] [-0.8493226   0.52371429  0.06613977] [-0.52371429  0.06613977  0.8493226 ] 0.39787235064138693 2.5052354102564154 2.7613291479830413
[ 0.1113853  -0.09436403  0.02733353] [-0.83914689 -0.11713142 -0.53114286] [-0.83914689  0.53114286 -0.11713142] [-0.53114286 -0.11713142  0.83914689] 0.33732255523630716 2.5567056295366744 2.8146634528765464
[ 0.1099848  -0.10308288  0.02405509] [-0.82559039  0.17723066 -0.53571429] [-0.82559039  0.53571429  0.17723066] [-0.53571429  0.17723066  0.82559039] 0.40011791774369754 2.429290030514963 2.7593919737938433
[-0.033438   -0.10719767  0.03021707] [-0.71222816  0.44813212 -0.54028571] [-0.71222816  0.54028571  0.44813212] [-0.54028571  0.44813212  0.71222816] 0.8991988967832673 2.322036383698153 2.407627673021157
[ 0.1113853  -0.09436403  0.02733353] [-0.83963005 -0.00414988 -0.54314286] [-0.83963005  0.54314286 -0.00414988] [-0.54314286 -0.00414988  0.83963005] 0.3599459452970378 2.514262698518714 2.794492273202053
[ 0.14109633 -0.06413072  0.02666117] [-0.70465461 -0.45315106 -0.546     ] [-0.70465461  0.546      -0.45315106] [-0.546      -0.45315106  0.70465461] 0.7361844566729796 2.497942220142755 2.505399630341742
[ 0.1099848  -0.10308288  0.02405509] [-0.78730659  0.2831208  -0.54771429] [-0.78730659  0.54771429  0.2831208 ] [-0.54771429  0.2831208   0.78730659] 0.44749208827577924 2.34112412971964 2.7192336114913864
[ 0.1113853  -0.09436403  0.02733353] [-0.8144214  -0.18327269 -0.55057143] [-0.8144214   0.55057143 -0.18327269] [-0.55057143 -0.18327269  0.8144214 ] 0.38243839716476175 2.538411555796328 2.7747239960184276
[ 0.14109633 -0.06413072  0.02666117] [-0.58747069 -0.59041934 -0.55342857] [-0.58747069  0.55342857 -0.59041934] [-0.55342857 -0.59041934  0.58747069] 0.9706853237932607 2.36947611100944 2.3273633766125448
[ 0.1099848  -0.10308288  0.02405509] [-0.82486507  0.10683647 -0.55514286] [-0.82486507  0.55514286  0.10683647] [-0.55514286  0.10683647  0.82486507] 0.4300770474693182 2.4511543578111055 2.733836919051797
[ 0.13246529 -0.07488905  0.0279663 ] [-0.75159281 -0.351773   -0.558     ] [-0.75159281  0.558      -0.351773  ] [-0.558      -0.351773    0.75159281] 0.8709718565274208 2.34866877775183 2.423455986190701
[-0.033438   -0.10719767  0.03021707] [-0.7354403   0.38189984 -0.55971429] [-0.7354403   0.55971429  0.38189984] [-0.55971429  0.38189984  0.7354403 ] 0.8595868739169948 2.357920356643395 2.4299665243985555
[ 0.10710025 -0.09213996  0.03034248] [-0.82357846 -0.07233196 -0.56257143] [-0.82357846  0.56257143 -0.07233196] [-0.56257143 -0.07233196  0.82357846] 0.3763090065221881 2.5119986147973092 2.7800822017524314
[ 0.14109633 -0.06413072  0.02666117] [-0.65452752 -0.50188072 -0.56542857] [-0.65452752  0.56542857 -0.50188072] [-0.56542857 -0.50188072  0.65452752] 0.8461926323218321 2.4377204659495266 2.432891120029174
[ 0.1099848  -0.10308288  0.02405509] [-0.79539543  0.21376411 -0.56714286] [-0.79539543  0.56714286  0.21376411] [-0.56714286  0.21376411  0.79539543] 0.4507873462112289 2.372955354673139 2.716491509058181
[ 0.10710025 -0.09213996  0.03034248] [-0.81758325  0.03775312 -0.57457143] [-0.81758325  0.57457143  0.03775312] [-0.57457143  0.03775312  0.81758325] 0.416020365301706 2.4628958083962824 2.745759701287951
[ 0.14109633 -0.06413072  0.02666117] [-0.70835665 -0.40596441 -0.57742857] [-0.70835665  0.57742857 -0.40596441] [-0.57742857 -0.40596441  0.70835665] 0.6961959338405161 2.487685303943477 2.531831665436227
[ 0.13246529 -0.07488905  0.0279663 ] [-0.70835665 -0.40596441 -0.57742857] [-0.70835665  0.57742857 -0.40596441] [-0.57742857 -0.40596441  0.70835665] 0.996489161299732 2.2908180298309953 2.3563603410559804
[-0.033438   -0.10719767  0.03021707] [-0.75204442  0.3146788  -0.57914286] [-0.75204442  0.57914286  0.3146788 ] [-0.57914286  0.3146788   0.75204442] 0.7141767531291646 2.3855397726640946 2.519822667690555
[ 0.1113853  -0.09436403  0.02733353] [-0.80143057 -0.13778624 -0.582     ] [-0.80143057  0.582      -0.13778624] [-0.582      -0.13778624  0.80143057] 0.4113034410846561 2.4987504833946317 2.7497874153901276
[ 0.14109633 -0.06413072  0.02666117] [-0.60073746 -0.54502901 -0.58485714] [-0.60073746  0.58485714 -0.54502901] [-0.58485714 -0.54502901  0.60073746] 0.9608949791883296 2.3745416286014676 2.361548485788031
[ 0.1099848  -0.10308288  0.02405509] [-0.79682862  0.14490722 -0.58657143] [-0.79682862  0.58657143  0.14490722] [-0.58657143  0.14490722  0.79682862] 0.47233704699713713 2.3960820745880516 2.6987266354775388
[-0.03285176 -0.111395    0.03032176] [-0.6958957   0.40777358 -0.59114286] [-0.6958957   0.59114286  0.40777358] [-0.59114286  0.40777358  0.6958957 ] 0.8167704412935141 2.3011777554282444 2.455116502822026
[ 0.10710025 -0.09213996  0.03034248] [-0.80392877 -0.02936889 -0.594     ] [-0.80392877  0.594      -0.02936889] [-0.594      -0.02936889  0.80392877] 0.42440632422643154 2.464139163226312 2.738632308727241
[ 0.14109633 -0.06413072  0.02666117] [-0.66081207 -0.45507028 -0.59685714] [-0.66081207  0.59685714 -0.45507028] [-0.59685714 -0.45507028  0.66081207] 0.8073387720633857 2.4321811609025477 2.4608001886735105
[ 0.1099848  -0.10308288  0.02405509] [-0.76199212  0.24714419 -0.59857143] [-0.76199212  0.59857143  0.24714419] [-0.59857143  0.24714419  0.76199212] 0.5089816924308239 2.3163893325693365 2.6691928816297326
[-0.04960962 -0.10000912  0.03025471] [ 0.72842402  0.3323045  -0.59914286] [0.72842402 0.59914286 0.3323045 ] [-0.59914286  0.3323045  -0.72842402] 0.5737059624885744 2.6191387675279145 2.469307433910402
[-0.04960962 -0.10000912  0.03025471] [ 0.79478653  0.06199549 -0.60371429] [0.79478653 0.60371429 0.06199549] [-0.60371429  0.06199549 -0.79478653] 0.435313180879098 2.7294265255570993 2.655331873319131
[ 0.14109633 -0.06413072  0.02666117] [-0.54387789 -0.58226765 -0.60428571] [-0.54387789  0.60428571 -0.58226765] [-0.60428571 -0.58226765  0.54387789] 1.0947062726343537 2.309420408612038 2.2915810788707773
[ 0.10710025 -0.09213996  0.03034248] [-0.79170758  0.07722114 -0.606     ] [-0.79170758  0.606       0.07722114] [-0.606       0.07722114  0.79170758] 0.4781208821893274 2.4097938436782735 2.694008385451547
[ 0.13246529 -0.07488905  0.0279663 ] [-0.70750569 -0.35878779 -0.60885714] [-0.70750569  0.60885714 -0.35878779] [-0.60885714 -0.35878779  0.70750569] 0.9852987128464847 2.2819670966173597 2.3620067769027138
[-0.033438   -0.10719767  0.03021707] [-0.7140193   0.34260614 -0.61057143] [-0.7140193   0.61057143  0.34260614] [-0.61057143  0.34260614  0.7140193 ] 0.7968092795161839 2.3292565055357946 2.4672076494682504
[-0.04960962 -0.10000912  0.03025471] [ 0.7575008   0.22955814 -0.61114286] [0.7575008  0.61114286 0.22955814] [-0.61114286  0.22955814 -0.7575008 ] 0.5058396571206666 2.671691586131767 2.499760391587596
[ 0.11974686 -0.09231339  0.024347  ] [-0.78414859 -0.09389558 -0.61342857] [-0.78414859  0.61342857 -0.09389558] [-0.61342857 -0.09389558  0.78414859] 0.7592672139712149 2.4550007733119426 2.490594208772806
[-0.04960962 -0.10000912  0.03025471] [ 0.78673867 -0.0440248  -0.61571429] [ 0.78673867  0.61571429 -0.0440248 ] [-0.61571429 -0.0440248  -0.78673867] 0.4679763694524698 2.702297894244726 2.627474432318266
[ 0.14109633 -0.06413072  0.02666117] [-0.6095091  -0.49868886 -0.61628571] [-0.6095091   0.61628571 -0.49868886] [-0.61628571 -0.49868886  0.6095091 ] 0.930242542126298 2.3730041991035935 2.390725334752436
[-0.04960962 -0.10000912  0.03025471] [ 0.68548923  0.38402331 -0.61857143] [0.68548923 0.61857143 0.38402331] [-0.61857143  0.38402331 -0.68548923] 0.8900285955990739 2.327095870321878 2.4127213557547837
[-0.04960962 -0.10000912  0.03025471] [ 0.77205546  0.12499337 -0.62314286] [0.77205546 0.62314286 0.12499337] [-0.62314286  0.12499337 -0.77205546] 0.4754654641835963 2.6961719550973293 2.6244215056373985
[ 0.10710025 -0.09213996  0.03034248] [-0.7801986   0.01136885 -0.62542857] [-0.7801986   0.62542857  0.01136885] [-0.62542857  0.01136885  0.7801986 ] 0.4804061480739903 2.4136933872011292 2.69214998281
[ 0.14109633 -0.06413072  0.02666117] [-0.66244134 -0.40795654 -0.62828571] [-0.66244134  0.62828571 -0.40795654] [-0.62828571 -0.40795654  0.66244134] 0.772203864493211 2.419681334314937 2.4824392004396483
[-0.04960962 -0.10000912  0.03025471] [ 0.72165208  0.28565355 -0.63057143] [0.72165208 0.63057143 0.28565355] [-0.63057143  0.28565355 -0.72165208] 0.5788775777929626 2.615256500505851 2.452819654286871
[ 0.11974686 -0.09231339  0.024347  ] [-0.7585514  -0.15521474 -0.63285714] [-0.7585514   0.63285714 -0.15521474] [-0.63285714 -0.15521474  0.7585514 ] 0.8375785219061367 2.436079747861503 2.4427615916029928
[-0.04960962 -0.10000912  0.03025471] [ 0.77211817  0.02066595 -0.63514286] [0.77211817 0.63514286 0.02066595] [-0.63514286  0.02066595 -0.77211817] 0.4846286407810841 2.6887249239496724 2.613885287848501
[ 0.14109633 -0.06413072  0.02666117] [-0.55503814 -0.53646995 -0.63571429] [-0.55503814  0.63571429 -0.53646995] [-0.63571429 -0.53646995  0.55503814] 1.0676587869636862 2.3112897063765905 2.3218910942885724
[-0.03285176 -0.111395    0.03032176] [-0.67340969  0.3665452  -0.642     ] [-0.67340969  0.642       0.3665452 ] [-0.642       0.3665452   0.67340969] 0.8895083723635132 2.272675418419844 2.413011709462364
[-0.04960962 -0.10000912  0.03025471] [ 0.74368432  0.18448739 -0.64257143] [0.74368432 0.64257143 0.18448739] [-0.64257143  0.18448739 -0.74368432] 0.529728947490356 2.652853055211479 2.471544201564643
[ 0.11974686 -0.09231339  0.024347  ] [-0.76253214 -0.05200003 -0.64485714] [-0.76253214  0.64485714 -0.05200003] [-0.64485714 -0.05200003  0.76253214] 0.8033754552745028 2.407779978602048 2.463204239626211
[ 0.14109633 -0.06413072  0.02666117] [-0.61353203 -0.45171302 -0.64771429] [-0.61353203  0.64771429 -0.45171302] [-0.64771429 -0.45171302  0.61353203] 0.8876446442530314 2.3646422377590013 2.4140531496988755
[-0.05037445 -0.10514088  0.02798828] [ 0.68108663  0.33707714 -0.65      ] [0.68108663 0.65       0.33707714] [-0.65        0.33707714 -0.68108663] 0.6623080138079891 2.5550209986971084 2.400714350415891
[-0.0587458  -0.09191128  0.03026786] [ 0.68108663  0.33707714 -0.65      ] [0.68108663 0.65       0.33707714] [-0.65        0.33707714 -0.68108663] 0.7507824897710459 2.349366997477176 2.4959982858200056
[ 0.11974686 -0.09231339  0.024347  ] [-0.72750575 -0.212741   -0.65228571] [-0.72750575  0.65228571 -0.212741  ] [-0.65228571 -0.212741    0.72750575] 0.8978903716958464 2.4083516621036383 2.288703843676333
[-0.04960962 -0.10000912  0.03025471] [ 0.75147914  0.08255511 -0.65457143] [0.75147914 0.65457143 0.08255511] [-0.65457143  0.08255511 -0.75147914] 0.5176515970407892 2.6623310384909837 2.5888372865293374
[ 0.1113853  -0.09436403  0.02733353] [-0.75239042  0.04947073 -0.65685714] [-0.75239042  0.65685714  0.04947073] [-0.65685714  0.04947073  0.75239042] 0.5437621940071228 2.3610964364265943 2.6419585024989956
[-0.05037445 -0.10514088  0.02798828] [ 0.71007074  0.23990735 -0.662     ] [0.71007074 0.662      0.23990735] [-0.662       0.23990735 -0.71007074] 0.5962463225108326 2.602345127993799 2.429457113001668
[-0.0587458  -0.09191128  0.03026786] [ 0.71007074  0.23990735 -0.662     ] [0.71007074 0.662      0.23990735] [-0.662       0.23990735 -0.71007074] 0.6892739104174657 2.431292477798747 2.5365090860035
[ 0.11974686 -0.09231339  0.024347  ] [-0.73900165 -0.11225438 -0.66428571] [-0.73900165  0.66428571 -0.11225438] [-0.66428571 -0.11225438  0.73900165] 0.8768194299554976 2.3924632598542686 2.4201404554433688
[-0.05037445 -0.10514088  0.02798828] [ 0.74522059 -0.01813279 -0.66657143] [ 0.74522059  0.66657143 -0.01813279] [-0.66657143 -0.01813279 -0.74522059] 0.4176663893344159 2.744357348042284 2.567809786034246
[-0.04960962 -0.10000912  0.03025471] [ 0.74522059 -0.01813279 -0.66657143] [ 0.74522059  0.66657143 -0.01813279] [-0.66657143 -0.01813279 -0.74522059] 0.5426185620349556 2.642841577942781 2.567809786034246
[ 0.14109633 -0.06413072  0.02666117] [-0.56136564 -0.48968258 -0.66714286] [-0.56136564  0.66714286 -0.48968258] [-0.66714286 -0.48968258  0.56136564] 1.0159748107281035 2.3064913713027537 2.346677890184858
[-0.0587458  -0.09191128  0.03026786] [ 0.63631934  0.38335764 -0.66942857] [0.63631934 0.66942857 0.38335764] [-0.66942857  0.38335764 -0.63631934] 0.8496973704415924 2.2821028128521004 2.4356816540487602
[-0.06002707 -0.09395453  0.02871055] [ 0.63631934  0.38335764 -0.66942857] [0.63631934 0.66942857 0.38335764] [-0.66942857  0.38335764 -0.63631934] 1.0197777282755593 2.2821028128521004 2.344810117487521
[-0.05037445 -0.10514088  0.02798828] [ 0.72514594  0.14102259 -0.674     ] [0.72514594 0.674      0.14102259] [-0.674       0.14102259 -0.72514594] 0.5652946521311638 2.625490134470028 2.437283608707091
[-0.0587458  -0.09191128  0.03026786] [ 0.72514594  0.14102259 -0.674     ] [0.72514594 0.674      0.14102259] [-0.674       0.14102259 -0.72514594] 0.6635774295239385 2.500683839086645 2.5541391495348633
[-0.05037445 -0.10514088  0.02798828] [ 0.72537662 -0.11562688 -0.67857143] [ 0.72537662  0.67857143 -0.11562688] [-0.67857143 -0.11562688 -0.72537662] 0.4110977027473866 2.749963397612809 2.5243436562915873
[ 0.14109633 -0.06413072  0.02666117] [-0.61253411 -0.40443411 -0.67914286] [-0.61253411  0.67914286 -0.40443411] [-0.67914286 -0.40443411  0.61253411] 0.8583926644252285 2.349358219594855 2.4306536955148927
[-0.0587458  -0.09191128  0.03026786] [ 0.67166877  0.29071664 -0.68142857] [0.67166877 0.68142857 0.29071664] [-0.68142857  0.29071664 -0.67166877] 0.7701099782790228 2.3652136775051815 2.483752242877217
[ 0.11974686 -0.09231339  0.024347  ] [-0.70996195 -0.16878625 -0.68371429] [-0.70996195  0.68371429 -0.16878625] [-0.68371429 -0.16878625  0.70996195] 0.9665208801623891 2.3685016500989864 2.37162473539975
[-0.05037445 -0.10514088  0.02798828] [ 0.72636402  0.0424183  -0.686     ] [0.72636402 0.686      0.0424183 ] [-0.686       0.0424183  -0.72636402] 0.47851435203761045 2.6936881756760824 2.547456911974428
[-0.04960962 -0.10000912  0.03025471] [ 0.72636402  0.0424183  -0.686     ] [0.72636402 0.686      0.0424183 ] [-0.686       0.0424183  -0.72636402] 0.5700419341998287 2.621899821272848 2.547456911974428
[ 0.1113853  -0.09436403  0.02733353] [-0.72050183  0.08449783 -0.68828571] [-0.72050183  0.68828571  0.08449783] [-0.68828571  0.08449783  0.72050183] 0.6145357634579588 2.3066717199538624 2.5889609416414956
[-0.05037445 -0.10514088  0.02798828] [ 0.69350332  0.19547368 -0.69342857] [0.69350332 0.69342857 0.19547368] [-0.69342857  0.19547368 -0.69350332] 0.6259890203944846 2.5806897950922445 2.3995544332070713
[-0.0587458  -0.09191128  0.03026786] [ 0.69350332  0.19547368 -0.69342857] [0.69350332 0.69342857 0.19547368] [-0.69342857  0.19547368 -0.69350332] 0.7264325637331964 2.437461733969146 2.511753445596158
[ 0.11974686 -0.09231339  0.024347  ] [-0.71475425 -0.07147024 -0.69571429] [-0.71475425  0.69571429 -0.07147024] [-0.69571429 -0.07147024  0.71475425] 0.9298506779693025 2.3450313390014426 2.3909354510819276
[-0.05037445 -0.10514088  0.02798828] [ 0.71406243 -0.05395226 -0.698     ] [ 0.71406243  0.698      -0.05395226] [-0.698      -0.05395226 -0.71406243] 0.45286832636101104 2.7147633333947447 2.5179493115877163
[ 0.14109633 -0.06413072  0.02666117] [-0.56253341 -0.44221502 -0.69857143] [-0.56253341  0.69857143 -0.44221502] [-0.69857143 -0.44221502  0.56253341] 0.9792584473609651 2.2947777809631615 2.3650809094313066
[-0.0587458  -0.09191128  0.03026786] [ 0.62898606  0.33641611 -0.70085714] [0.62898606 0.70085714 0.33641611] [-0.70085714  0.33641611 -0.62898606] 0.8641061903545436 2.2997865594192306 2.427373356593295
[-0.05037445 -0.10514088  0.02798828] [ 0.70174794  0.09960103 -0.70542857] [0.70174794 0.70542857 0.09960103] [-0.70542857  0.09960103 -0.70174794] 0.6123554935376001 2.59054507690494 2.397513401771472
[-0.0587458  -0.09191128  0.03026786] [ 0.70174794  0.09960103 -0.70542857] [0.70174794 0.70542857 0.09960103] [-0.70542857  0.09960103 -0.70174794] 0.7176543575580707 2.495402862089969 2.5175234778780347
[ 0.12995018 -0.08385913  0.02699678] [-0.60621204 -0.35720471 -0.71057143] [-0.60621204  0.71057143 -0.35720471] [-0.71057143 -0.35720471  0.60621204] 1.1510337815551777 2.2845023747868747 2.2730440608746854
[-0.0587458  -0.09191128  0.03026786] [ 0.65699432  0.24534295 -0.71285714] [0.65699432 0.71285714 0.24534295] [-0.71285714  0.24534295 -0.65699432] 0.8028634885583699 2.3738508734071404 2.463515465428155
[ 0.11974686 -0.09231339  0.024347  ] [-0.68739316 -0.12673333 -0.71514286] [-0.68739316  0.71514286 -0.12673333] [-0.71514286 -0.12673333  0.68739316] 1.0166639479581716 2.3240383681549526 2.3463388988318346
[-0.05037445 -0.10514088  0.02798828] [ 0.69661379  0.00504754 -0.71742857] [0.69661379 0.71742857 0.00504754] [-0.71742857  0.00504754 -0.69661379] 0.5073617512726224 2.6704803490766595 2.501119928855129
[-0.06002707 -0.09395453  0.02871055] [ 0.69661379  0.00504754 -0.71742857] [0.69661379 0.71742857 0.00504754] [-0.71742857  0.00504754 -0.69661379] 0.6325347682684486 2.576000763354724 2.501119928855129
[-0.0587458  -0.09191128  0.03026786] [ 0.67174173  0.15279125 -0.72485714] [0.67174173 0.72485714 0.15279125] [-0.72485714  0.15279125 -0.67174173] 0.7766697543550869 2.435447875387656 2.479647585775611
[ 0.11974686 -0.09231339  0.024347  ] [-0.68567643 -0.03333315 -0.72714286] [-0.68567643  0.72714286 -0.03333315] [-0.72714286 -0.03333315  0.68567643] 0.998239501062454 2.2941645017124737 2.355482861365153
[ 0.14109633 -0.06413072  0.02666117] [-0.55817031 -0.39439308 -0.73      ] [-0.55817031  0.73       -0.39439308] [-0.73       -0.39439308  0.55817031] 0.9576950040174408 2.275979564068659 2.3762080687381912
[-0.0587458  -0.09191128  0.03026786] [ 0.61611775  0.29009748 -0.73228571] [0.61611775 0.73228571 0.29009748] [-0.73228571  0.29009748 -0.61611775] 0.8931073575440077 2.3105143848648737 2.4110060656474883
[ 0.11974686 -0.09231339  0.024347  ] [-0.65484912 -0.17770045 -0.73457143] [-0.65484912  0.73457143 -0.17770045] [-0.73457143 -0.17770045  0.65484912] 1.1220066605846655 2.295425444060136 2.2971691778845225
[-0.0587458  -0.09191128  0.03026786] [ 0.67331811  0.06069821 -0.73685714] [0.67331811 0.73685714 0.06069821] [-0.73685714  0.06069821 -0.67331811] 0.7739323120737941 2.481357320970946 2.4749166793945885
[-0.0587458  -0.09191128  0.03026786] [ 0.63677435  0.20138818 -0.74428571] [0.63677435 0.74428571 0.20138818] [-0.74428571  0.20138818 -0.63677435] 0.8500567492610551 2.3745320313527065 2.435472990810396
[ 0.11974686 -0.09231339  0.024347  ] [-0.65958438 -0.08706058 -0.74657143] [-0.65958438  0.74657143 -0.08706058] [-0.74657143 -0.08706058  0.65958438] 1.0840752356978522 2.275303229945128 2.3142819531617356
[-0.05037445 -0.10514088  0.02798828] [ 0.66209467 -0.02904517 -0.74885714] [ 0.66209467  0.74885714 -0.02904517] [-0.74885714 -0.02904517 -0.66209467] 0.5489877312736893 2.637934294943169 2.45046422709015
[-0.0587458  -0.09191128  0.03026786] [ 0.64452451  0.11233908 -0.75628571] [0.64452451 0.75628571 0.11233908] [-0.75628571  0.11233908 -0.64452451] 0.8411149268573758 2.4247417673832894 2.4406868481017945
[-0.0587458  -0.09191128  0.03026786] [ 0.59733194  0.24481635 -0.76371429] [0.59733194 0.76371429 0.24481635] [-0.76371429  0.24481635 -0.59733194] 0.938155806340916 2.313449643620498 2.3864997970037236
[-0.0587458  -0.09191128  0.03026786] [ 0.61064153  0.15932443 -0.77571429] [0.61064153 0.77571429 0.15932443] [-0.77571429  0.15932443 -0.61064153] 0.913340867347574 2.3665702054858704 2.3998629556808817
[-0.06002707 -0.09395453  0.02871055] [ 0.61150092  0.0746514  -0.78771429] [0.61150092 0.78771429 0.0746514 ] [-0.78771429  0.0746514  -0.61150092] 0.9040422145107776 2.404956113950571 2.395275889493222
[-0.0587458  -0.09191128  0.03026786] [ 0.57213428  0.20102288 -0.79514286] [0.57213428 0.79514286 0.20102288] [-0.79514286  0.20102288 -0.57213428] 1.0015701074431522 2.307744545676106 2.3538173988677644
[-0.06002707 -0.09395453  0.02871055] [ 0.57809818  0.11967831 -0.80714286] [0.57809818 0.80714286 0.11967831] [-0.80714286  0.11967831 -0.57809818] 0.9955029977830527 2.3493220248229885 2.356855401046798
[-0.06002707 -0.09395453  0.02871055] [ 0.53984301  0.15921431 -0.82657143] [0.53984301 0.82657143 0.15921431] [-0.82657143  0.15921431 -0.53984301] 1.0791389191551681 2.3165568881032734 2.312838443704659
453.20927357673645
415
(1145, 3)
