[-0.04014206  0.05356095 -0.00115772] [ 0.01423268 -0.03660663  0.9992284 ] [ 0.01423268 -0.9992284  -0.03660663] [ 0.9992284  -0.03660663 -0.01423268]
[-0.04436135  0.04355737  0.00028777] [-0.06098302  0.03008891  0.99768519] [-0.06098302 -0.99768519  0.03008891] [0.99768519 0.03008891 0.06098302]
[-0.04436135  0.04355737  0.00028777] [0.08425872 0.02452821 0.99614198] [ 0.08425872 -0.99614198  0.02452821] [ 0.99614198  0.02452821 -0.08425872]
[-0.04436135  0.04355737  0.00028777] [-0.05388788 -0.08870959  0.99459877] [-0.05388788 -0.99459877 -0.08870959] [ 0.99459877 -0.08870959  0.05388788]
[-0.04436135  0.04355737  0.00028777] [-0.0228813   0.11539978  0.99305556] [-0.0228813  -0.99305556  0.11539978] [0.99305556 0.11539978 0.0228813 ]
[-0.04436135  0.04355737  0.00028777] [ 0.10479061 -0.07695581  0.99151235] [ 0.10479061 -0.99151235 -0.07695581] [ 0.99151235 -0.07695581 -0.10479061]
[-0.04436135  0.04355737  0.00028777] [-0.14045754 -0.01525742  0.98996914] [-0.14045754 -0.98996914 -0.01525742] [ 0.98996914 -0.01525742  0.14045754]
[-0.04436135  0.04355737  0.00028777] [0.10014145 0.1139556  0.98842593] [ 0.10014145 -0.98842593  0.1139556 ] [ 0.98842593  0.1139556  -0.10014145]
[-0.04436135  0.04355737  0.00028777] [ 0.00333586 -0.16140439  0.98688272] [ 0.00333586 -0.98688272 -0.16140439] [ 0.98688272 -0.16140439 -0.00333586]
[-0.04436135  0.04355737  0.00028777] [-0.11781682  0.12339066  0.98533951] [-0.11781682 -0.98533951  0.12339066] [0.98533951 0.12339066 0.11781682]
[-0.04436135  0.04355737  0.00028777] [ 0.1788891  -0.01198066  0.9837963 ] [ 0.1788891  -0.9837963  -0.01198066] [ 0.9837963  -0.01198066 -0.1788891 ]
[-0.04436135  0.04355737  0.00028777] [-0.14645815 -0.11717032  0.98225309] [-0.14645815 -0.98225309 -0.11717032] [ 0.98225309 -0.11717032  0.14645815]
[-0.04436135  0.04355737  0.00028777] [0.03006261 0.19314341 0.98070988] [ 0.03006261 -0.98070988  0.19314341] [ 0.98070988  0.19314341 -0.03006261]
[-0.04436135  0.04355737  0.00028777] [ 0.11250405 -0.16904283  0.97916667] [ 0.11250405 -0.97916667 -0.16904283] [ 0.97916667 -0.16904283 -0.11250405]
[-0.04436135  0.04355737  0.00028777] [-0.2042353   0.05040159  0.97762346] [-0.2042353  -0.97762346  0.05040159] [0.97762346 0.05040159 0.2042353 ]
[-0.04436135  0.04355737  0.00028777] [0.19082888 0.10417145 0.97608025] [ 0.19082888 -0.97608025  0.10417145] [ 0.97608025  0.10417145 -0.19082888]
[-0.04436135  0.04355737  0.00028777] [-0.07254983 -0.21216523  0.97453704] [-0.07254983 -0.97453704 -0.21216523] [ 0.97453704 -0.21216523  0.07254983]
[-0.04436135  0.04355737  0.00028777] [-0.09246518  0.21150225  0.97299383] [-0.09246518 -0.97299383  0.21150225] [0.97299383 0.21150225 0.09246518]
[-0.04436135  0.04355737  0.00028777] [ 0.21690998 -0.09609245  0.97145062] [ 0.21690998 -0.97145062 -0.09609245] [ 0.97145062 -0.09609245 -0.21690998]
[-0.04436135  0.04355737  0.00028777] [-0.23075892 -0.07765269  0.96990741] [-0.23075892 -0.96990741 -0.07765269] [ 0.96990741 -0.07765269  0.23075892]
[-0.04436135  0.04355737  0.00028777] [0.12063377 0.21844513 0.9683642 ] [ 0.12063377 -0.9683642   0.21844513] [ 0.9683642   0.21844513 -0.12063377]
[-0.04436135  0.04355737  0.00028777] [ 0.05999484 -0.24830988  0.96682099] [ 0.05999484 -0.96682099 -0.24830988] [ 0.96682099 -0.24830988 -0.05999484]
[-0.04436135  0.04355737  0.00028777] [-0.21675765  0.14579072  0.96527778] [-0.21675765 -0.96527778  0.14579072] [0.96527778 0.14579072 0.21675765]
[-0.04436135  0.04355737  0.00028777] [0.26388473 0.03975593 0.96373457] [ 0.26388473 -0.96373457  0.03975593] [ 0.96373457  0.03975593 -0.26388473]
[-0.04436135  0.04355737  0.00028777] [-0.17118979 -0.21185336  0.96219136] [-0.17118979 -0.96219136 -0.21185336] [ 0.96219136 -0.21185336  0.17118979]
[-0.04436135  0.04355737  0.00028777] [-0.01720904  0.27723453  0.96064815] [-0.01720904 -0.96064815  0.27723453] [0.96064815 0.27723453 0.01720904]
[-0.04436135  0.04355737  0.00028777] [ 0.20376146 -0.19646624  0.95910494] [ 0.20376146 -0.95910494 -0.19646624] [ 0.95910494 -0.19646624 -0.20376146]
[-0.04436135  0.04355737  0.00028777] [-0.28813425  0.00736144  0.95756173] [-0.28813425 -0.95756173  0.00736144] [0.95756173 0.00736144 0.28813425]
[-0.04436135  0.04355737  0.00028777] [0.22126458 0.19253721 0.95601852] [ 0.22126458 -0.95601852  0.19253721] [ 0.95601852  0.19253721 -0.22126458]
[-0.04436135  0.04355737  0.00028777] [-0.03365896 -0.29638482  0.95447531] [-0.03365896 -0.95447531 -0.29638482] [ 0.95447531 -0.29638482  0.03365896]
[-0.04436135  0.04355737  0.00028777] [-0.17826345  0.24523979  0.9529321 ] [-0.17826345 -0.9529321   0.24523979] [0.9529321  0.24523979 0.17826345]
[-0.04436135  0.04355737  0.00028777] [ 0.30181497 -0.06137515  0.95138889] [ 0.30181497 -0.95138889 -0.06137515] [ 0.95138889 -0.06137515 -0.30181497]
[-0.04436135  0.04355737  0.00028777] [-0.26805907 -0.16105129  0.94984568] [-0.26805907 -0.94984568 -0.16105129] [ 0.94984568 -0.16105129  0.26805907]
[-0.04436135  0.04355737  0.00028777] [0.09019099 0.30428278 0.94830247] [ 0.09019099 -0.94830247  0.30428278] [ 0.94830247  0.30428278 -0.09019099]
[-0.04436135  0.04355737  0.00028777] [ 0.14104005 -0.28940388  0.94675926] [ 0.14104005 -0.94675926 -0.28940388] [ 0.94675926 -0.28940388 -0.14104005]
[1.15365870e-02 1.37498750e-02 5.49836957e-05] [-0.30367703  0.11977847  0.94521605] [-0.30367703 -0.94521605  0.11977847] [0.94521605 0.11977847 0.30367703]
[-0.04436135  0.04355737  0.00028777] [0.30897213 0.11839676 0.94367284] [ 0.30897213 -0.94367284  0.11839676] [ 0.94367284  0.11839676 -0.30897213]
[-0.04436135  0.04355737  0.00028777] [-0.14980273 -0.29991816  0.94212963] [-0.14980273 -0.94212963 -0.29991816] [ 0.94212963 -0.29991816  0.14980273]
[-0.04436135  0.04355737  0.00028777] [-0.09331518  0.32648042  0.94058642] [-0.09331518 -0.94058642  0.32648042] [0.94058642 0.32648042 0.09331518]
[-0.04436135  0.04355737  0.00028777] [ 0.29295911 -0.17992446  0.93904321] [ 0.29295911 -0.93904321 -0.17992446] [ 0.93904321 -0.17992446 -0.29295911]
[1.15365870e-02 1.37498750e-02 5.49836957e-05] [-0.34166627 -0.06601447  0.9375    ] [-0.34166627 -0.9375     -0.06601447] [ 0.9375     -0.06601447  0.34166627]
[-0.04436135  0.04355737  0.00028777] [0.20980251 0.28278578 0.93595679] [ 0.20980251 -0.93595679  0.28278578] [ 0.93595679  0.28278578 -0.20980251]
[-0.04436135  0.04355737  0.00028777] [ 0.03673751 -0.3542903   0.93441358] [ 0.03673751 -0.93441358 -0.3542903 ] [ 0.93441358 -0.3542903  -0.03673751]
[-0.04436135  0.04355737  0.00028777] [-0.26941722  0.2390967   0.93287037] [-0.26941722 -0.93287037  0.2390967 ] [0.93287037 0.2390967  0.26941722]
[-0.04436135  0.04355737  0.00028777] [0.36413826 0.00574895 0.93132716] [ 0.36413826 -0.93132716  0.00574895] [ 0.93132716  0.00574895 -0.36413826]
[-0.04436135  0.04355737  0.00028777] [-0.26747069 -0.25290559  0.92978395] [-0.26747069 -0.92978395 -0.25290559] [ 0.92978395 -0.25290559  0.26747069]
[-0.04436135  0.04355737  0.00028777] [0.02666704 0.37102291 0.92824074] [ 0.02666704 -0.92824074  0.37102291] [ 0.92824074  0.37102291 -0.02666704]
[-0.04436135  0.04355737  0.00028777] [ 0.23333572 -0.29459485  0.92669753] [ 0.23333572 -0.92669753 -0.29459485] [ 0.92669753 -0.29459485 -0.23333572]
[1.15365870e-02 1.37498750e-02 5.49836957e-05] [-0.37478573  0.06020913  0.92515432] [-0.37478573 -0.92515432  0.06020913] [0.92515432 0.06020913 0.37478573]
[-0.04436135  0.04355737  0.00028777] [0.32014926 0.2108245  0.92361111] [ 0.32014926 -0.92361111  0.2108245 ] [ 0.92361111  0.2108245  -0.32014926]
[-0.04436135  0.04355737  0.00028777] [-0.09456155 -0.37529841  0.9220679 ] [-0.09456155 -0.9220679  -0.37529841] [ 0.9220679  -0.37529841  0.09456155]
[-0.04436135  0.04355737  0.00028777] [-0.18551989  0.3438265   0.92052469] [-0.18551989 -0.92052469  0.3438265 ] [0.92052469 0.3438265  0.18551989]
[-0.04436135  0.04355737  0.00028777] [ 0.37246409 -0.12939683  0.91898148] [ 0.37246409 -0.91898148 -0.12939683] [ 0.91898148 -0.12939683 -0.37246409]
[1.15365870e-02 1.37498750e-02 5.49836957e-05] [-0.36533457 -0.15759971  0.91743827] [-0.36533457 -0.91743827 -0.15759971] [ 0.91743827 -0.15759971  0.36533457]
[-0.04436135  0.04355737  0.00028777] [0.16437874 0.36621833 0.91589506] [ 0.16437874 -0.91589506  0.36621833] [ 0.91589506  0.36621833 -0.16437874]
[-0.04436135  0.04355737  0.00028777] [ 0.12727013 -0.38439954  0.91435185] [ 0.12727013 -0.91435185 -0.38439954] [ 0.91435185 -0.38439954 -0.12727013]
[1.15365870e-02 1.37498750e-02 5.49836957e-05] [-0.3565299   0.1991653   0.91280864] [-0.3565299  -0.91280864  0.1991653 ] [0.91280864 0.1991653  0.3565299 ]
[-0.04436135  0.04355737  0.00028777] [0.40076815 0.09476392 0.91126543] [ 0.40076815 -0.91126543  0.09476392] [ 0.91126543  0.09476392 -0.40076815]
[-0.04436135  0.04355737  0.00028777] [-0.23341195 -0.34340114  0.90972222] [-0.23341195 -0.90972222 -0.34340114] [ 0.90972222 -0.34340114  0.23341195]
[-0.04436135  0.04355737  0.00028777] [-0.06033844  0.41421028  0.90817901] [-0.06033844 -0.90817901  0.41421028] [0.90817901 0.41421028 0.06033844]
[-0.04436135  0.04355737  0.00028777] [ 0.3268682  -0.26677463  0.9066358 ] [ 0.3268682  -0.9066358  -0.26677463] [ 0.9066358  -0.26677463 -0.3268682 ]
[1.15365870e-02 1.37498750e-02 5.49836957e-05] [-0.42452114 -0.02427339  0.90509259] [-0.42452114 -0.90509259 -0.02427339] [ 0.90509259 -0.02427339  0.42452114]
[-0.04436135  0.04355737  0.00028777] [0.29891302 0.30700085 0.90354938] [ 0.29891302 -0.90354938  0.30700085] [ 0.90354938  0.30700085 -0.29891302]
[-0.04436135  0.04355737  0.00028777] [-0.01313159 -0.43152338  0.90200617] [-0.01313159 -0.90200617 -0.43152338] [ 0.90200617 -0.43152338  0.01313159]
[1.15365870e-02 1.37498750e-02 5.49836957e-05] [-0.28390207  0.32949365  0.90046296] [-0.28390207 -0.90046296  0.32949365] [0.90046296 0.32949365 0.28390207]
[-0.04436135  0.04355737  0.00028777] [ 0.43506883 -0.05155959  0.89891975] [ 0.43506883 -0.89891975 -0.05155959] [ 0.89891975 -0.05155959 -0.43506883]
[1.15365870e-02 1.37498750e-02 5.49836957e-05] [-0.35819306 -0.25770734  0.89737654] [-0.35819306 -0.89737654 -0.25770734] [ 0.89737654 -0.25770734  0.35819306]
[-0.04436135  0.04355737  0.00028777] [0.09067919 0.43504014 0.89583333] [ 0.09067919 -0.89583333  0.43504014] [ 0.89583333  0.43504014 -0.09067919]
[-0.04436135  0.04355737  0.00028777] [ 0.2285836  -0.38470081  0.89429012] [ 0.2285836  -0.89429012 -0.38470081] [ 0.89429012 -0.38470081 -0.2285836 ]
[1.15365870e-02 1.37498750e-02 5.49836957e-05] [-0.43135205  0.13014745  0.89274691] [-0.43135205 -0.89274691  0.13014745] [0.89274691 0.13014745 0.43135205]
[-0.04436135  0.04355737  0.00028777] [0.40872247 0.19672799 0.8912037 ] [ 0.40872247 -0.8912037   0.19672799] [ 0.8912037   0.19672799 -0.40872247]
[-0.04436135  0.04355737  0.00028777] [-0.16961291 -0.42395244  0.88966049] [-0.16961291 -0.88966049 -0.42395244] [ 0.88966049 -0.42395244  0.16961291]
[-0.04436135  0.04355737  0.00028777] [-0.16236625  0.42998243  0.88811728] [-0.16236625 -0.88811728  0.42998243] [0.88811728 0.42998243 0.16236625]
[-0.04436135  0.04355737  0.00028777] [ 0.41282306 -0.20871879  0.88657407] [ 0.41282306 -0.88657407 -0.20871879] [ 0.88657407 -0.20871879 -0.41282306]
[1.15365870e-02 1.37498750e-02 5.49836957e-05] [-0.44822659 -0.12575093  0.88503086] [-0.44822659 -0.88503086 -0.12575093] [ 0.88503086 -0.12575093  0.44822659]
[-0.04436135  0.04355737  0.00028777] [0.24710618 0.39798002 0.88348765] [ 0.24710618 -0.88348765  0.39798002] [ 0.88348765  0.39798002 -0.24710618]
[-0.04436135  0.04355737  0.00028777] [ 0.08715928 -0.46322484  0.88194444] [ 0.08715928 -0.88194444 -0.46322484] [ 0.88194444 -0.46322484 -0.08715928]
[1.15365870e-02 1.37498750e-02 5.49836957e-05] [-0.37947392  0.28441731  0.88040123] [-0.37947392 -0.88040123  0.28441731] [0.88040123 0.28441731 0.37947392]
[-0.04436135  0.04355737  0.00028777] [0.47477343 0.04689097 0.87885802] [ 0.47477343 -0.87885802  0.04689097] [ 0.87885802  0.04689097 -0.47477343]
[1.15365870e-02 1.37498750e-02 5.49836957e-05] [-0.3202988  -0.3573897   0.87731481] [-0.3202988  -0.87731481 -0.3573897 ] [ 0.87731481 -0.3573897   0.3202988 ]
[-0.04436135  0.04355737  0.00028777] [-0.00526557  0.48269698  0.8757716 ] [-0.00526557 -0.8757716   0.48269698] [0.8757716  0.48269698 0.00526557]
[-0.04436135  0.04355737  0.00028777] [ 0.33184619 -0.35440488  0.8742284 ] [ 0.33184619 -0.8742284  -0.35440488] [ 0.8742284  -0.35440488 -0.33184619]
[1.15365870e-02 1.37498750e-02 5.49836957e-05] [-0.48685038  0.03738019  0.87268519] [-0.48685038 -0.87268519  0.03738019] [0.87268519 0.03738019 0.48685038]
[-0.04436135  0.04355737  0.00028777] [0.38640066 0.30299536 0.87114198] [ 0.38640066 -0.87114198  0.30299536] [ 0.87114198  0.30299536 -0.38640066]
[-0.04436135  0.04355737  0.00028777] [-0.08069521 -0.48712039  0.86959877] [-0.08069521 -0.86959877 -0.48712039] [ 0.86959877 -0.48712039  0.08069521]
[1.15365870e-02 1.37498750e-02 5.49836957e-05] [-0.27102127  0.41596517  0.86805556] [-0.27102127 -0.86805556  0.41596517] [0.86805556 0.41596517 0.27102127]
[-0.04436135  0.04355737  0.00028777] [ 0.48342694 -0.12431714  0.86651235] [ 0.48342694 -0.86651235 -0.12431714] [ 0.86651235 -0.12431714 -0.48342694]
[1.15365870e-02 1.37498750e-02 5.49836957e-05] [-0.44279441 -0.23613874  0.86496914] [-0.44279441 -0.86496914 -0.23613874] [ 0.86496914 -0.23613874  0.44279441]
[-0.04436135  0.04355737  0.00028777] [0.16787543 0.4757242  0.86342593] [ 0.16787543 -0.86342593  0.4757242 ] [ 0.86342593  0.4757242  -0.16787543]
[-0.04436135  0.04355737  0.00028777] [ 0.19859171 -0.46660424  0.86188272] [ 0.19859171 -0.86188272 -0.46660424] [ 0.86188272 -0.46660424 -0.19859171]
[1.15365870e-02 1.37498750e-02 5.49836957e-05] [-0.4640013   0.21099462  0.86033951] [-0.4640013  -0.86033951  0.21099462] [0.86033951 0.21099462 0.4640013 ]
[-0.04436135  0.04355737  0.00028777] [0.48713311 0.15865135 0.8587963 ] [ 0.48713311 -0.8587963   0.15865135] [ 0.8587963   0.15865135 -0.48713311]
[1.15365870e-02 1.37498750e-02 5.49836957e-05] [-0.2532976  -0.4482828   0.85725309] [-0.2532976  -0.85725309 -0.4482828 ] [ 0.85725309 -0.4482828   0.2532976 ]
[-0.04436135  0.04355737  0.00028777] [-0.11661398  0.50414461  0.85570988] [-0.11661398 -0.85570988  0.50414461] [0.85570988 0.50414461 0.11661398]
[-0.04436135  0.04355737  0.00028777] [ 0.42862883 -0.29440896  0.85416667] [ 0.42862883 -0.85416667 -0.29440896] [ 0.85416667 -0.29440896 -0.42862883]
[1.15365870e-02 1.37498750e-02 5.49836957e-05] [-0.51742981 -0.0727986   0.85262346] [-0.51742981 -0.85262346 -0.0727986 ] [ 0.85262346 -0.0727986   0.51742981]
[-0.04436135  0.04355737  0.00028777] [0.33395829 0.40513488 0.85108025] [ 0.33395829 -0.85108025  0.40513488] [ 0.85108025  0.40513488 -0.33395829]
[-0.04436135  0.04355737  0.00028777] [ 0.02754442 -0.52680938  0.84953704] [ 0.02754442 -0.84953704 -0.52680938] [ 0.84953704 -0.52680938 -0.02754442]
[1.15365870e-02 1.37498750e-02 5.49836957e-05] [-0.37793139  0.37158355  0.84799383] [-0.37793139 -0.84799383  0.37158355] [0.84799383 0.37158355 0.37793139]
[-0.04436135  0.04355737  0.00028777] [ 0.53213552 -0.01879202  0.84645062] [ 0.53213552 -0.84645062 -0.01879202] [ 0.84645062 -0.01879202 -0.53213552]
[1.15365870e-02 1.37498750e-02 5.49836957e-05] [-0.4069343  -0.34718287  0.84490741] [-0.4069343  -0.84490741 -0.34718287] [ 0.84490741 -0.34718287  0.4069343 ]
[-0.04436135  0.04355737  0.00028777] [0.06583975 0.5332935  0.8433642 ] [ 0.06583975 -0.8433642   0.5332935 ] [ 0.8433642   0.5332935  -0.06583975]
[-0.04436135  0.04355737  0.00028777] [ 0.31308691 -0.4396749   0.84182099] [ 0.31308691 -0.84182099 -0.4396749 ] [ 0.84182099 -0.4396749  -0.31308691]
[1.15365870e-02 1.37498750e-02 5.49836957e-05] [-0.53020307  0.11321646  0.84027778] [-0.53020307 -0.84027778  0.11321646] [0.84027778 0.11321646 0.53020307]
[-0.04436135  0.04355737  0.00028777] [0.46948758 0.27587268 0.83873457] [ 0.46948758 -0.83873457  0.27587268] [ 0.83873457  0.27587268 -0.46948758]
[-0.04465907  0.06283405  0.00037375] [-0.16053175 -0.52281946  0.83719136] [-0.16053175 -0.83719136 -0.52281946] [ 0.83719136 -0.52281946  0.16053175]
[1.15365870e-02 1.37498750e-02 5.49836957e-05] [-0.23579938  0.49607542  0.83564815] [-0.23579938 -0.83564815  0.49607542] [0.83564815 0.49607542 0.23579938]
[-0.04436135  0.04355737  0.00028777] [ 0.51113419 -0.20739042  0.83410494] [ 0.51113419 -0.83410494 -0.20739042] [ 0.83410494 -0.20739042 -0.51113419]
[1.15365870e-02 1.37498750e-02 5.49836957e-05] [-0.51916513 -0.19315418  0.83256173] [-0.51916513 -0.83256173 -0.19315418] [ 0.83256173 -0.19315418  0.51916513]
[-0.04436135  0.04355737  0.00028777] [0.25339588 0.49517548 0.83101852] [ 0.25339588 -0.83101852  0.49517548] [ 0.83101852  0.49517548 -0.25339588]
[-0.04436135  0.04355737  0.00028777] [ 0.14825011 -0.53850963  0.82947531] [ 0.14825011 -0.82947531 -0.53850963] [ 0.82947531 -0.53850963 -0.14825011]
[1.15365870e-02 1.37498750e-02 5.49836957e-05] [-0.47500835  0.29815349  0.8279321 ] [-0.47500835 -0.8279321   0.29815349] [0.8279321  0.29815349 0.47500835]
[-0.04436135  0.04355737  0.00028777] [0.55389048 0.10142356 0.82638889] [ 0.55389048 -0.82638889  0.10142356] [ 0.82638889  0.10142356 -0.55389048]
[1.15365870e-02 1.37498750e-02 5.49836957e-05] [-0.34127408 -0.45073452  0.82484568] [-0.34127408 -0.82484568 -0.45073452] [ 0.82484568 -0.45073452  0.34127408]
[1.15365870e-02 1.37498750e-02 5.49836957e-05] [-0.05303166  0.56512006  0.82330247] [-0.05303166 -0.82330247  0.56512006] [0.82330247 0.56512006 0.05303166]
[-0.04436135  0.04355737  0.00028777] [ 0.42249183 -0.38237727  0.82175926] [ 0.42249183 -0.82175926 -0.38237727] [ 0.82175926 -0.38237727 -0.42249183]
[1.15365870e-02 1.37498750e-02 5.49836957e-05] [-0.57204347 -0.00344941  0.82021605] [-0.57204347 -0.82021605 -0.00344941] [ 0.82021605 -0.00344941  0.57204347]
[-0.04436135  0.04355737  0.00028777] [0.42109487 0.39045344 0.81867284] [ 0.42109487 -0.81867284  0.39045344] [ 0.81867284  0.39045344 -0.42109487]
[-0.04436135  0.04355737  0.00028777] [-0.04693336 -0.57454019  0.81712963] [-0.04693336 -0.81712963 -0.57454019] [ 0.81712963 -0.57454019  0.04693336]
[1.15365870e-02 1.37498750e-02 5.49836957e-05] [-0.35482674  0.45707415  0.81558642] [-0.35482674 -0.81558642  0.45707415] [0.81558642 0.45707415 0.35482674]
[-0.04436135  0.04355737  0.00028777] [ 0.57252546 -0.09771515  0.81404321] [ 0.57252546 -0.81404321 -0.09771515] [ 0.81404321 -0.09771515 -0.57252546]
[1.15365870e-02 1.37498750e-02 5.49836957e-05] [-0.48998095 -0.31585189  0.8125    ] [-0.48998095 -0.8125     -0.31585189] [ 0.8125     -0.31585189  0.48998095]
[-0.04436135  0.04355737  0.00028777] [0.14848613 0.56595137 0.81095679] [ 0.14848613 -0.81095679  0.56595137] [ 0.81095679  0.56595137 -0.14848613]
[-0.04436135  0.04355737  0.00028777] [ 0.2738001  -0.5195028   0.80941358] [ 0.2738001  -0.80941358 -0.5195028 ] [ 0.80941358 -0.5195028  -0.2738001 ]
[1.15365870e-02 1.37498750e-02 5.49836957e-05] [-0.55480762  0.19883152  0.80787037] [-0.55480762 -0.80787037  0.19883152] [0.80787037 0.19883152 0.55480762]
[-0.04436135  0.04355737  0.00028777] [0.54535172 0.22897165 0.80632716] [ 0.54535172 -0.80632716  0.22897165] [ 0.80632716  0.22897165 -0.54535172]
[0.01157766 0.06298256 0.19625719] [-0.24833504 -0.53912197  0.80478395] [-0.24833504 -0.80478395 -0.53912197] [ 0.80478395 -0.53912197  0.24833504]
[1.15365870e-02 1.37498750e-02 5.49836957e-05] [-0.18169364  0.5672669   0.80324074] [-0.18169364 -0.80324074  0.5672669 ] [0.80324074 0.5672669  0.18169364]
[-0.04436135  0.04355737  0.00028777] [ 0.51896042 -0.29658245  0.80169753] [ 0.51896042 -0.80169753 -0.29658245] [ 0.80169753 -0.29658245 -0.51896042]
[1.15365870e-02 1.37498750e-02 5.49836957e-05] [-0.58501723 -0.13231745  0.80015432] [-0.58501723 -0.80015432 -0.13231745] [ 0.80015432 -0.13231745  0.58501723]
[-0.04436135  0.04355737  0.00028777] [0.34316506 0.49442698 0.79861111] [ 0.34316506 -0.79861111  0.49442698] [ 0.79861111  0.49442698 -0.34316506]
[-0.04436135  0.04355737  0.00028777] [ 0.08121605 -0.59840347  0.7970679 ] [ 0.08121605 -0.7970679  -0.59840347] [ 0.7970679  -0.59840347 -0.08121605]
[1.15365870e-02 1.37498750e-02 5.49836957e-05] [-0.46566316  0.38768323  0.79552469] [-0.46566316 -0.79552469  0.38768323] [0.79552469 0.38768323 0.46566316]
[-0.04436135  0.04355737  0.00028777] [0.60726029 0.02878106 0.79398148] [ 0.60726029 -0.79398148  0.02878106] [ 0.79398148  0.02878106 -0.60726029]
[1.15365870e-02 1.37498750e-02 5.49836957e-05] [-0.4297498  -0.43284719  0.79243827] [-0.4297498  -0.79243827 -0.43284719] [ 0.79243827 -0.43284719  0.4297498 ]
[-0.04436135  0.04355737  0.00028777] [0.02458037 0.61145794 0.79089506] [ 0.02458037 -0.79089506  0.61145794] [ 0.79089506  0.61145794 -0.02458037]
[-0.04436135  0.04355737  0.00028777] [ 0.39619284 -0.46899348  0.78935185] [ 0.39619284 -0.78935185 -0.46899348] [ 0.78935185 -0.46899348 -0.39619284]
[0.01731516 0.00511319 0.167022  ] [-0.61090369  0.07844884  0.78780864] [-0.61090369 -0.78780864  0.07844884] [0.78780864 0.07844884 0.61090369]
[-0.04436135  0.04355737  0.00028777] [0.5050621  0.35594795 0.78626543] [ 0.5050621  -0.78626543  0.35594795] [ 0.78626543  0.35594795 -0.5050621 ]
[0.01157766 0.06298256 0.19625719] [-0.13239606 -0.60554299  0.78472222] [-0.13239606 -0.78472222 -0.60554299] [ 0.78472222 -0.60554299  0.13239606]
[1.15365870e-02 1.37498750e-02 5.49836957e-05] [-0.31239272  0.53762573  0.78317901] [-0.31239272 -0.78317901  0.53762573] [0.78317901 0.53762573 0.31239272]
[-0.04436135  0.04355737  0.00028777] [ 0.59536023 -0.18598835  0.7816358 ] [ 0.59536023 -0.7816358  -0.18598835] [ 0.7816358  -0.18598835 -0.59536023]
[1.15365870e-02 1.37498750e-02 5.49836957e-05] [-0.56637964 -0.26583764  0.78009259] [-0.56637964 -0.78009259 -0.26583764] [ 0.78009259 -0.26583764  0.56637964]
[-0.04436135  0.04355737  0.00028777] [0.23879024 0.58037926 0.77854938] [ 0.23879024 -0.77854938  0.58037926] [ 0.77854938  0.58037926 -0.23879024]
[-0.04436135  0.04355737  0.00028777] [ 0.21662121 -0.59104709  0.77700617] [ 0.21662121 -0.77700617 -0.59104709] [ 0.77700617 -0.59104709 -0.21662121]
[1.15365870e-02 1.37498750e-02 5.49836957e-05] [-0.56066354  0.29036802  0.77546296] [-0.56066354 -0.77546296  0.29036802] [0.77546296 0.29036802 0.56066354]
[-0.04436135  0.04355737  0.00028777] [0.61138186 0.16510735 0.77391975] [ 0.61138186 -0.77391975  0.16510735] [ 0.77391975  0.16510735 -0.61138186]
[0.01157766 0.06298256 0.19625719] [-0.34029343 -0.536316    0.77237654] [-0.34029343 -0.77237654 -0.536316  ] [ 0.77237654 -0.536316    0.34029343]
[1.15365870e-02 1.37498750e-02 5.49836957e-05] [-0.11168265  0.6271706   0.77083333] [-0.11168265 -0.77083333  0.6271706 ] [0.77083333 0.6271706  0.11168265]
[-0.04436135  0.04355737  0.00028777] [ 0.50747854 -0.38814719  0.76929012] [ 0.50747854 -0.76929012 -0.38814719] [ 0.76929012 -0.38814719 -0.50747854]
[0.016138  0.0461092 0.1620974] [-0.63823486 -0.05675335  0.76774691] [-0.63823486 -0.76774691 -0.05675335] [ 0.76774691 -0.05675335  0.63823486]
[-0.04436135  0.04355737  0.00028777] [0.43352259 0.47433115 0.7662037 ] [ 0.43352259 -0.7662037   0.47433115] [ 0.7662037   0.47433115 -0.43352259]
[-0.0093848   0.06254954  0.18668132] [ 7.42135451e-04 -6.44432912e-01  7.64660494e-01] [ 7.42135451e-04 -7.64660494e-01 -6.44432912e-01] [ 7.64660494e-01 -6.44432912e-01 -7.42135451e-04]
[1.15365870e-02 1.37498750e-02 5.49836957e-05] [-0.43709086  0.47602898  0.76311728] [-0.43709086 -0.76311728  0.47602898] [0.76311728 0.47602898 0.43709086]
[-0.04436135  0.04355737  0.00028777] [ 0.64566123 -0.05591517  0.76157407] [ 0.64566123 -0.76157407 -0.05591517] [ 0.76157407 -0.05591517 -0.64566123]
[1.15365870e-02 1.37498750e-02 5.49836957e-05] [-0.51529509 -0.39601017  0.76003086] [-0.51529509 -0.76003086 -0.39601017] [ 0.76003086 -0.39601017  0.51529509]
[-0.04436135  0.04355737  0.00028777] [0.11277309 0.64185568 0.75848765] [ 0.11277309 -0.75848765  0.64185568] [ 0.75848765  0.64185568 -0.11277309]
[-0.04436135  0.04355737  0.00028777] [ 0.35137537 -0.55097228  0.75694444] [ 0.35137537 -0.75694444 -0.55097228] [ 0.75694444 -0.55097228 -0.35137537]
[0.016138  0.0461092 0.1620974] [-0.63299238  0.16938012  0.75540123] [-0.63299238 -0.75540123  0.16938012] [0.75540123 0.16938012 0.63299238]
[-0.04436135  0.04355737  0.00028777] [0.58273763 0.30350442 0.75385802] [ 0.58273763 -0.75385802  0.30350442] [ 0.75385802  0.30350442 -0.58273763]
[0.01157766 0.06298256 0.19625719] [-0.22528235 -0.61908827  0.75231481] [-0.22528235 -0.75231481 -0.61908827] [ 0.75231481 -0.61908827  0.22528235]
[1.15365870e-02 1.37498750e-02 5.49836957e-05] [-0.25274461  0.61029678  0.7507716 ] [-0.25274461 -0.7507716   0.61029678] [0.7507716  0.61029678 0.25274461]
[-0.04436135  0.04355737  0.00028777] [ 0.6002013  -0.28002716  0.7492284 ] [ 0.6002013  -0.7492284  -0.28002716] [ 0.7492284  -0.28002716 -0.6002013 ]
[0.016138  0.0461092 0.1620974] [-0.6333866  -0.19947     0.74768519] [-0.6333866  -0.74768519 -0.19947   ] [ 0.74768519 -0.19947     0.6333866 ]
[-0.04436135  0.04355737  0.00028777] [0.33316698 0.57643032 0.74614198] [ 0.33316698 -0.74614198  0.57643032] [ 0.74614198  0.57643032 -0.33316698]
[-0.0093848   0.06254954  0.18668132] [ 0.14407855 -0.65177761  0.74459877] [ 0.14407855 -0.74459877 -0.65177761] [ 0.74459877 -0.65177761 -0.14407855]
[1.15365870e-02 1.37498750e-02 5.49836957e-05] [-0.54791459  0.38426299  0.74305556] [-0.54791459 -0.74305556  0.38426299] [0.74305556 0.38426299 0.54791459]
[-0.04436135  0.04355737  0.00028777] [0.66527614 0.08698906 0.74151235] [ 0.66527614 -0.74151235  0.08698906] [ 0.74151235  0.08698906 -0.66527614]
[0.01157766 0.06298256 0.19625719] [-0.43288875 -0.51483299  0.73996914] [-0.43288875 -0.73996914 -0.51483299] [ 0.73996914 -0.51483299  0.43288875]
[1.15365870e-02 1.37498750e-02 5.49836957e-05] [-0.02863793  0.67372622  0.73842593] [-0.02863793 -0.73842593  0.67372622] [0.73842593 0.67372622 0.02863793]
[-0.04436135  0.04355737  0.00028777] [ 0.47740289 -0.47863383  0.73688272] [ 0.47740289 -0.73688272 -0.47863383] [ 0.73688272 -0.47863383 -0.47740289]
[0.016138  0.0461092 0.1620974] [-0.67701114  0.03052426  0.73533951] [-0.67701114 -0.73533951  0.03052426] [0.73533951 0.03052426 0.67701114]
[-0.04436135  0.04355737  0.00028777] [0.52110725 0.43587869 0.7337963 ] [ 0.52110725 -0.7337963   0.43587869] [ 0.7337963   0.43587869 -0.52110725]
[0.01157766 0.06298256 0.19625719] [-0.09003631 -0.67505472  0.73225309] [-0.09003631 -0.73225309 -0.67505472] [ 0.73225309 -0.67505472  0.09003631]
[1.15365870e-02 1.37498750e-02 5.49836957e-05] [-0.39055002  0.55994085  0.73070988] [-0.39055002 -0.73070988  0.55994085] [0.73070988 0.55994085 0.39055002]
[-0.04436135  0.04355737  0.00028777] [ 0.6678223  -0.14943006  0.72916667] [ 0.6678223  -0.72916667 -0.14943006] [ 0.72916667 -0.14943006 -0.6678223 ]
[0.01346234 0.06354412 0.16680282] [-0.59479246 -0.34173972  0.72762346] [-0.59479246 -0.72762346 -0.34173972] [ 0.72762346 -0.34173972  0.59479246]
[-0.04436135  0.04355737  0.00028777] [0.20823419 0.65532129 0.72608025] [ 0.20823419 -0.72608025  0.65532129] [ 0.72608025  0.65532129 -0.20823419]
[-0.04436135  0.04355737  0.00028777] [ 0.2898014  -0.62534889  0.72453704] [ 0.2898014  -0.72453704 -0.62534889] [ 0.72453704 -0.62534889 -0.2898014 ]
[0.016138  0.0461092 0.1620974] [-0.63760149  0.26597794  0.72299383] [-0.63760149 -0.72299383  0.26597794] [0.72299383 0.26597794 0.63760149]
[-0.04436135  0.04355737  0.00028777] [0.65132868 0.23511689 0.72145062] [ 0.65132868 -0.72145062  0.23511689] [ 0.72145062  0.23511689 -0.65132868]
[0.01157766 0.06298256 0.19625719] [-0.32219502 -0.61475499  0.71990741] [-0.32219502 -0.71990741 -0.61475499] [ 0.71990741 -0.61475499  0.32219502]
[1.15365870e-02 1.37498750e-02 5.49836957e-05] [-0.17809331  0.67248469  0.7183642 ] [-0.17809331 -0.7183642   0.67248469] [0.7183642  0.67248469 0.17809331]
[-0.04436135  0.04355737  0.00028777] [ 0.58691575 -0.37642739  0.71682099] [ 0.58691575 -0.71682099 -0.37642739] [ 0.71682099 -0.37642739 -0.58691575]
[0.017891   0.05327997 0.19698971] [-0.68860627 -0.11915997  0.71527778] [-0.68860627 -0.71527778 -0.11915997] [ 0.71527778 -0.11915997  0.68860627]
[-0.04436135  0.04355737  0.00028777] [0.428229   0.55425886 0.71373457] [ 0.428229   -0.71373457  0.55425886] [ 0.71373457  0.55425886 -0.428229  ]
[0.00152454 0.06240754 0.18721289] [ 0.0587651  -0.69952136  0.71219136] [ 0.0587651  -0.71219136 -0.69952136] [ 0.71219136 -0.69952136 -0.0587651 ]
[1.15365870e-02 1.37498750e-02 5.49836957e-05] [-0.51699943  0.47716957  0.71064815] [-0.51699943 -0.71064815  0.47716957] [0.71064815 0.47716957 0.51699943]
[-0.04436135  0.04355737  0.00028777] [ 0.70509807 -0.00262769  0.70910494] [ 0.70509807 -0.70910494 -0.00262769] [ 0.70910494 -0.00262769 -0.70509807]
[0.01157766 0.06298256 0.19625719] [-0.52283811 -0.47539111  0.70756173] [-0.52283811 -0.70756173 -0.47539111] [ 0.70756173 -0.47539111  0.52283811]
[-0.0094485  -0.09506679  0.11733244] [0.06454299 0.70524609 0.70601852] [ 0.06454299 -0.70601852  0.70524609] [ 0.70601852  0.70524609 -0.06454299]
[-0.04436135  0.04355737  0.00028777] [ 0.42972438 -0.56484644  0.70447531] [ 0.42972438 -0.70447531 -0.56484644] [ 0.70447531 -0.56484644 -0.42972438]
[0.016138  0.0461092 0.1620974] [-0.69991777  0.12649737  0.7029321 ] [-0.69991777 -0.7029321   0.12649737] [0.7029321  0.12649737 0.69991777]
[-0.04436135  0.04355737  0.00028777] [0.60283242 0.38032446 0.70138889] [ 0.60283242 -0.70138889  0.38032446] [ 0.70138889  0.38032446 -0.60283242]
[0.01157766 0.06298256 0.19625719] [-0.18800321 -0.68910871  0.69984568] [-0.18800321 -0.69984568 -0.68910871] [ 0.69984568 -0.68910871  0.18800321]
[1.15365870e-02 1.37498750e-02 5.49836957e-05] [-0.32754892  0.63646317  0.69830247] [-0.32754892 -0.69830247  0.63646317] [0.69830247 0.63646317 0.32754892]
[-0.04436135  0.04355737  0.00028777] [ 0.67285823 -0.24857259  0.69675926] [ 0.67285823 -0.69675926 -0.24857259] [ 0.69675926 -0.24857259 -0.67285823]
[0.017891   0.05327997 0.19698971] [-0.66543784 -0.27178508  0.69521605] [-0.66543784 -0.69521605 -0.27178508] [ 0.69521605 -0.27178508  0.66543784]
[-0.04436135  0.04355737  0.00028777] [0.30772126 0.65124928 0.69367284] [ 0.30772126 -0.69367284  0.65124928] [ 0.69367284  0.65124928 -0.30772126]
[-0.0093848   0.06254954  0.18668132] [ 0.21344705 -0.68949034  0.69212963] [ 0.21344705 -0.69212963 -0.68949034] [ 0.69212963 -0.68949034 -0.21344705]
[0.01731516 0.00511319 0.167022  ] [-0.62440811  0.36497248  0.69058642] [-0.62440811 -0.69058642  0.36497248] [0.69058642 0.36497248 0.62440811]
[-0.04436135  0.04355737  0.00028777] [0.70839172 0.15297263 0.68904321] [ 0.70839172 -0.68904321  0.15297263] [ 0.68904321  0.15297263 -0.70839172]
[0.01157766 0.06298256 0.19625719] [-0.41986099 -0.59250358  0.6875    ] [-0.41986099 -0.6875     -0.59250358] [ 0.6875     -0.59250358  0.41986099]
[-0.0094485  -0.09506679  0.11733244] [-0.09081996  0.72195223  0.68595679] [-0.09081996 -0.68595679  0.72195223] [0.68595679 0.72195223 0.09081996]
[-0.04436135  0.04355737  0.00028777] [ 0.55574609 -0.47193679  0.68441358] [ 0.55574609 -0.68441358 -0.47193679] [ 0.68441358 -0.47193679 -0.55574609]
[0.017891   0.05327997 0.19698971] [-0.73002314 -0.02746394  0.68287037] [-0.73002314 -0.68287037 -0.02746394] [ 0.68287037 -0.02746394  0.73002314]
[-0.04436135  0.04355737  0.00028777] [0.52076884 0.51438616 0.68132716] [ 0.52076884 -0.68132716  0.51438616] [ 0.68132716  0.51438616 -0.52076884]
[0.00131365 0.06569888 0.13641696] [-0.03660742 -0.73249824  0.67978395] [-0.03660742 -0.67978395 -0.73249824] [ 0.67978395 -0.73249824  0.03660742]
[1.15365870e-02 1.37498750e-02 5.49836957e-05] [-0.46871271  0.56594867  0.67824074] [-0.46871271 -0.67824074  0.56594867] [0.67824074 0.56594867 0.46871271]
[-0.04436135  0.04355737  0.00028777] [ 0.72931494 -0.10089683  0.67669753] [ 0.72931494 -0.67669753 -0.10089683] [ 0.67669753 -0.10089683 -0.72931494]
[0.017891   0.05327997 0.19698971] [-0.6070938  -0.41905102  0.67515432] [-0.6070938  -0.67515432 -0.41905102] [ 0.67515432 -0.41905102  0.6070938 ]
[-0.0094485  -0.09506679  0.11733244] [0.16490165 0.72045508 0.67361111] [ 0.16490165 -0.67361111  0.72045508] [ 0.67361111  0.72045508 -0.16490165]
[-0.04436135  0.04355737  0.00028777] [ 0.36576034 -0.643851    0.6720679 ] [ 0.36576034 -0.6720679  -0.643851  ] [ 0.6720679  -0.643851   -0.36576034]
[0.016138  0.0461092 0.1620974] [-0.70594537  0.22811789  0.67052469] [-0.70594537 -0.67052469  0.22811789] [0.67052469 0.22811789 0.70594537]
[-0.04436135  0.04355737  0.00028777] [0.67589925 0.30923128 0.66898148] [ 0.67589925 -0.66898148  0.30923128] 