2.56101573553717 2.4649668525926685 [-0.01815988  0.05325308 -0.0023337 ] [ 0.01423268 -0.03660663  0.9992284 ] [ 0.01423268 -0.9992284  -0.03660663] [ 0.9992284  -0.03660663 -0.01423268]
2.509867459687438 2.522472762984381 [-0.01815988  0.05325308 -0.0023337 ] [-0.06098302  0.03008891  0.99768519] [-0.06098302 -0.99768519  0.03008891] [0.99768519 0.03008891 0.06098302]
2.6478805261642435 2.7459821354210296 [-0.01815988  0.05325308 -0.0023337 ] [0.08425872 0.02452821 0.99614198] [ 0.08425872 -0.99614198  0.02452821] [ 0.99614198  0.02452821 -0.08425872]
2.5768584089784454 2.5404718800500774 [-0.01815988  0.05325308 -0.0023337 ] [-0.05388788 -0.08870959  0.99459877] [-0.05388788 -0.99459877 -0.08870959] [ 0.99459877 -0.08870959  0.05388788]
2.56372160552817 2.458316404956988 [-0.01815988  0.05325308 -0.0023337 ] [-0.0228813   0.11539978  0.99305556] [-0.0228813  -0.99305556  0.11539978] [0.99305556 0.11539978 0.0228813 ]
2.6261243893070056 2.7451515455289046 [-0.01815988  0.05325308 -0.0023337 ] [ 0.10479061 -0.07695581  0.99151235] [ 0.10479061 -0.99151235 -0.07695581] [ 0.99151235 -0.07695581 -0.10479061]
2.548644576767451 2.6117330511771337 [-0.01815988  0.05325308 -0.0023337 ] [-0.14045754 -0.01525742  0.98996914] [-0.14045754 -0.98996914 -0.01525742] [ 0.98996914 -0.01525742  0.14045754]
2.6853747288154497 2.6617410219200233 [-0.01815988  0.05325308 -0.0023337 ] [0.10014145 0.1139556  0.98842593] [ 0.10014145 -0.98842593  0.1139556 ] [ 0.98842593  0.1139556  -0.10014145]
2.5319881342377997 2.7104235325866224 [-0.00886758 -0.03659696 -0.00308739] [ 0.00333586 -0.16140439  0.98688272] [ 0.00333586 -0.98688272 -0.16140439] [ 0.98688272 -0.16140439 -0.00333586]
2.738530657077103 2.639288521218129 [-0.00845683 -0.07644711 -0.00304598] [-0.11781682  0.12339066  0.98533951] [-0.11781682 -0.98533951  0.12339066] [0.98533951 0.12339066 0.11781682]
2.6397634922704905 2.58919696461286 [-0.00805202  0.00483866 -0.00307107] [ 0.1788891  -0.01198066  0.9837963 ] [ 0.1788891  -0.9837963  -0.01198066] [ 0.9837963  -0.01198066 -0.1788891 ]
2.6120170176705706 2.6363547114619053 [-0.01815988  0.05325308 -0.0023337 ] [-0.14645815 -0.11717032  0.98225309] [-0.14645815 -0.98225309 -0.11717032] [ 0.98225309 -0.11717032  0.14645815]
2.622459274770237 2.7005586151613397 [-0.01815988  0.05325308 -0.0023337 ] [0.03006261 0.19314341 0.98070988] [ 0.03006261 -0.98070988  0.19314341] [ 0.98070988  0.19314341 -0.03006261]
2.5528727018562902 2.5646281220765146 [-0.00805202  0.00483866 -0.00307107] [ 0.11250405 -0.16904283  0.97916667] [ 0.11250405 -0.97916667 -0.16904283] [ 0.97916667 -0.16904283 -0.11250405]
2.520201933855105 2.651622738912262 [-0.01815988  0.05325308 -0.0023337 ] [-0.2042353   0.05040159  0.97762346] [-0.2042353  -0.97762346  0.05040159] [0.97762346 0.05040159 0.2042353 ]
2.644161527578711 2.5794882920057747 [-0.00805202  0.00483866 -0.00307107] [0.19082888 0.10417145 0.97608025] [ 0.19082888 -0.97608025  0.10417145] [ 0.97608025  0.10417145 -0.19082888]
2.6400682632209262 2.754178606557191 [-0.00886758 -0.03659696 -0.00308739] [-0.07254983 -0.21216523  0.97453704] [-0.07254983 -0.97453704 -0.21216523] [ 0.97453704 -0.21216523  0.07254983]
2.64554464959363 2.5880998751901476 [-0.0086798  -0.06634869 -0.00303014] [-0.09246518  0.21150225  0.97299383] [-0.09246518 -0.97299383  0.21150225] [0.97299383 0.21150225 0.09246518]
2.669558524979946 2.5348162343187575 [-0.00805202  0.00483866 -0.00307107] [ 0.21690998 -0.09609245  0.97145062] [ 0.21690998 -0.97145062 -0.09609245] [ 0.97145062 -0.09609245 -0.21690998]
2.4372063613722936 2.715720367002978 [-0.01815988  0.05325308 -0.0023337 ] [-0.23075892 -0.07765269  0.96990741] [-0.23075892 -0.96990741 -0.07765269] [ 0.96990741 -0.07765269  0.23075892]
2.712966512858018 2.6067157323351817 [-0.01815988  0.05325308 -0.0023337 ] [0.12063377 0.21844513 0.9683642 ] [ 0.12063377 -0.9683642   0.21844513] [ 0.9683642   0.21844513 -0.12063377]
2.4779394332716906 2.580251313206642 [-0.01879928  0.00466232 -0.00309838] [ 0.05999484 -0.24830988  0.96682099] [ 0.05999484 -0.96682099 -0.24830988] [ 0.96682099 -0.24830988 -0.05999484]
2.4502341440848916 2.4245137865543414 [-0.00805202  0.00483866 -0.00307107] [-0.21675765  0.14579072  0.96527778] [-0.21675765 -0.96527778  0.14579072] [0.96527778 0.14579072 0.21675765]
2.7261028027077403 2.5061755537203596 [-0.00805202  0.00483866 -0.00307107] [0.26388473 0.03975593 0.96373457] [ 0.26388473 -0.96373457  0.03975593] [ 0.96373457  0.03975593 -0.26388473]
2.5450904037152333 2.384859671191264 [-0.01815988  0.05325308 -0.0023337 ] [-0.17118979 -0.21185336  0.96219136] [-0.17118979 -0.96219136 -0.21185336] [ 0.96219136 -0.21185336  0.17118979]
2.5887581420704255 2.680156839780954 [-0.00761609 -0.01560004 -0.00301861] [-0.01720904  0.27723453  0.96064815] [-0.01720904 -0.96064815  0.27723453] [0.96064815 0.27723453 0.01720904]
2.63102777796614 2.4672335272608636 [-0.00805202  0.00483866 -0.00307107] [ 0.20376146 -0.19646624  0.95910494] [ 0.20376146 -0.95910494 -0.19646624] [ 0.95910494 -0.19646624 -0.20376146]
2.423891607299885 2.7479154043439804 [-0.01815988  0.05325308 -0.0023337 ] [-0.28813425  0.00736144  0.95756173] [-0.28813425 -0.95756173  0.00736144] [0.95756173 0.00736144 0.28813425]
2.6510984294155655 2.5870890199788477 [-0.00805202  0.00483866 -0.00307107] [0.22126458 0.19253721 0.95601852] [ 0.22126458 -0.95601852  0.19253721] [ 0.95601852  0.19253721 -0.22126458]
2.4102529158369657 2.359272703783958 [-0.01815988  0.05325308 -0.0023337 ] [-0.03365896 -0.29638482  0.95447531] [-0.03365896 -0.95447531 -0.29638482] [ 0.95447531 -0.29638482  0.03365896]
2.4613872598008344 2.3675272699969874 [-0.00805202  0.00483866 -0.00307107] [-0.17826345  0.24523979  0.9529321 ] [-0.17826345 -0.9529321   0.24523979] [0.9529321  0.24523979 0.17826345]
2.761736062921835 2.4561628939279077 [-0.00805202  0.00483866 -0.00307107] [ 0.30181497 -0.06137515  0.95138889] [ 0.30181497 -0.95138889 -0.06137515] [ 0.95138889 -0.06137515 -0.30181497]
2.478764234909294 2.398637017967218 [-0.01815988  0.05325308 -0.0023337 ] [-0.26805907 -0.16105129  0.94984568] [-0.26805907 -0.94984568 -0.16105129] [ 0.94984568 -0.16105129  0.26805907]
2.5021307335781344 2.5734759044133915 [-0.00761609 -0.01560004 -0.00301861] [0.09019099 0.30428278 0.94830247] [ 0.09019099 -0.94830247  0.30428278] [ 0.94830247  0.30428278 -0.09019099]
2.5675808568837013 2.820132959082169 [-0.01815988  0.05325308 -0.0023337 ] [ 0.14104005 -0.28940388  0.94675926] [ 0.14104005 -0.94675926 -0.28940388] [ 0.94675926 -0.28940388 -0.14104005]
2.660230039447569 2.4563536065355795 [-0.00021202 -0.03650061 -0.00208661] [-0.30367703  0.11977847  0.94521605] [-0.30367703 -0.94521605  0.11977847] [0.94521605 0.11977847 0.30367703]
2.758194026656454 2.4562645061363 [-0.00805202  0.00483866 -0.00307107] [0.30897213 0.11839676 0.94367284] [ 0.30897213 -0.94367284  0.11839676] [ 0.94367284  0.11839676 -0.30897213]
2.510673969850548 2.443087017166687 [-0.01815988  0.05325308 -0.0023337 ] [-0.14980273 -0.29991816  0.94212963] [-0.14980273 -0.94212963 -0.29991816] [ 0.94212963 -0.29991816  0.14980273]
2.582594234185624 2.5372521144067335 [-0.0086798  -0.06634869 -0.00303014] [-0.09331518  0.32648042  0.94058642] [-0.09331518 -0.94058642  0.32648042] [0.94058642 0.32648042 0.09331518]
2.7209236718309753 2.383559317570003 [-0.00805202  0.00483866 -0.00307107] [ 0.29295911 -0.17992446  0.93904321] [ 0.29295911 -0.93904321 -0.17992446] [ 0.93904321 -0.17992446 -0.29295911]
2.64071571046472 2.3609774910447876 [-0.00805202  0.00483866 -0.00307107] [-0.34166627 -0.06601447  0.9375    ] [-0.34166627 -0.9375     -0.06601447] [ 0.9375     -0.06601447  0.34166627]
2.6061056587559497 2.559211923122097 [-0.00805202  0.00483866 -0.00307107] [0.20980251 0.28278578 0.93595679] [ 0.20980251 -0.93595679  0.28278578] [ 0.93595679  0.28278578 -0.20980251]
2.483097831016549 2.57880325384156 [-0.00886758 -0.03659696 -0.00308739] [ 0.03673751 -0.3542903   0.93441358] [ 0.03673751 -0.93441358 -0.3542903 ] [ 0.93441358 -0.3542903  -0.03673751]
2.3967334703961662 2.455823897382894 [-0.02871612 -0.09312269 -0.00099142] [-0.26941722  0.2390967   0.93287037] [-0.26941722 -0.93287037  0.2390967 ] [0.93287037 0.2390967  0.26941722]
2.832888339576496 2.398976310996436 [-0.00805202  0.00483866 -0.00307107] [0.36413826 0.00574895 0.93132716] [ 0.36413826 -0.93132716  0.00574895] [ 0.93132716  0.00574895 -0.36413826]
2.4359463619011157 2.4793331426092324 [-0.01815988  0.05325308 -0.0023337 ] [-0.26747069 -0.25290559  0.92978395] [-0.26747069 -0.92978395 -0.25290559] [ 0.92978395 -0.25290559  0.26747069]
2.4032461994553045 2.5854953976793693 [-0.00761609 -0.01560004 -0.00301861] [0.02666704 0.37102291 0.92824074] [ 0.02666704 -0.92824074  0.37102291] [ 0.92824074  0.37102291 -0.02666704]
2.6135799363572487 2.3987878785382737 [-0.00805202  0.00483866 -0.00307107] [ 0.23333572 -0.29459485  0.92669753] [ 0.23333572 -0.92669753 -0.29459485] [ 0.92669753 -0.29459485 -0.23333572]
2.607736070473781 2.3930498472293076 [-0.00805202  0.00483866 -0.00307107] [-0.37478573  0.06020913  0.92515432] [-0.37478573 -0.92515432  0.06020913] [0.92515432 0.06020913 0.37478573]
2.7379792535955034 2.481998757534347 [-0.00805202  0.00483866 -0.00307107] [0.32014926 0.2108245  0.92361111] [ 0.32014926 -0.92361111  0.2108245 ] [ 0.92361111  0.2108245  -0.32014926]
2.4040101314439988 2.5290336291393585 [-0.01864832 -0.08673293 -0.00273026] [-0.09456155 -0.37529841  0.9220679 ] [-0.09456155 -0.9220679  -0.37529841] [ 0.9220679  -0.37529841  0.09456155]
2.542066151615622 2.3887964771926775 [-0.01864832 -0.08673293 -0.00273026] [-0.18551989  0.3438265   0.92052469] [-0.18551989 -0.92052469  0.3438265 ] [0.92052469 0.3438265  0.18551989]
2.890274850296511 2.4176279205814204 [-0.00021202 -0.03650061 -0.00208661] [ 0.37246409 -0.12939683  0.91898148] [ 0.37246409 -0.91898148 -0.12939683] [ 0.91898148 -0.12939683 -0.37246409]
2.62634060782307 2.446698766869308 [-0.01815988  0.05325308 -0.0023337 ] [-0.36533457 -0.15759971  0.91743827] [-0.36533457 -0.91743827 -0.15759971] [ 0.91743827 -0.15759971  0.36533457]
2.5402820068654535 2.4733797709536853 [-0.00761609 -0.01560004 -0.00301861] [0.16437874 0.36621833 0.91589506] [ 0.16437874 -0.91589506  0.36621833] [ 0.91589506  0.36621833 -0.16437874]
2.4723310616378833 2.839764458376769 [-0.01815988  0.05325308 -0.0023337 ] [ 0.12727013 -0.38439954  0.91435185] [ 0.12727013 -0.91435185 -0.38439954] [ 0.91435185 -0.38439954 -0.12727013]
2.6040724768192938 2.556082714642808 [-0.00805202  0.00483866 -0.00307107] [-0.3565299   0.1991653   0.91280864] [-0.3565299  -0.91280864  0.1991653 ] [0.91280864 0.1991653  0.3565299 ]
2.86017747081967 2.579094337607015 [-0.00805202  0.00483866 -0.00307107] [0.40076815 0.09476392 0.91126543] [ 0.40076815 -0.91126543  0.09476392] [ 0.91126543  0.09476392 -0.40076815]
2.4118577882964742 2.536398432683264 [-0.01815988  0.05325308 -0.0023337 ] [-0.23341195 -0.34340114  0.90972222] [-0.23341195 -0.90972222 -0.34340114] [ 0.90972222 -0.34340114  0.23341195]
2.358964626307736 2.4595006070908854 [-0.01931019 -0.05637856 -0.00303646] [-0.06033844  0.41421028  0.90817901] [-0.06033844 -0.90817901  0.41421028] [0.90817901 0.41421028 0.06033844]
2.728633678150943 2.630053155349633 [-0.01815988  0.05325308 -0.0023337 ] [ 0.3268682  -0.26677463  0.9066358 ] [ 0.3268682  -0.9066358  -0.26677463] [ 0.9066358  -0.26677463 -0.3268682 ]
2.5557535207039797 2.450783432526252 [-0.00805202  0.00483866 -0.00307107] [-0.42452114 -0.02427339  0.90509259] [-0.42452114 -0.90509259 -0.02427339] [ 0.90509259 -0.02427339  0.42452114]
2.671299651396841 2.462533978838411 [-0.00805202  0.00483866 -0.00307107] [0.29891302 0.30700085 0.90354938] [ 0.29891302 -0.90354938  0.30700085] [ 0.90354938  0.30700085 -0.29891302]
2.4917863659224078 2.440252575557666 [-0.00651425  0.04403512 -0.00259915] [-0.01313159 -0.43152338  0.90200617] [-0.01313159 -0.90200617 -0.43152338] [ 0.90200617 -0.43152338  0.01313159]
2.5755466474481556 2.3928064797835615 [-0.00021202 -0.03650061 -0.00208661] [-0.28390207  0.32949365  0.90046296] [-0.28390207 -0.90046296  0.32949365] [0.90046296 0.32949365 0.28390207]
2.904185038041183 2.547850023337749 [-0.00805202  0.00483866 -0.00307107] [ 0.43506883 -0.05155959  0.89891975] [ 0.43506883 -0.89891975 -0.05155959] [ 0.89891975 -0.05155959 -0.43506883]
2.5637741946809722 2.5365535603462437 [-0.01815988  0.05325308 -0.0023337 ] [-0.35819306 -0.25770734  0.89737654] [-0.35819306 -0.89737654 -0.25770734] [ 0.89737654 -0.25770734  0.35819306]
2.4367858542583565 2.5600235603890953 [-0.01879928  0.00466232 -0.00309838] [0.09067919 0.43504014 0.89583333] [ 0.09067919 -0.89583333  0.43504014] [ 0.89583333  0.43504014 -0.09067919]
2.5568671505440532 2.385740941333483 [-0.00805202  0.00483866 -0.00307107] [ 0.2285836  -0.38470081  0.89429012] [ 0.2285836  -0.89429012 -0.38470081] [ 0.89429012 -0.38470081 -0.2285836 ]
2.546808757571685 2.447467592316689 [-0.00805202  0.00483866 -0.00307107] [-0.43135205  0.13014745  0.89274691] [-0.43135205 -0.89274691  0.13014745] [0.89274691 0.13014745 0.43135205]
2.8253873034289345 2.5417552039043123 [-0.00805202  0.00483866 -0.00307107] [0.40872247 0.19672799 0.8912037 ] [ 0.40872247 -0.8912037   0.19672799] [ 0.8912037   0.19672799 -0.40872247]
2.4042847505450986 2.36175321759218 [-0.00877951  0.06610632  0.00442424] [-0.16961291 -0.42395244  0.88966049] [-0.16961291 -0.88966049 -0.42395244] [ 0.88966049 -0.42395244  0.16961291]
2.4871622270462943 2.37254275570972 [-0.0187709  -0.09317727 -0.00090964] [-0.16236625  0.42998243  0.88811728] [-0.16236625 -0.88811728  0.42998243] [0.88811728 0.42998243 0.16236625]
2.8119805846128716 2.5406900482377566 [-0.00805202  0.00483866 -0.00307107] [ 0.41282306 -0.20871879  0.88657407] [ 0.41282306 -0.88657407 -0.20871879] [ 0.88657407 -0.20871879 -0.41282306]
2.5138360572112983 2.445445584348965 [-0.00805202  0.00483866 -0.00307107] [-0.44822659 -0.12575093  0.88503086] [-0.44822659 -0.88503086 -0.12575093] [ 0.88503086 -0.12575093  0.44822659]
2.5850850115987276 2.4575773322095715 [-0.00805202  0.00483866 -0.00307107] [0.24710618 0.39798002 0.88348765] [ 0.24710618 -0.88348765  0.39798002] [ 0.88348765  0.39798002 -0.24710618]
2.4166561872204704 2.8565081970230177 [-0.01900984  0.06634311  0.00538633] [ 0.08715928 -0.46322484  0.88194444] [ 0.08715928 -0.88194444 -0.46322484] [ 0.88194444 -0.46322484 -0.08715928]
2.364896767257694 2.582079631114353 [-0.02871612 -0.09312269 -0.00099142] [-0.37947392  0.28441731  0.88040123] [-0.37947392 -0.88040123  0.28441731] [0.88040123 0.28441731 0.37947392]
2.9508834712214753 2.5038309451440743 [-0.00805202  0.00483866 -0.00307107] [0.47477343 0.04689097 0.87885802] [ 0.47477343 -0.87885802  0.04689097] [ 0.87885802  0.04689097 -0.47477343]
2.5020409814309907 2.4337160125905495 [-0.0086798  -0.06634869 -0.00303014] [-0.3202988  -0.3573897   0.87731481] [-0.3202988  -0.87731481 -0.3573897 ] [ 0.87731481 -0.3573897   0.3202988 ]
2.366749610895527 2.3708174886866944 [-0.01931019 -0.05637856 -0.00303646] [-0.00526557  0.48269698  0.8757716 ] [-0.00526557 -0.8757716   0.48269698] [0.8757716  0.48269698 0.00526557]
2.6656170185789447 2.630474690750501 [-0.01815988  0.05325308 -0.0023337 ] [ 0.33184619 -0.35440488  0.8742284 ] [ 0.33184619 -0.8742284  -0.35440488] [ 0.8742284  -0.35440488 -0.33184619]
2.485609358002816 2.5184269230427967 [-0.00805202  0.00483866 -0.00307107] [-0.48685038  0.03738019  0.87268519] [-0.48685038 -0.87268519  0.03738019] [0.87268519 0.03738019 0.48685038]
2.742986839814508 2.3766229325397736 [-0.00805202  0.00483866 -0.00307107] [0.38640066 0.30299536 0.87114198] [ 0.38640066 -0.87114198  0.30299536] [ 0.87114198  0.30299536 -0.38640066]
2.411529213423203 2.4182893060337127 [-0.01900984  0.06634311  0.00538633] [-0.08069521 -0.48712039  0.86959877] [-0.08069521 -0.86959877 -0.48712039] [ 0.86959877 -0.48712039  0.08069521]
2.36225054175835 2.4836484680542026 [-0.01864832 -0.08673293 -0.00273026] [-0.27102127  0.41596517  0.86805556] [-0.27102127 -0.86805556  0.41596517] [0.86805556 0.41596517 0.27102127]
2.9261348445786406 2.489180356365455 [-0.00805202  0.00483866 -0.00307107] [ 0.48342694 -0.12431714  0.86651235] [ 0.48342694 -0.86651235 -0.12431714] [ 0.86651235 -0.12431714 -0.48342694]
2.478328671910636 2.426010878560224 [-0.00805202  0.00483866 -0.00307107] [-0.44279441 -0.23613874  0.86496914] [-0.44279441 -0.86496914 -0.23613874] [ 0.86496914 -0.23613874  0.44279441]
2.4234978731626393 2.410459730402089 [-0.01815988  0.05325308 -0.0023337 ] [0.16787543 0.4757242  0.86342593] [ 0.16787543 -0.86342593  0.4757242 ] [ 0.86342593  0.4757242  -0.16787543]
2.4927587079420475 2.4003416259648183 [-0.00877951  0.06610632  0.00442424] [ 0.19859171 -0.46660424  0.86188272] [ 0.19859171 -0.86188272 -0.46660424] [ 0.86188272 -0.46660424 -0.19859171]
2.486040992217825 2.6628043885025785 [-0.00805202  0.00483866 -0.00307107] [-0.4640013   0.21099462  0.86033951] [-0.4640013  -0.86033951  0.21099462] [0.86033951 0.21099462 0.4640013 ]
2.9156507624208294 2.4685369437944065 [-0.00805202  0.00483866 -0.00307107] [0.48713311 0.15865135 0.8587963 ] [ 0.48713311 -0.8587963   0.15865135] [ 0.8587963   0.15865135 -0.48713311]
2.7628820540159493 2.4839084752608835 [-0.00805202  0.00483866 -0.00307107] [ 0.42862883 -0.29440896  0.85416667] [ 0.42862883 -0.85416667 -0.29440896] [ 0.85416667 -0.29440896 -0.42862883]
2.4457170835271276 2.555790987451048 [-0.00805202  0.00483866 -0.00307107] [-0.51742981 -0.0727986   0.85262346] [-0.51742981 -0.85262346 -0.0727986 ] [ 0.85262346 -0.0727986   0.51742981]
2.642248257973444 2.3781232640033183 [-0.00805202  0.00483866 -0.00307107] [0.33395829 0.40513488 0.85108025] [ 0.33395829 -0.85108025  0.40513488] [ 0.85108025  0.40513488 -0.33395829]
2.4318675785392445 2.439229343479987 [-0.00877951  0.06610632  0.00442424] [ 0.02754442 -0.52680938  0.84953704] [ 0.02754442 -0.84953704 -0.52680938] [ 0.84953704 -0.52680938 -0.02754442]
2.497665611460481 2.594292567748442 [-0.02871612 -0.09312269 -0.00099142] [-0.37793139  0.37158355  0.84799383] [-0.37793139 -0.84799383  0.37158355] [0.84799383 0.37158355 0.37793139]
3.0190786364423725 2.4391567079900365 [-0.00805202  0.00483866 -0.00307107] [ 0.53213552 -0.01879202  0.84645062] [ 0.53213552 -0.84645062 -0.01879202] [ 0.84645062 -0.01879202 -0.53213552]
2.457123237757877 2.431058707215509 [-0.00805202  0.00483866 -0.00307107] [-0.4069343  -0.34718287  0.84490741] [-0.4069343  -0.84490741 -0.34718287] [ 0.84490741 -0.34718287  0.4069343 ]
2.4170711246357484 2.463366857418241 [-0.0086798  -0.06634869 -0.00303014] [0.06583975 0.5332935  0.8433642 ] [ 0.06583975 -0.8433642   0.5332935 ] [ 0.8433642   0.5332935  -0.06583975]
2.632096173038723 2.3633186772390036 [-0.00021202 -0.03650061 -0.00208661] [ 0.31308691 -0.4396749   0.84182099] [ 0.31308691 -0.84182099 -0.4396749 ] [ 0.84182099 -0.4396749  -0.31308691]
2.4256920796992585 2.5605781755629087 [-0.00805202  0.00483866 -0.00307107] [-0.53020307  0.11321646  0.84027778] [-0.53020307 -0.84027778  0.11321646] [0.84027778 0.11321646 0.53020307]
2.8202324613317167 2.4425037591992758 [-0.00805202  0.00483866 -0.00307107] [0.46948758 0.27587268 0.83873457] [ 0.46948758 -0.83873457  0.27587268] [ 0.83873457  0.27587268 -0.46948758]
2.4239236525573142 2.4731511063914464 [-0.01900984  0.06634311  0.00538633] [-0.16053175 -0.52281946  0.83719136] [-0.16053175 -0.83719136 -0.52281946] [ 0.83719136 -0.52281946  0.16053175]
2.3757079430960975 2.399497840002645 [-0.0187709  -0.09317727 -0.00090964] [-0.23579938  0.49607542  0.83564815] [-0.23579938 -0.83564815  0.49607542] [0.83564815 0.49607542 0.23579938]
2.8824895018391565 2.4334588496451754 [-0.00805202  0.00483866 -0.00307107] [ 0.51113419 -0.20739042  0.83410494] [ 0.51113419 -0.83410494 -0.20739042] [ 0.83410494 -0.20739042 -0.51113419]
2.4094343797439013 2.5173018988850364 [-0.00805202  0.00483866 -0.00307107] [-0.51916513 -0.19315418  0.83256173] [-0.51916513 -0.83256173 -0.19315418] [ 0.83256173 -0.19315418  0.51916513]
2.5199714225440015 2.385057435425863 [-0.00805202  0.00483866 -0.00307107] [0.25339588 0.49517548 0.83101852] [ 0.25339588 -0.83101852  0.49517548] [ 0.83101852  0.49517548 -0.25339588]
2.4012381524816813 2.417297196168734 [-0.00877951  0.06610632  0.00442424] [ 0.14825011 -0.53850963  0.82947531] [ 0.14825011 -0.82947531 -0.53850963] [ 0.82947531 -0.53850963 -0.14825011]
2.434308706130782 2.639109790151877 [-0.00805202  0.00483866 -0.00307107] [-0.47500835  0.29815349  0.8279321 ] [-0.47500835 -0.8279321   0.29815349] [0.8279321  0.29815349 0.47500835]
3.0090259486175204 2.4044246990188727 [-0.00805202  0.00483866 -0.00307107] [0.55389048 0.10142356 0.82638889] [ 0.55389048 -0.82638889  0.10142356] [ 0.82638889  0.10142356 -0.55389048]
2.5199169935201775 2.4050761143710897 [-0.0086798  -0.06634869 -0.00303014] [-0.34127408 -0.45073452  0.82484568] [-0.34127408 -0.82484568 -0.45073452] [ 0.82484568 -0.45073452  0.34127408]
2.6868421213491818 2.4485043213652125 [-0.00805202  0.00483866 -0.00307107] [ 0.42249183 -0.38237727  0.82175926] [ 0.42249183 -0.82175926 -0.38237727] [ 0.82175926 -0.38237727 -0.42249183]
2.3859987785112335 2.620845549188296 [-0.00805202  0.00483866 -0.00307107] [-0.57204347 -0.00344941  0.82021605] [-0.57204347 -0.82021605 -0.00344941] [ 0.82021605 -0.00344941  0.57204347]
2.7060657856370165 2.4238478285757457 [-0.00805202  0.00483866 -0.00307107] [0.42109487 0.39045344 0.81867284] [ 0.42109487 -0.81867284  0.39045344] [ 0.81867284  0.39045344 -0.42109487]
2.5290291987524323 2.3637377804153847 [-0.01815988  0.05325308 -0.0023337 ] [-0.35482674  0.45707415  0.81558642] [-0.35482674 -0.81558642  0.45707415] [0.81558642 0.45707415 0.35482674]
3.0180833637967783 2.3896615716566103 [-0.00805202  0.00483866 -0.00307107] [ 0.57252546 -0.09771515  0.81404321] [ 0.57252546 -0.81404321 -0.09771515] [ 0.81404321 -0.09771515 -0.57252546]
2.3884945380401437 2.4608128717277786 [-0.00805202  0.00483866 -0.00307107] [-0.48998095 -0.31585189  0.8125    ] [-0.48998095 -0.8125     -0.31585189] [ 0.8125     -0.31585189  0.48998095]
2.4589101181162034 2.423581382715902 [-0.01887178  0.04401781 -0.00248517] [0.14848613 0.56595137 0.81095679] [ 0.14848613 -0.81095679  0.56595137] [ 0.81095679  0.56595137 -0.14848613]
2.4907957349463468 2.4500358500903445 [-0.00877951  0.06610632  0.00442424] [ 0.2738001  -0.5195028   0.80941358] [ 0.2738001  -0.80941358 -0.5195028 ] [ 0.80941358 -0.5195028  -0.2738001 ]
2.3867810259551354 2.761130708130487 [-0.00805202  0.00483866 -0.00307107] [-0.55480762  0.19883152  0.80787037] [-0.55480762 -0.80787037  0.19883152] [0.80787037 0.19883152 0.55480762]
2.901385524899691 2.3778023937160855 [-0.00805202  0.00483866 -0.00307107] [0.54535172 0.22897165 0.80632716] [ 0.54535172 -0.80632716  0.22897165] [ 0.80632716  0.22897165 -0.54535172]
2.3671640342923275 2.7140956985896825 [-0.01900984  0.06634311  0.00538633] [-0.24833504 -0.53912197  0.80478395] [-0.24833504 -0.80478395 -0.53912197] [ 0.80478395 -0.53912197  0.24833504]
2.80700553835556 2.3851327591461478 [-0.00805202  0.00483866 -0.00307107] [ 0.51896042 -0.29658245  0.80169753] [ 0.51896042 -0.80169753 -0.29658245] [ 0.80169753 -0.29658245 -0.51896042]
2.4958413837412725 3.113844233573173 [-0.01815988  0.05325308 -0.0023337 ] [-0.58501723 -0.13231745  0.80015432] [-0.58501723 -0.80015432 -0.13231745] [ 0.80015432 -0.13231745  0.58501723]
2.59950403741078 2.4118747533183926 [-0.01815988  0.05325308 -0.0023337 ] [0.34316506 0.49442698 0.79861111] [ 0.34316506 -0.79861111  0.49442698] [ 0.79861111  0.49442698 -0.34316506]
2.375326005345837 2.505989137059351 [-0.00877951  0.06610632  0.00442424] [ 0.08121605 -0.59840347  0.7970679 ] [ 0.08121605 -0.7970679  -0.59840347] [ 0.7970679  -0.59840347 -0.08121605]
2.426364834351768 2.58482538174327 [-0.00805202  0.00483866 -0.00307107] [-0.46566316  0.38768323  0.79552469] [-0.46566316 -0.79552469  0.38768323] [0.79552469 0.38768323 0.46566316]
2.3912349049150703 2.4661596977882203 [-0.02925757  0.01320627 -0.002767  ] [0.60726029 0.02878106 0.79398148] [ 0.60726029 -0.79398148  0.02878106] [ 0.79398148  0.02878106 -0.60726029]
2.3760336987651036 2.4188516292494886 [-0.00805202  0.00483866 -0.00307107] [-0.4297498  -0.43284719  0.79243827] [-0.4297498  -0.79243827 -0.43284719] [ 0.79243827 -0.43284719  0.4297498 ]
2.425564893489704 2.5674355050209474 [-0.00913144 -0.09402277  0.0069255 ] [0.02458037 0.61145794 0.79089506] [ 0.02458037 -0.79089506  0.61145794] [ 0.79089506  0.61145794 -0.02458037]
2.596410932247542 2.4299691456029793 [-0.00827416  0.01368106 -0.00309324] [ 0.39619284 -0.46899348  0.78935185] [ 0.39619284 -0.78935185 -0.46899348] [ 0.78935185 -0.46899348 -0.39619284]
2.5318045213142066 2.787674664276271 [-0.02925757  0.01320627 -0.002767  ] [-0.61090369  0.07844884  0.78780864] [-0.61090369 -0.78780864  0.07844884] [0.78780864 0.07844884 0.61090369]
2.774091911018002 2.3589034670360367 [-0.00805202  0.00483866 -0.00307107] [0.5050621  0.35594795 0.78626543] [ 0.5050621  -0.78626543  0.35594795] [ 0.78626543  0.35594795 -0.5050621 ]
2.361204484682135 2.4906622856008553 [-0.0187709  -0.09317727 -0.00090964] [-0.31239272  0.53762573  0.78317901] [-0.31239272 -0.78317901  0.53762573] [0.78317901 0.53762573 0.31239272]
2.371339030800817 2.376682440294008 [-0.02871841  0.02439762 -0.00249971] [ 0.59536023 -0.18598835  0.7816358 ] [ 0.59536023 -0.7816358  -0.18598835] [ 0.7816358  -0.18598835 -0.59536023]
2.360625136270415 2.638796614260888 [-0.01815988  0.05325308 -0.0023337 ] [-0.56637964 -0.26583764  0.78009259] [-0.56637964 -0.78009259 -0.26583764] [ 0.78009259 -0.26583764  0.56637964]
2.4843285218447604 2.444217140849602 [-0.0086798  -0.06634869 -0.00303014] [0.23879024 0.58037926 0.77854938] [ 0.23879024 -0.77854938  0.58037926] [ 0.77854938  0.58037926 -0.23879024]
2.393645888482502 2.5418068860287732 [-0.00877951  0.06610632  0.00442424] [ 0.21662121 -0.59104709  0.77700617] [ 0.21662121 -0.77700617 -0.59104709] [ 0.77700617 -0.59104709 -0.21662121]
2.3758926703896552 2.5540451385819742 [-0.01894538  0.0125743  -0.00308407] [-0.56066354  0.29036802  0.77546296] [-0.56066354 -0.77546296  0.29036802] [0.77546296 0.29036802 0.56066354]
2.398471689552587 2.4282258559830128 [-0.02925757  0.01320627 -0.002767  ] [0.61138186 0.16510735 0.77391975] [ 0.61138186 -0.77391975  0.16510735] [ 0.77391975  0.16510735 -0.61138186]
2.4793162447894463 2.362133201951175 [-0.0086798  -0.06634869 -0.00303014] [-0.34029343 -0.536316    0.77237654] [-0.34029343 -0.77237654 -0.536316  ] [ 0.77237654 -0.536316    0.34029343]
2.714973031628515 2.3799983798826867 [-0.00827416  0.01368106 -0.00309324] [ 0.50747854 -0.38814719  0.76929012] [ 0.50747854 -0.76929012 -0.38814719] [ 0.76929012 -0.38814719 -0.50747854]
2.4854237854905947 2.3805410715906454 [-0.00805202  0.00483866 -0.00307107] [-0.63823486 -0.05675335  0.76774691] [-0.63823486 -0.76774691 -0.05675335] [ 0.76774691 -0.05675335  0.63823486]
2.642058899518397 2.3651680266485853 [-0.00047517 -0.02613961 -0.00209827] [0.43352259 0.47433115 0.7662037 ] [ 0.43352259 -0.7662037   0.47433115] [ 0.7662037   0.47433115 -0.43352259]
2.4057595028253784 2.5091982174752534 [-0.0093848   0.06254954  0.18668132] [ 7.42135451e-04 -6.44432912e-01  7.64660494e-01] [ 7.42135451e-04 -7.64660494e-01 -6.44432912e-01] [ 7.64660494e-01 -6.44432912e-01 -7.42135451e-04]
2.388119479290284 2.494018616438959 [-0.00805202  0.00483866 -0.00307107] [-0.43709086  0.47602898  0.76311728] [-0.43709086 -0.76311728  0.47602898] [0.76311728 0.47602898 0.43709086]
3.0768854954651923 2.4086881475224438 [-0.00805202  0.00483866 -0.00307107] [ 0.64566123 -0.05591517  0.76157407] [ 0.64566123 -0.76157407 -0.05591517] [ 0.76157407 -0.05591517 -0.64566123]
2.3685194793662214 2.604949760766644 [-0.00886758 -0.03659696 -0.00308739] [-0.51529509 -0.39601017  0.76003086] [-0.51529509 -0.76003086 -0.39601017] [ 0.76003086 -0.39601017  0.51529509]
2.431051443855493 2.566451341504351 [-0.00913144 -0.09402277  0.0069255 ] [0.11277309 0.64185568 0.75848765] [ 0.11277309 -0.75848765  0.64185568] [ 0.75848765  0.64185568 -0.11277309]
2.4925712350558507 2.469950780834926 [-0.00877951  0.06610632  0.00442424] [ 0.35137537 -0.55097228  0.75694444] [ 0.35137537 -0.75694444 -0.55097228] [ 0.75694444 -0.55097228 -0.35137537]
2.4859157388218867 2.3673113489105426 [-0.00805202  0.00483866 -0.00307107] [-0.63299238  0.16938012  0.75540123] [-0.63299238 -0.75540123  0.16938012] [0.75540123 0.16938012 0.63299238]
2.5748699162232525 2.4893467301641037 [-0.01864832 -0.08673293 -0.00273026] [0.58273763 0.30350442 0.75385802] [ 0.58273763 -0.75385802  0.30350442] [ 0.75385802  0.30350442 -0.58273763]
2.482695545842841 2.3779243575021867 [-0.01815988  0.05325308 -0.0023337 ] [ 0.6002013  -0.28002716  0.7492284 ] [ 0.6002013  -0.7492284  -0.28002716] [ 0.7492284  -0.28002716 -0.6002013 ]
2.45608692914763 2.3659100887191373 [-0.00805202  0.00483866 -0.00307107] [-0.6333866  -0.19947     0.74768519] [-0.6333866  -0.74768519 -0.19947   ] [ 0.74768519 -0.19947     0.6333866 ]
2.5268600918196564 2.394203296343829 [-0.0086798  -0.06634869 -0.00303014] [0.33316698 0.57643032 0.74614198] [ 0.33316698 -0.74614198  0.57643032] [ 0.74614198  0.57643032 -0.33316698]
2.394410047587494 2.548116436275513 [-0.0093848   0.06254954  0.18668132] [ 0.14407855 -0.65177761  0.74459877] [ 0.14407855 -0.74459877 -0.65177761] [ 0.74459877 -0.65177761 -0.14407855]
2.3783464879043636 2.588752137046714 [-0.01887178  0.04401781 -0.00248517] [-0.54791459  0.38426299  0.74305556] [-0.54791459 -0.74305556  0.38426299] [0.74305556 0.38426299 0.54791459]
2.375582683063417 2.404220517529876 [-0.04079205  0.03350207 -0.00138774] [0.66527614 0.08698906 0.74151235] [ 0.66527614 -0.74151235  0.08698906] [ 0.74151235  0.08698906 -0.66527614]
2.359722792708704 2.4663159896841833 [-0.00886758 -0.03659696 -0.00308739] [-0.43288875 -0.51483299  0.73996914] [-0.43288875 -0.73996914 -0.51483299] [ 0.73996914 -0.51483299  0.43288875]
2.6239022807763313 2.507050349509951 [-0.00637021  0.03403253 -0.00285979] [ 0.47740289 -0.47863383  0.73688272] [ 0.47740289 -0.73688272 -0.47863383] [ 0.73688272 -0.47863383 -0.47740289]
2.43974137119572 2.432827304166629 [-0.00805202  0.00483866 -0.00307107] [-0.67701114  0.03052426  0.73533951] [-0.67701114 -0.73533951  0.03052426] [0.73533951 0.03052426 0.67701114]
2.4657645368698606 2.5278559372632805 [-0.01864832 -0.08673293 -0.00273026] [0.52110725 0.43587869 0.7337963 ] [ 0.52110725 -0.7337963   0.43587869] [ 0.7337963   0.43587869 -0.52110725]
2.356311261332773 2.555788539563647 [-0.0093848   0.06254954  0.18668132] [-0.09003631 -0.67505472  0.73225309] [-0.09003631 -0.73225309 -0.67505472] [ 0.73225309 -0.67505472  0.09003631]
2.4033531148919405 2.4175292540940245 [-0.01894538  0.0125743  -0.00308407] [-0.39055002  0.55994085  0.73070988] [-0.39055002 -0.73070988  0.55994085] [0.73070988 0.55994085 0.39055002]
2.373726898272925 2.4325447826777644 [-0.04014206  0.05356095 -0.00115772] [ 0.6678223  -0.14943006  0.72916667] [ 0.6678223  -0.72916667 -0.14943006] [ 0.72916667 -0.14943006 -0.6678223 ]
2.409425980582401 2.615547963555344 [-0.01894538  0.0125743  -0.00308407] [-0.59479246 -0.34173972  0.72762346] [-0.59479246 -0.72762346 -0.34173972] [ 0.72762346 -0.34173972  0.59479246]
2.3878494352105197 2.627639073106041 [-0.00913144 -0.09402277  0.0069255 ] [0.20823419 0.65532129 0.72608025] [ 0.20823419 -0.72608025  0.65532129] [ 0.72608025  0.65532129 -0.20823419]
2.3913039577333586 2.5691883659428596 [-0.00877951  0.06610632  0.00442424] [ 0.2898014  -0.62534889  0.72453704] [ 0.2898014  -0.72453704 -0.62534889] [ 0.72453704 -0.62534889 -0.2898014 ]
2.4416728893622697 2.3688567157219023 [-0.00805202  0.00483866 -0.00307107] [-0.63760149  0.26597794  0.72299383] [-0.63760149 -0.72299383  0.26597794] [0.72299383 0.26597794 0.63760149]
2.358662640290249 2.3626050838013306 [-0.04079205  0.03350207 -0.00138774] [0.65132868 0.23511689 0.72145062] [ 0.65132868 -0.72145062  0.23511689] [ 0.72145062  0.23511689 -0.65132868]
2.3750754907399405 2.3641941314416015 [ 0.00199431 -0.09535255  0.11629851] [-0.17809331  0.67248469  0.7183642 ] [-0.17809331 -0.7183642   0.67248469] [0.7183642  0.67248469 0.17809331]
2.4347643649700736 2.4470468905666913 [-0.01815988  0.05325308 -0.0023337 ] [ 0.58691575 -0.37642739  0.71682099] [ 0.58691575 -0.71682099 -0.37642739] [ 0.71682099 -0.37642739 -0.58691575]
2.4047219481838438 2.4459978475490387 [-0.00805202  0.00483866 -0.00307107] [-0.68860627 -0.11915997  0.71527778] [-0.68860627 -0.71527778 -0.11915997] [ 0.71527778 -0.11915997  0.68860627]
2.5571815442239743 2.437870333221224 [-0.0085056  -0.09321245 -0.00076934] [0.428229   0.55425886 0.71373457] [ 0.428229   -0.71373457  0.55425886] [ 0.71373457  0.55425886 -0.428229  ]
2.3832625385415005 2.3602802289194225 [-0.04014206  0.05356095 -0.00115772] [ 0.70509807 -0.00262769  0.70910494] [ 0.70509807 -0.70910494 -0.00262769] [ 0.70910494 -0.00262769 -0.70509807]
2.468883753871993 2.5301991437843956 [-0.01931019 -0.05637856 -0.00303646] [-0.52283811 -0.47539111  0.70756173] [-0.52283811 -0.70756173 -0.47539111] [ 0.70756173 -0.47539111  0.52283811]
2.50719055445674 2.463613475441054 [-0.0069436   0.05471209 -0.00239661] [ 0.42972438 -0.56484644  0.70447531] [ 0.42972438 -0.70447531 -0.56484644] [ 0.70447531 -0.56484644 -0.42972438]
2.4063271976482032 2.4581206576424726 [-0.00805202  0.00483866 -0.00307107] [-0.69991777  0.12649737  0.7029321 ] [-0.69991777 -0.7029321   0.12649737] [0.7029321  0.12649737 0.69991777]
2.5704188358702624 2.4458568605899096 [-0.01864832 -0.08673293 -0.00273026] [0.60283242 0.38032446 0.70138889] [ 0.60283242 -0.70138889  0.38032446] [ 0.70138889  0.38032446 -0.60283242]
2.360495677191839 2.5137327257323645 [-0.0093848   0.06254954  0.18668132] [-0.18800321 -0.68910871  0.69984568] [-0.18800321 -0.69984568 -0.68910871] [ 0.69984568 -0.68910871  0.18800321]
2.3790156866601193 2.3882224270982473 [-0.04079205  0.03350207 -0.00138774] [ 0.67285823 -0.24857259  0.69675926] [ 0.67285823 -0.69675926 -0.24857259] [ 0.69675926 -0.24857259 -0.67285823]
2.378832591073719 2.404996181340894 [-0.00805202  0.00483866 -0.00307107] [-0.66543784 -0.27178508  0.69521605] [-0.66543784 -0.69521605 -0.27178508] [ 0.69521605 -0.27178508  0.66543784]
2.424764203393072 2.5870494061626226 [-0.00913144 -0.09402277  0.0069255 ] [0.30772126 0.65124928 0.69367284] [ 0.30772126 -0.69367284  0.65124928] [ 0.69367284  0.65124928 -0.30772126]
2.360199100650425 2.9523351527158317 [-0.03951131  0.06629923  0.14577682] [ 0.21344705 -0.68949034  0.69212963] [ 0.21344705 -0.69212963 -0.68949034] [ 0.69212963 -0.68949034 -0.21344705]
2.3690891890884167 2.383578398355974 [1.15365870e-02 1.37498750e-02 5.49836957e-05] [-0.73002314 -0.02746394  0.68287037] [-0.73002314 -0.68287037 -0.02746394] [ 0.68287037 -0.02746394  0.73002314]
2.4317856521855754 2.358873381882407 [-0.01864832 -0.08673293 -0.00273026] [0.52076884 0.51438616 0.68132716] [ 0.52076884 -0.68132716  0.51438616] [ 0.68132716  0.51438616 -0.52076884]
2.392291696365479 2.5698383033860894 [-0.00877951  0.06610632  0.00442424] [ 0.36576034 -0.643851    0.6720679 ] [ 0.36576034 -0.6720679  -0.643851  ] [ 0.6720679  -0.643851   -0.36576034]
2.366288617499221 2.4620863981323216 [-0.00805202  0.00483866 -0.00307107] [-0.70594537  0.22811789  0.67052469] [-0.70594537 -0.67052469  0.22811789] [0.67052469 0.22811789 0.70594537]
2.3716214085155656 2.3713596300635746 [ 0.01138014 -0.04599979 -0.00062293] [-0.72476258 -0.18815928  0.66280864] [-0.72476258 -0.66280864 -0.18815928] [ 0.66280864 -0.18815928  0.72476258]
2.3587556426332643 2.401941702224972 [ 0.01929518 -0.06546136  0.04653139] [-0.75603033  0.07291141  0.65046296] [-0.75603033 -0.65046296  0.07291141] [0.65046296 0.07291141 0.75603033]
2.38434378916438 2.4206667724456845 [-0.00016831 -0.06631086 -0.00221784] [-0.68286838 -0.34722786  0.64274691] [-0.68286838 -0.64274691 -0.34722786] [ 0.64274691 -0.34722786  0.68286838]
2.359547575017393 2.4237826615047084 [ 0.00175682 -0.09400059  0.0154755 ] [0.26943051 0.71851584 0.6412037 ] [ 0.26943051 -0.6412037   0.71851584] [ 0.6412037   0.71851584 -0.26943051]
2.3628683169331337 2.4176287392053 [ 0.00047513  0.03442093 -0.00171804] [-0.6945264   0.33232425  0.63811728] [-0.6945264  -0.63811728  0.33232425] [0.63811728 0.33232425 0.6945264 ]
2.3964187963637285 2.375752795797704 [-0.02882356  0.06402647 -0.00091136] [ 0.69956454 -0.41811221  0.57947531] [ 0.69956454 -0.57947531 -0.41811221] [ 0.57947531 -0.41811221 -0.69956454]
2.3633348378096626 2.359099431068682 [-0.04436135  0.04355737  0.00028777] [ 0.72228778 -0.48339675  0.49459877] [ 0.72228778 -0.49459877 -0.48339675] [ 0.49459877 -0.48339675 -0.72228778]
2.3670641283512652 2.3693746837404763 [-0.02873056  0.06645646  0.01635428] [ 0.64376728 -0.7084061  -0.28935185] [ 0.64376728  0.28935185 -0.7084061 ] [-0.28935185 -0.7084061  -0.64376728]
2.382515816194128 2.3640713386780465 [0.01157766 0.06298256 0.19625719] [-0.73369975 -0.54665581 -0.40354938] [-0.73369975  0.40354938 -0.54665581] [-0.40354938 -0.54665581  0.73369975]
2.357237126077407 2.359869889203737 [-0.02861333  0.0657794   0.19615954] [-0.5190863  -0.70985704 -0.47608025] [-0.5190863   0.47608025 -0.70985704] [-0.47608025 -0.70985704  0.5190863 ]
2.3657159759932265 2.3969182766329964 [0.01579583 0.05732822 0.19377074] [-0.7254469  -0.48494011 -0.48842593] [-0.7254469   0.48842593 -0.48494011] [-0.48842593 -0.48494011  0.7254469 ]
2.3578817282383224 2.3620611705561214 [-0.01877379 -0.08774564  0.20956728] [-0.58046905  0.61140621 -0.53780864] [-0.58046905  0.53780864  0.61140621] [-0.53780864  0.61140621  0.58046905]
2.356410723038138 2.386160211809676 [-0.04681863 -0.07542771  0.18672597] [ 0.76160096 -0.33999091 -0.55169753] [ 0.76160096  0.55169753 -0.33999091] [-0.55169753 -0.33999091 -0.76160096]
2.3695374069484707 2.3577317889738683 [-0.00902927 -0.08720306  0.20962018] [-0.68732953  0.46514381 -0.55787037] [-0.68732953  0.55787037  0.46514381] [-0.55787037  0.46514381  0.68732953]
2.384589367082279 2.500679009701887 [-0.00903264  0.05469958  0.20916703] [-0.58644831 -0.55135951 -0.5933642 ] [-0.58644831  0.5933642  -0.55135951] [-0.5933642  -0.55135951  0.58644831]
2.4721919169160103 2.3579904800046725 [0.02008695 0.02273186 0.18648595] [-0.79098889  0.12938302 -0.59799383] [-0.79098889  0.59799383  0.12938302] [-0.59799383  0.12938302  0.79098889]
2.392346047693386 2.417618936547483 [-0.04681863 -0.07542771  0.18672597] [ 0.75197998 -0.26364512 -0.60416667] [ 0.75197998  0.60416667 -0.26364512] [-0.60416667 -0.26364512 -0.75197998]
2.380561320663932 2.356212779610181 [0.02006721 0.01387861 0.18654888] [-0.73149853 -0.31309015 -0.60570988] [-0.73149853  0.60570988 -0.31309015] [-0.60570988 -0.31309015  0.73149853]
2.4805193345591063 2.3593693772602644 [0.00214514 0.03392041 0.20893994] [-0.78497707 -0.04264191 -0.61805556] [-0.78497707  0.61805556 -0.04264191] [-0.61805556 -0.04264191  0.78497707]
2.503898110084055 2.35957189078916 [-0.02783242 -0.08688944  0.20954624] [-0.50906877  0.5942324  -0.62268519] [-0.50906877  0.62268519  0.5942324 ] [-0.62268519  0.5942324   0.50906877]
2.4714922126381316 2.3950893943584544 [-0.00903264  0.05469958  0.20916703] [-0.63445687 -0.45373382 -0.6257716 ] [-0.63445687  0.6257716  -0.45373382] [-0.6257716  -0.45373382  0.63445687]
2.4648232188466443 2.356318603758942 [0.0015449  0.04342832 0.20888681] [-0.74253722  0.22634655 -0.63040123] [-0.74253722  0.63040123  0.22634655] [-0.63040123  0.22634655  0.74253722]
2.3923194408633703 2.396312279060454 [0.01705456 0.05183635 0.18775452] [-0.74190644 -0.20586685 -0.63811728] [-0.74190644  0.63811728 -0.20586685] [-0.63811728 -0.20586685  0.74190644]
2.44791588018818 2.4244569144873087 [-0.00902927 -0.08720306  0.20962018] [-0.6116982   0.46119596 -0.64274691] [-0.6116982   0.64274691  0.46119596] [-0.64274691  0.46119596  0.6116982 ]
2.4382603645064918 2.3958569436726656 [0.00214514 0.03392041 0.20893994] [-0.75714044  0.06030167 -0.65046296] [-0.75714044  0.65046296  0.06030167] [-0.65046296  0.06030167  0.75714044]
2.422082564014167 2.413389969344077 [-0.02891109 -0.09467397  0.1969328 ] [-0.41064994  0.63420842 -0.65509259] [-0.41064994  0.65509259  0.63420842] [-0.65509259  0.63420842  0.41064994]
2.387195523830802 2.3614425772971175 [-0.04673179 -0.08628977  0.19723186] [ 0.72990453 -0.18991787 -0.6566358 ] [ 0.72990453  0.6566358  -0.18991787] [-0.6566358  -0.18991787 -0.72990453]
2.3707118439497945 2.3614828645796577 [-0.0398589   0.06653383  0.01681837] [ 0.29180562 -0.69106983 -0.66126543] [ 0.29180562  0.66126543 -0.69106983] [-0.66126543 -0.69106983 -0.29180562]
2.3654577964361927 2.38389782185 [ 0.001473   -0.06538224  0.20922616] [-0.68074005  0.31189371 -0.66280864] [-0.68074005  0.66280864  0.31189371] [-0.66280864  0.31189371  0.68074005]
2.379638951299283 2.6522489938316616 [-0.01856329  0.06543783  0.19653923] [-0.36885729 -0.64848135 -0.66589506] [-0.36885729  0.66589506 -0.64848135] [-0.66589506 -0.64848135  0.36885729]
2.3822642997561876 2.428222150087309 [0.01705456 0.05183635 0.18775452] [-0.73494312 -0.10126824 -0.67052469] [-0.73494312  0.67052469 -0.10126824] [-0.67052469 -0.10126824  0.73494312]
2.361840875396052 2.529770483864314 [-0.00949297 -0.07652561  0.20953902] [-0.5245404   0.51867525 -0.67515432] [-0.5245404   0.67515432  0.51867525] [-0.67515432  0.51867525  0.5245404 ]
2.3863460261617617 2.4548687781588017 [-0.00903264  0.05469958  0.20916703] [-0.56038431 -0.47535137 -0.67824074] [-0.56038431  0.67824074 -0.47535137] [-0.67824074 -0.47535137  0.56038431]
2.393177918801717 2.4314692425183257 [0.0015449  0.04342832 0.20888681] [-0.71399596  0.1545892  -0.68287037] [-0.71399596  0.68287037  0.1545892 ] [-0.68287037  0.1545892   0.71399596]
2.386566142362472 2.3578716248914082 [-0.02742797  0.04342912  0.20884703] [ 0.62965349  0.36757928 -0.68441358] [0.62965349 0.68441358 0.36757928] [-0.68441358  0.36757928 -0.62965349]
2.3609047911749164 2.357185710248971 [ 0.00045534 -0.0061659   0.2092425 ] [-0.67857088 -0.25026379 -0.69058642] [-0.67857088  0.69058642 -0.25026379] [-0.69058642 -0.25026379  0.67857088]
2.4921814393185655 2.482685071647132 [-0.00949297 -0.07652561  0.20953902] [-0.60771693  0.38386818 -0.69521605] [-0.60771693  0.69521605  0.38386818] [-0.69521605  0.38386818  0.60771693]
2.356393055875393 2.3672931081766673 [-0.02891109 -0.09467397  0.1969328 ] [-0.06471223  0.7113567  -0.69984568] [-0.06471223  0.69984568  0.7113567 ] [-0.69984568  0.7113567   0.06471223]
2.6447140626769388 2.40642932094723 [-0.00827926  0.04380071  0.20914667] [-0.71125336 -0.00226391 -0.7029321 ] [-0.71125336  0.7029321  -0.00226391] [-0.7029321  -0.00226391  0.71125336]
2.641252099207848 2.3585072699969296 [-0.00827926  0.04380071  0.20914667] [-0.43173709  0.55942782 -0.70756173] [-0.43173709  0.70756173  0.55942782] [-0.70756173  0.55942782  0.43173709]
2.4737780818566324 2.507530651327764 [-0.01817157 -0.07636797  0.20975848] [ 0.6947118  -0.12060558 -0.70910494] [ 0.6947118   0.70910494 -0.12060558] [-0.70910494 -0.12060558 -0.6947118 ]
2.4453307395867308 2.5224764172754175 [-0.00827926  0.04380071  0.20914667] [-0.59241706 -0.37950129 -0.71064815] [-0.59241706  0.71064815 -0.37950129] [-0.71064815 -0.37950129  0.59241706]
2.363898486181645 2.381601595935284 [-0.02891109 -0.09467397  0.1969328 ] [ 0.18007971  0.67849449 -0.71219136] [0.18007971 0.71219136 0.67849449] [-0.71219136  0.67849449 -0.18007971]
2.5674358375634503 2.361391850775285 [-0.00827926  0.04380071  0.20914667] [-0.65719526  0.23763858 -0.71527778] [-0.65719526  0.71527778  0.23763858] [-0.71527778  0.23763858  0.65719526]
2.410957717275751 2.3802092434393156 [-0.02088292  0.04391799  0.20944531] [ 0.64365657  0.26809307 -0.71682099] [0.64365657 0.71682099 0.26809307] [-0.71682099  0.26809307 -0.64365657]
2.3661041232069167 2.7916421779607874 [0.00109268 0.06419637 0.16588054] [-0.29284872 -0.63102497 -0.7183642 ] [-0.29284872  0.7183642  -0.63102497] [-0.7183642  -0.63102497  0.29284872]
2.365703915347648 2.9084437865535366 [ 0.00174724 -0.09532885  0.14633588] [-0.20983087  0.66159227 -0.71990741] [-0.20983087  0.71990741  0.66159227] [-0.71990741  0.66159227  0.20983087]
2.3650776774310507 2.889657854696539 [0.0014347  0.05401875 0.20884208] [ 0.60023136 -0.34529888 -0.72145062] [ 0.60023136  0.72145062 -0.34529888] [-0.72145062 -0.34529888 -0.60023136]
2.5961765164995168 2.4485738505775045 [-0.00827926  0.04380071  0.20914667] [-0.67426526 -0.15048681 -0.72299383] [-0.67426526  0.72299383 -0.15048681] [-0.72299383 -0.15048681  0.67426526]
2.3895307592752784 2.3753124000665187 [-0.00904466  0.03305004  0.20928296] [ 0.39460315  0.56509684 -0.72453704] [0.39460315 0.72453704 0.56509684] [-0.72453704  0.56509684 -0.39460315]
2.3729623360345893 2.8819513743737266 [0.00115078 0.06310873 0.17806607] [ 0.09053528 -0.68162368 -0.72608025] [ 0.09053528  0.72608025 -0.68162368] [-0.72608025 -0.68162368 -0.09053528]
2.3936448892637623 2.3855501971742035 [-0.00827926  0.04380071  0.20914667] [-0.52593589  0.44040384 -0.72762346] [-0.52593589  0.72762346  0.44040384] [-0.72762346  0.44040384  0.52593589]
2.387233063464473 2.7395383109443023 [-0.00827926  0.04380071  0.20914667] [ 0.68365831  0.0304515  -0.72916667] [0.68365831 0.72916667 0.0304515 ] [-0.72916667  0.0304515  -0.68365831]
2.5916590195212406 2.49834159365591 [-0.02029773  0.05397138  0.20945314] [-0.4823742  -0.48309234 -0.73070988] [-0.4823742   0.73070988 -0.48309234] [-0.73070988 -0.48309234  0.4823742 ]
2.3808105839438243 3.0019972893579765 [-0.00854818 -0.09476878  0.19608369] [ 0.02929233  0.68040236 -0.73225309] [0.02929233 0.73225309 0.68040236] [-0.73225309  0.68040236 -0.02929233]
2.380775661580068 2.630534607547635 [0.00126732 0.06421102 0.20668735] [ 0.43693635 -0.52022075 -0.7337963 ] [ 0.43693635  0.7337963  -0.52022075] [-0.7337963  -0.52022075 -0.43693635]
2.590297610818912 2.407579705279084 [-0.00827926  0.04380071  0.20914667] [-0.6719309   0.08823082 -0.73533951] [-0.6719309   0.73533951  0.08823082] [-0.73533951  0.08823082  0.6719309 ]
2.4715749088826984 2.6069833719319218 [-0.00904466  0.03305004  0.20928296] [ 0.55368541  0.38786123 -0.73688272] [0.55368541 0.73688272 0.38786123] [-0.73688272  0.38786123 -0.55368541]
2.397365168348191 3.0636063110431024 [0.00115078 0.06310873 0.17806607] [-0.14590908 -0.65835985 -0.73842593] [-0.14590908  0.73842593 -0.65835985] [-0.73842593 -0.65835985  0.14590908]
2.422175862824541 2.7360133066961776 [-0.01877379 -0.08774564  0.20956728] [-0.33628008  0.58254732 -0.73996914] [-0.33628008  0.73996914  0.58254732] [-0.73996914  0.58254732  0.33628008]
2.3966452745589613 3.0604268318854433 [-0.00903264  0.05469958  0.20916703] [ 0.63984479 -0.20188632 -0.74151235] [ 0.63984479  0.74151235 -0.20188632] [-0.74151235 -0.20188632 -0.63984479]
2.488524735495565 2.5068700858699797 [-0.00827926  0.04380071  0.20914667] [-0.60662432 -0.28262232 -0.74305556] [-0.60662432  0.74305556 -0.28262232] [-0.74305556 -0.28262232  0.60662432]
2.358078723926255 2.650593137626327 [-0.01815248 -0.06636193  0.20970355] [ 0.25573927  0.61657936 -0.74459877] [0.25573927 0.74459877 0.61657936] [-0.74459877  0.61657936 -0.25573927]
2.3604547561154803 2.501887060672161 [-0.00904466  0.03305004  0.20928296] [ 0.22733005 -0.62577408 -0.74614198] [ 0.22733005  0.74614198 -0.62577408] [-0.74614198 -0.62577408 -0.22733005]
2.4784404378804568 2.4042141888709576 [-0.00827926  0.04380071  0.20914667] [-0.58879338  0.3070655  -0.74768519] [-0.58879338  0.74768519  0.3070655 ] [-0.74768519  0.3070655   0.58879338]
2.436779109276056 2.675633238844312 [-0.00827926  0.04380071  0.20914667] [ 0.63989498  0.17085439 -0.7492284 ] [0.63989498 0.7492284  0.17085439] [-0.7492284   0.17085439 -0.63989498]
2.454895853456867 2.658273503521208 [-0.02029773  0.05397138  0.20945314] [-0.35548648 -0.55675072 -0.7507716 ] [-0.35548648  0.7507716  -0.55675072] [-0.7507716  -0.55675072  0.35548648]
2.4437073522190307 2.8806700951065656 [-0.00854818 -0.09476878  0.19608369] [-0.11365175  0.64892657 -0.75231481] [-0.11365175  0.75231481  0.64892657] [-0.75231481  0.64892657  0.11365175]
2.4123968172777364 2.9887076207512617 [0.0014347  0.05401875 0.20884208] [ 0.52074685 -0.40065047 -0.75385802] [ 0.52074685  0.75385802 -0.40065047] [-0.75385802 -0.40065047 -0.52074685]
2.536404814126886 2.405531471787618 [-0.00903264  0.05469958  0.20916703] [-0.65284973 -0.05618009 -0.75540123] [-0.65284973  0.75540123 -0.05618009] [-0.75540123 -0.05618009  0.65284973]
2.5337967042115856 2.3916565216011247 [-0.02088292  0.04391799  0.20944531] [ 0.44223515  0.48110621 -0.75694444] [0.44223515 0.75694444 0.48110621] [-0.75694444  0.48110621 -0.44223515]
2.4170966112140992 3.0731084016600247 [-0.00895785  0.06413395  0.16591328] [-0.00110482 -0.65168647 -0.75848765] [-0.00110482  0.75848765 -0.65168647] [-0.75848765 -0.65168647  0.00110482]
2.58751919787803 2.5101663735791355 [-0.0277401  -0.04609116  0.20919594] [-0.43817931  0.47994998 -0.76003086] [-0.43817931  0.76003086  0.47994998] [-0.76003086  0.47994998  0.43817931]
2.4016005457818324 2.9613921196267707 [-0.00903264  0.05469958  0.20916703] [ 0.64549943 -0.05775309 -0.76157407] [ 0.64549943  0.76157407 -0.05775309] [-0.76157407 -0.05775309 -0.64549943]
2.683713143097039 2.4004058581475873 [-0.02029773  0.05397138  0.20945314] [-0.51353832 -0.39233966 -0.76311728] [-0.51353832  0.76311728 -0.39233966] [-0.76311728 -0.39233966  0.51353832]
2.408010951297886 2.9187723739876996 [-0.00854818 -0.09476878  0.19608369] [ 0.11332432  0.63439099 -0.76466049] [0.11332432 0.76466049 0.63439099] [-0.76466049  0.63439099 -0.11332432]
2.5160640793863775 2.4325334992321435 [-0.00903264  0.05469958  0.20916703] [-0.61850214  0.16739109 -0.76774691] [-0.61850214  0.76774691  0.16739109] [-0.76774691  0.16739109  0.61850214]
2.4999360002598463 2.561646696191824 [-0.00827926  0.04380071  0.20914667] [ 0.56748886  0.29351166 -0.76929012] [0.56748886 0.76929012 0.29351166] [-0.76929012  0.29351166 -0.56748886]
2.530833356392607 2.385367961507478 [-0.02891109 -0.09467397  0.1969328 ] [-0.24135555  0.58752189 -0.77237654] [-0.24135555  0.77237654  0.58752189] [-0.77237654  0.58752189  0.24135555]
2.4449424861813274 2.852393412380545 [0.0014347  0.05401875 0.20884208] [ 0.57313086 -0.26938678 -0.77391975] [ 0.57313086  0.77391975 -0.26938678] [-0.77391975 -0.26938678 -0.57313086]
2.4850962771697915 2.5082431840816377 [-0.00903264  0.05469958  0.20916703] [-0.60277209 -0.18794413 -0.77546296] [-0.60277209  0.77546296 -0.18794413] [-0.77546296 -0.18794413  0.60277209]
2.3899495069192525 2.726084347089652 [-0.01815248 -0.06636193  0.20970355] [ 0.31655545  0.5441085  -0.77700617] [0.31655545 0.77700617 0.5441085 ] [-0.77700617  0.5441085  -0.31655545]
2.417374309472102 2.5339064382510967 [-0.01866567  0.06410749  0.20687827] [ 0.133715   -0.61317302 -0.77854938] [ 0.133715    0.77854938 -0.61317302] [-0.77854938 -0.61317302 -0.133715  ]
2.383829280107766 2.4499423322590785 [-0.00827926  0.04380071  0.20914667] [-0.5112215   0.36070503 -0.78009259] [-0.5112215   0.78009259  0.36070503] [-0.78009259  0.36070503  0.5112215 ]
2.4649797837679843 2.8234787427549524 [-0.00903264  0.05469958  0.20916703] [ 0.61869817  0.07910785 -0.7816358 ] [0.61869817 0.7816358  0.07910785] [-0.7816358   0.07910785 -0.61869817]
2.547651665258484 2.5600097744134875 [-0.02029773  0.05397138  0.20945314] [-0.40152022 -0.47477589 -0.78317901] [-0.40152022  0.78317901 -0.47477589] [-0.78317901 -0.47477589  0.40152022]
2.471932338468491 2.922718045378456 [-0.00854818 -0.09476878  0.19608369] [-0.02456077  0.6193608  -0.78472222] [-0.02456077  0.78472222  0.6193608 ] [-0.78472222  0.6193608   0.02456077]
2.4620205732655527 3.0632453377248563 [0.00126732 0.06421102 0.20668735] [ 0.43510328 -0.43871609 -0.78626543] [ 0.43510328  0.78626543 -0.43871609] [-0.78626543 -0.43871609 -0.43510328]
2.500896143795869 2.4257446401868004 [-0.00903264  0.05469958  0.20916703] [-0.61521353  0.02949327 -0.78780864] [-0.61521353  0.78780864  0.02949327] [-0.78780864  0.02949327  0.61521353]
2.5403953038052847 2.451463624801442 [-0.02088292  0.04391799  0.20944531] [ 0.47204014  0.39255797 -0.78935185] [0.47204014 0.78935185 0.39255797] [-0.78935185  0.39255797 -0.47204014]
2.379397766885055 2.371170148355673 [-0.00949297 -0.07652561  0.20953902] [-0.08263    -0.60634749 -0.79089506] [-0.08263     0.79089506 -0.60634749] [-0.79089506 -0.60634749  0.08263   ]
2.488459825341066 2.6662596039348054 [-0.01877379 -0.08774564  0.20956728] [-0.34751376  0.50127415 -0.79243827] [-0.34751376  0.79243827  0.50127415] [-0.79243827  0.50127415  0.34751376]
2.4325923286709608 2.9717026423422523 [-0.00903264  0.05469958  0.20916703] [ 0.59289124 -0.13443727 -0.79398148] [ 0.59289124  0.79398148 -0.13443727] [-0.79398148 -0.13443727 -0.59289124]
2.3929134268641126 2.604184621529924 [-0.00827926  0.04380071  0.20914667] [-0.5262356  -0.30036071 -0.79552469] [-0.5262356   0.79552469 -0.30036071] [-0.79552469 -0.30036071  0.5262356 ]
2.4389879204004146 2.6846378645428453 [-0.00844842 -0.09315528  0.2065123 ] [ 0.18451829  0.57500936 -0.7970679 ] [0.18451829 0.7970679  0.57500936] [-0.7970679   0.57500936 -0.18451829]
2.4102265611251035 2.546915545311399 [-0.00903264  0.05469958  0.20916703] [ 0.25150175 -0.5467789  -0.79861111] [ 0.25150175  0.79861111 -0.5467789 ] [-0.79861111 -0.5467789  -0.25150175]
2.4362696021641272 2.4609422104985788 [-0.00903264  0.05469958  0.20916703] [-0.55290071  0.23249487 -0.80015432] [-0.55290071  0.80015432  0.23249487] [-0.80015432  0.23249487  0.55290071]
2.5302537952766455 2.577477906288256 [-0.00827926  0.04380071  0.20914667] [ 0.5627962   0.20134922 -0.80169753] [0.5627962  0.80169753 0.20134922] [-0.80169753  0.20134922 -0.5627962 ]
2.4217366129076963 2.627698692714431 [-0.02029773  0.05397138  0.20945314] [-0.2780103  -0.52679653 -0.80324074] [-0.2780103   0.80324074 -0.52679653] [-0.80324074 -0.52679653  0.2780103 ]
2.4966570216459387 2.930042633716717 [0.0014347  0.05401875 0.20884208] [ 0.49695815 -0.32073215 -0.80632716] [ 0.49695815  0.80632716 -0.32073215] [-0.80632716 -0.32073215 -0.49695815]
2.439922904631023 2.5041210130668468 [-0.00903264  0.05469958  0.20916703] [-0.58101323 -0.09883871 -0.80787037] [-0.58101323  0.80787037 -0.09883871] [-0.80787037 -0.09883871  0.58101323]
2.5007383455299275 2.394409534071589 [-0.00904466  0.03305004  0.20928296] [ 0.36035482  0.46367452 -0.80941358] [0.36035482 0.80941358 0.46367452] [-0.80941358  0.46367452 -0.36035482]
2.6381389789193115 2.5550655315799853 [-0.01927635  0.00454154  0.20936624] [-0.42725958  0.39660182 -0.8125    ] [-0.42725958  0.8125      0.39660182] [-0.8125      0.39660182  0.42725958]
2.4966894527195835 2.869441840415548 [-0.00903264  0.05469958  0.20916703] [ 0.58079177 -0.00381796 -0.81404321] [ 0.58079177  0.81404321 -0.00381796] [-0.81404321 -0.00381796 -0.58079177]
2.6273297023098805 2.463348197052655 [-0.02029773  0.05397138  0.20945314] [-0.4292278  -0.38804934 -0.81558642] [-0.4292278   0.81558642 -0.38804934] [-0.81558642 -0.38804934  0.4292278 ]
2.428631945838073 3.0390612343618146 [0.00126732 0.06421102 0.20668735] [ 0.34639888 -0.4580203  -0.81867284] [ 0.34639888  0.81867284 -0.4580203 ] [-0.81867284 -0.4580203  -0.34639888]
2.442857256505121 2.4376430951763517 [-0.00903264  0.05469958  0.20916703] [-0.56264199  0.10334226 -0.82021605] [-0.56264199  0.82021605  0.10334226] [-0.82021605  0.10334226  0.56264199]
2.596361902073096 2.4672627812685044 [-0.00827926  0.04380071  0.20914667] [ 0.48280126  0.30267914 -0.82175926] [0.48280126 0.82175926 0.30267914] [-0.82175926  0.30267914 -0.48280126]
2.6725868979616902 2.3838370861304345 [-0.01815248 -0.06636193  0.20970355] [-0.15095223 -0.5471622  -0.82330247] [-0.15095223  0.82330247 -0.5471622 ] [-0.82330247 -0.5471622   0.15095223]
2.4268904662113853 2.421213904465008 [-0.00827926  0.04380071  0.20914667] [-0.25727368  0.50342811 -0.82484568] [-0.25727368  0.82484568  0.50342811] [-0.82484568  0.50342811  0.25727368]
2.533418341494225 2.800987738490151 [0.0014347  0.05401875 0.20884208] [ 0.52765044 -0.19663779 -0.82638889] [ 0.52765044  0.82638889 -0.19663779] [-0.82638889 -0.19663779 -0.52765044]
2.3843696443610547 2.608096385997284 [-0.00903264  0.05469958  0.20916703] [-0.51979466 -0.21057529 -0.8279321 ] [-0.51979466  0.8279321  -0.21057529] [-0.8279321  -0.21057529  0.51979466]
2.486556256385929 2.649445525603168 [-0.01815248 -0.06636193  0.20970355] [ 0.24005678  0.50432475 -0.82947531] [0.24005678 0.82947531 0.50432475] [-0.82947531  0.50432475 -0.24005678]
2.491639635291102 2.473816576757236 [-0.02088292  0.04391799  0.20944531] [ 0.16298256 -0.53183165 -0.83101852] [ 0.16298256  0.83101852 -0.53183165] [-0.83101852 -0.53183165 -0.16298256]
2.4344882949063527 2.494103736610057 [-0.00903264  0.05469958  0.20916703] [-0.47743228  0.28089035 -0.83256173] [-0.47743228  0.83256173  0.28089035] [-0.83256173  0.28089035  0.47743228]
2.5544484983158395 2.562087279935681 [-0.00827926  0.04380071  0.20914667] [ 0.53950695  0.11489647 -0.83410494] [0.53950695 0.83410494 0.11489647] [-0.83410494  0.11489647 -0.53950695]
2.503933807981165 2.5362018281372327 [-0.02029773  0.05397138  0.20945314] [-0.31884544 -0.44724687 -0.83564815] [-0.31884544  0.83564815 -0.44724687] [-0.83564815 -0.44724687  0.31884544]
2.4768217883537345 2.4315598055734076 [-0.01885989 -0.09333242  0.20652161] [-0.06671693  0.54282546 -0.83719136] [-0.06671693  0.83719136  0.54282546] [-0.83719136  0.54282546  0.06671693]
2.443416295089622 2.9671716014703735 [0.0014347  0.05401875 0.20884208] [ 0.41406648 -0.353657   -0.83873457] [ 0.41406648  0.83873457 -0.353657  ] [-0.83873457 -0.353657   -0.41406648]
2.405510277393782 2.5281056009108043 [-0.00903264  0.05469958  0.20916703] [-0.54182869 -0.01883937 -0.84027778] [-0.54182869  0.84027778 -0.01883937] [-0.84027778 -0.01883937  0.54182869]
2.616928637229176 2.3673096853112225 [-0.00827926  0.04380071  0.20914667] [ 0.38509003  0.37821039 -0.84182099] [0.38509003 0.84182099 0.37821039] [-0.84182099  0.37821039 -0.38509003]
2.4305245927595776 2.4214069415950012 [-0.00903264  0.05469958  0.20916703] [-0.34001623  0.4129412  -0.84490741] [-0.34001623  0.84490741  0.4129412 ] [-0.84490741  0.4129412   0.34001623]
2.5333243278849786 2.8688982871787463 [-0.00903264  0.05469958  0.20916703] [ 0.52723384 -0.07447032 -0.84645062] [ 0.52723384  0.84645062 -0.07447032] [-0.84645062 -0.07447032 -0.52723384]
2.667385302850327 2.370739415009135 [-0.02029773  0.05397138  0.20945314] [-0.43704037 -0.29983693 -0.84799383] [-0.43704037  0.84799383 -0.29983693] [-0.84799383 -0.29983693  0.43704037]
2.545304903941484 2.590329580377313 [-0.00844842 -0.09315528  0.2065123 ] [ 0.11916348  0.51389385 -0.84953704] [0.11916348 0.84953704 0.51389385] [-0.84953704  0.51389385 -0.11916348]
2.4894371725935844 2.4578086359026887 [-0.00903264  0.05469958  0.20916703] [ 0.25803747 -0.45725166 -0.85108025] [ 0.25803747  0.85108025 -0.45725166] [-0.85108025 -0.45725166 -0.25803747]
2.3682998263517296 2.563761117236849 [-0.00903264  0.05469958  0.20916703] [-0.49675185  0.16208281 -0.85262346] [-0.49675185  0.85262346  0.16208281] [-0.85262346  0.16208281  0.49675185]
2.3955586118604644 2.4650800470448546 [-0.00903264  0.05469958  0.20916703] [ 0.47347428  0.21499166 -0.85416667] [0.47347428 0.85416667 0.21499166] [-0.85416667  0.21499166 -0.47347428]
2.407303934891283 2.4733265423841617 [-0.01973772  0.03372049  0.20955255] [-0.20290309 -0.4760157  -0.85570988] [-0.20290309  0.85570988 -0.4760157 ] [-0.85570988 -0.4760157   0.20290309]
2.357857238840035 2.695727284652293 [-0.01815248 -0.06636193  0.20970355] [-0.17107877  0.48564308 -0.85725309] [-0.17107877  0.85725309  0.48564308] [-0.85725309  0.48564308  0.17107877]
2.592353717383762 2.852801616196262 [0.0014347  0.05401875 0.20884208] [ 0.4519212  -0.24132168 -0.8587963 ] [ 0.4519212   0.8587963  -0.24132168] [-0.8587963  -0.24132168 -0.4519212 ]
2.363335684779683 2.6728631300561068 [-0.00827926  0.04380071  0.20914667] [-0.49372874 -0.12668017 -0.86033951] [-0.49372874  0.86033951 -0.12668017] [-0.86033951 -0.12668017  0.49372874]
2.5296239496101185 2.680659802166939 [-0.01815248 -0.06636193  0.20970355] [ 0.27706094  0.42472982 -0.86188272] [0.27706094 0.86188272 0.42472982] [-0.86188272  0.42472982 -0.27706094]
2.539015641036265 2.5668979699947037 [-0.00905144 -0.06545383  0.20949441] [ 0.08217601 -0.49773766 -0.86342593] [ 0.08217601  0.86342593 -0.49773766] [-0.86342593 -0.49773766 -0.08217601]
2.392723359031703 2.4212290150624334 [-0.00903264  0.05469958  0.20916703] [-0.3947261   0.30987046 -0.86496914] [-0.3947261   0.86496914  0.30987046] [-0.86496914  0.30987046  0.3947261 ]
2.6023477057517628 2.7716795015480225 [-0.00903264  0.05469958  0.20916703] [ 0.49771153  0.0379419  -0.86651235] [0.49771153 0.86651235 0.0379419 ] [-0.86651235  0.0379419  -0.49771153]
2.568549792125724 2.4429854114960214 [-0.02029773  0.05397138  0.20945314] [-0.33952892 -0.36221495 -0.86805556] [-0.33952892  0.86805556 -0.36221495] [-0.86805556 -0.36221495  0.33952892]
2.460709386388094 2.4761318996441517 [-0.02837922 -0.09328638  0.20676203] [ 0.00565436  0.49372666 -0.86959877] [0.00565436 0.86959877 0.49372666] [-0.86959877  0.49372666 -0.00565436]
2.3866459271480487 2.9408555509447534 [0.00126732 0.06421102 0.20668735] [ 0.32751875 -0.36584577 -0.87114198] [ 0.32751875  0.87114198 -0.36584577] [-0.87114198 -0.36584577 -0.32751875]
2.3616020506140916 2.637141002065418 [-0.00827926  0.04380071  0.20914667] [-0.48589292  0.04825597 -0.87268519] [-0.48589292  0.87268519  0.04825597] [-0.87268519  0.04825597  0.48589292]
2.6071183963893323 2.361428304046928 [-0.00903264  0.05469958  0.20916703] [ 0.38866261  0.29097437 -0.8742284 ] [0.38866261 0.8742284  0.29097437] [-0.8742284   0.29097437 -0.38866261]
2.694049070986751 2.4922096666104716 [-0.01815248 -0.06636193  0.20970355] [-0.0895201  -0.47435245 -0.8757716 ] [-0.0895201   0.8757716  -0.47435245] [-0.8757716  -0.47435245  0.0895201 ]
2.469023760567778 2.6968508895860386 [-0.01815248 -0.06636193  0.20970355] [-0.25292999  0.40785431 -0.87731481] [-0.25292999  0.87731481  0.40785431] [-0.87731481  0.40785431  0.25292999]
2.5768167188167865 2.738533180549096 [0.0014347  0.05401875 0.20884208] [ 0.4592781  -0.12912087 -0.87885802] [ 0.4592781   0.87885802 -0.12912087] [-0.87885802 -0.12912087 -0.4592781 ]
2.7127486867391797 2.813251271612517 [-0.02088292  0.04391799  0.20944531] [-0.42332973 -0.21374191 -0.88040123] [-0.42332973  0.88040123 -0.21374191] [-0.88040123 -0.21374191  0.42332973]
2.5882656166431897 2.5895703962608456 [-0.02837922 -0.09328638  0.20676203] [ 0.16675206  0.44087158 -0.88194444] [0.16675206 0.88194444 0.44087158] [-0.88194444  0.44087158 -0.16675206]
2.57010255693995 2.3863269307996786 [-0.02029773  0.05397138  0.20945314] [ 0.17377134 -0.43503228 -0.88348765] [ 0.17377134  0.88348765 -0.43503228] [-0.88348765 -0.43503228 -0.17377134]
2.8348961196386644 2.465403605935486 [-0.02029773  0.05397138  0.20945314] [-0.41936138  0.20212966 -0.88503086] [-0.41936138  0.88503086  0.20212966] [-0.88503086  0.20212966  0.41936138]
2.675027207360698 2.450588279316527 [-0.00827926  0.04380071  0.20914667] [ 0.44294007  0.13338106 -0.88657407] [0.44294007 0.88657407 0.13338106] [-0.88657407  0.13338106 -0.44294007]
2.4610882428386613 2.4769106198471866 [-0.02029773  0.05397138  0.20945314] [-0.23499422 -0.39500051 -0.88811728] [-0.23499422  0.88811728 -0.39500051] [-0.88811728 -0.39500051  0.23499422]
2.5694687302777734 2.3652218797300417 [-0.02837922 -0.09328638  0.20676203] [-0.09293219  0.44706578 -0.88966049] [-0.09293219  0.88966049  0.44706578] [-0.88966049  0.44706578  0.09293219]
2.5408049795209435 2.8602263857236623 [0.0014347  0.05401875 0.20884208] [ 0.36806397 -0.26511294 -0.8912037 ] [ 0.36806397  0.8912037  -0.26511294] [-0.8912037  -0.26511294 -0.36806397]
2.9132844800676585 2.705275183923532 [-0.02029773  0.05397138  0.20945314] [-0.44745628 -0.05278092 -0.89274691] [-0.44745628  0.89274691 -0.05278092] [-0.89274691 -0.05278092  0.44745628]
2.551556567173662 2.370903392265507 [-0.02752711  0.02396102  0.2089823 ] [ 0.29228157  0.33884607 -0.89429012] [0.29228157 0.89429012 0.33884607] [-0.89429012  0.33884607 -0.29228157]
2.6304341519355865 2.584136754277042 [-0.00905144 -0.06545383  0.20949441] [ 0.01327537 -0.44419185 -0.89583333] [ 0.01327537  0.89583333 -0.44419185] [-0.89583333 -0.44419185 -0.01327537]
2.866738867257998 2.4915782301990257 [-0.00903264  0.05469958  0.20916703] [-0.30765762  0.31632598 -0.89737654] [-0.30765762  0.89737654  0.31632598] [-0.89737654  0.31632598  0.30765762]
2.6483144259787026 3.002048012842166 [0.0014347  0.05401875 0.20884208] [ 0.43738523 -0.02524753 -0.89891975] [ 0.43738523  0.89891975 -0.02524753] [-0.89891975 -0.02524753 -0.43738523]
2.6061330986739097 2.9182710389161013 [-0.02088292  0.04391799  0.20944531] [-0.33710352 -0.27482298 -0.90046296] [-0.33710352  0.90046296 -0.27482298] [-0.90046296 -0.27482298  0.33710352]
2.4555845974588815 2.4904875336547194 [-0.02837922 -0.09328638  0.20676203] [ 0.062465    0.42718028 -0.90200617] [0.062465   0.90200617 0.42718028] [-0.90200617  0.42718028 -0.062465  ]
2.4600010785596735 2.868533868608325 [0.00126732 0.06421102 0.20668735] [ 0.24067696 -0.35450404 -0.90354938] [ 0.24067696  0.90354938 -0.35450404] [-0.90354938 -0.35450404 -0.24067696]
3.0638799581897356 2.57166107258937 [-0.02029773  0.05397138  0.20945314] [-0.41375045  0.09807123 -0.90509259] [-0.41375045  0.90509259  0.09807123] [-0.90509259  0.09807123  0.41375045]
2.5894110407834656 2.362437553643587 [-0.00827926  0.04380071  0.20914667] [ 0.36845067  0.20556173 -0.9066358 ] [0.36845067 0.9066358  0.20556173] [-0.9066358   0.20556173 -0.36845067]
2.367527591787992 2.558674024047835 [-0.00903264  0.05469958  0.20916703] [-0.13178006 -0.39729699 -0.90817901] [-0.13178006  0.90817901 -0.39729699] [-0.90817901 -0.39729699  0.13178006]
2.3923672869979393 2.751561575483096 [-0.01815248 -0.06636193  0.20970355] [-0.16982362  0.37890027 -0.90972222] [-0.16982362  0.90972222  0.37890027] [-0.90972222  0.37890027  0.16982362]
2.574072382113458 2.7606639122720242 [0.0014347  0.05401875 0.20884208] [ 0.37804689 -0.16332746 -0.91126543] [ 0.37804689  0.91126543 -0.16332746] [-0.91126543 -0.16332746 -0.37804689]
2.6708526942971353 2.8078075614518383 [-0.02029773  0.05397138  0.20945314] [-0.38584361 -0.13380992 -0.91280864] [-0.38584361  0.91280864 -0.13380992] [-0.91280864 -0.13380992  0.38584361]
2.8171856585482495 2.6632858165142332 [-0.00903264  0.05469958  0.20916703] [ 0.1924738   0.35625065 -0.91435185] [0.1924738  0.91435185 0.35625065] [-0.91435185  0.35625065 -0.1924738 ]
2.3853676299105318 2.6796462271600583 [-0.00905144 -0.06545383  0.20949441] [ 0.09786568 -0.38930521 -0.91589506] [ 0.09786568  0.91589506 -0.38930521] [-0.91589506 -0.38930521 -0.09786568]
2.804370510141437 2.5379593616398126 [-0.00903264  0.05469958  0.20916703] [-0.33217983  0.21900589 -0.91743827] [-0.33217983  0.91743827  0.21900589] [-0.91743827  0.21900589  0.33217983]
2.5604020402834538 2.662863032788466 [-0.00903264  0.05469958  0.20916703] [ 0.38934295  0.0623306  -0.91898148] [0.38934295 0.91898148 0.0623306 ] [-0.91898148  0.0623306  -0.38934295]
2.4823758485731573 2.808143397300318 [-0.02029773  0.05397138  0.20945314] [-0.24273879 -0.30612444 -0.92052469] [-0.24273879  0.92052469 -0.30612444] [-0.92052469 -0.30612444  0.24273879]
2.645714405949382 2.470209726145525 [-0.00903264  0.05469958  0.20916703] [-0.02753593  0.38604735 -0.9220679 ] [-0.02753593  0.9220679   0.38604735] [-0.9220679   0.38604735  0.02753593]
2.506143261748068 2.8160827467630583 [0.00126732 0.06421102 0.20668735] [ 0.27839023 -0.26351735 -0.92361111] [ 0.27839023  0.92361111 -0.26351735] [-0.92361111 -0.26351735 -0.27839023]
2.987899975427256 2.723993301557579 [-0.02029773  0.05397138  0.20945314] [-0.37954059  0.00619853 -0.92515432] [-0.37954059  0.92515432  0.00619853] [-0.92515432  0.00619853  0.37954059]
2.7043842907202755 2.801642364019744 [-0.00903264  0.05469958  0.20916703] [ 0.28121753  0.24929579 -0.92669753] [0.28121753 0.92669753 0.24929579] [-0.92669753  0.24929579 -0.28121753]
2.714043451352859 2.6169836898308225 [-0.01815248 -0.06636193  0.20970355] [-0.03856727 -0.36997526 -0.92824074] [-0.03856727  0.92824074 -0.36997526] [-0.92824074 -0.36997526  0.03856727]
2.778200586642311 2.575394264632611 [-0.00903264  0.05469958  0.20916703] [-0.21916963  0.29574732 -0.92978395] [-0.21916963  0.92978395  0.29574732] [-0.92978395  0.29574732  0.21916963]
2.552104518589018 3.0812471351667066 [0.0014347  0.05401875 0.20884208] [ 0.35753287 -0.06928178 -0.93132716] [ 0.35753287  0.93132716 -0.06928178] [-0.93132716 -0.06928178 -0.35753287]
2.578438132649461 2.6843632010196687 [-0.02029773  0.05397138  0.20945314] [-0.30704756 -0.18834721 -0.93287037] [-0.30704756  0.93287037 -0.18834721] [-0.93287037 -0.18834721  0.30704756]
2.512155023231364 2.600346696504973 [-0.00903264  0.05469958  0.20916703] [ 0.09807309  0.34242215 -0.93441358] [0.09807309 0.93441358 0.34242215] [-0.93441358  0.34242215 -0.09807309]
2.680448555732039 2.527763843493207 [-0.02088292  0.04391799  0.20944531] [ 0.15716788 -0.31509228 -0.93595679] [ 0.15716788  0.93595679 -0.31509228] [-0.93595679 -0.31509228 -0.15716788]
2.7167144641335703 2.6743032407163705 [-0.02029773  0.05397138  0.20945314] [-0.3248771   0.12469409 -0.9375    ] [-0.3248771   0.9375      0.12469409] [-0.9375      0.12469409  0.3248771 ]
2.614139593847236 2.884124771172954 [-0.00903264  0.05469958  0.20916703] [ 0.31988892  0.12597194 -0.93904321] [0.31988892 0.93904321 0.12597194] [-0.93904321  0.12597194 -0.31988892]
2.3931205505061586 2.5074444933376823 [-0.00903264  0.05469958  0.20916703] [-0.14892165 -0.30515493 -0.94058642] [-0.14892165  0.94058642 -0.30515493] [-0.94058642 -0.30515493  0.14892165]
2.6828650329384534 2.4426965709719743 [-0.00903264  0.05469958  0.20916703] [-0.09509766  0.32147814 -0.94212963] [-0.09509766  0.94212963  0.32147814] [-0.94212963  0.32147814  0.09509766]
2.667304426020843 2.732841166477882 [0.0014347  0.05401875 0.20884208] [ 0.28353375 -0.17055844 -0.94367284] [ 0.28353375  0.94367284 -0.17055844] [-0.94367284 -0.17055844 -0.28353375]
2.9105617883583372 2.817479831780816 [-0.02029773  0.05397138  0.20945314] [-0.31993344 -0.06487848 -0.94521605] [-0.31993344  0.94521605 -0.06487848] [-0.94521605 -0.06487848  0.31993344]
2.3972921240394496 2.7227222322354727 [-0.00903264  0.05469958  0.20916703] [ 0.18943454  0.26031032 -0.94675926] [0.18943454 0.94675926 0.26031032] [-0.94675926  0.26031032 -0.18943454]
2.481586138296371 2.709945048521643 [-0.00905144 -0.06545383  0.20949441] [ 0.03564025 -0.31536043 -0.94830247] [ 0.03564025  0.94830247 -0.31536043] [-0.94830247 -0.31536043 -0.03564025]
2.7272880517033955 2.629169832158057 [-0.00903264  0.05469958  0.20916703] [-0.23579751  0.20540867 -0.94984568] [-0.23579751  0.94984568  0.20540867] [-0.94984568  0.20540867  0.23579751]
2.63028307795605 2.996974131179205 [0.0014347  0.05401875 0.20884208] [ 0.30789594  0.00769881 -0.95138889] [0.30789594 0.95138889 0.00769881] [-0.95138889  0.00769881 -0.30789594]
2.4849061359743105 2.762255835676413 [-0.00903264  0.05469958  0.20916703] [-0.21836916 -0.21032196 -0.9529321 ] [-0.21836916  0.9529321  -0.21032196] [-0.9529321  -0.21032196  0.21836916]
2.5687499746537497 2.5566805768016283 [-0.00903264  0.05469958  0.20916703] [ 0.01864233  0.29770682 -0.95447531] [0.01864233 0.95447531 0.29770682] [-0.95447531  0.29770682 -0.01864233]
2.602806972275775 2.7271804394173835 [0.00126732 0.06421102 0.20668735] [ 0.18422165 -0.22823448 -0.95601852] [ 0.18422165  0.95601852 -0.22823448] [-0.95601852 -0.22823448 -0.18422165]
2.9937452599159466 2.7665176079614437 [-0.02029773  0.05397138  0.20945314] [-0.28498852  0.04309383 -0.95756173] [-0.28498852  0.95756173  0.04309383] [-0.95756173  0.04309383  0.28498852]
2.7039441624899303 2.830237563320404 [-0.00903264  0.05469958  0.20916703] [ 0.23495339  0.15784367 -0.95910494] [0.23495339 0.95910494 0.15784367] [-0.95910494  0.15784367 -0.23495339]
2.592200768839303 2.667404931906498 [-0.01815248 -0.06636193  0.20970355] [-0.06538202 -0.26996357 -0.96064815] [-0.06538202  0.96064815 -0.26996357] [-0.96064815 -0.26996357  0.06538202]
2.668630772516472 2.440004970281315 [-0.00903264  0.05469958  0.20916703] [-0.1315422   0.23850459 -0.96219136] [-0.1315422   0.96219136  0.23850459] [-0.96219136  0.23850459  0.1315422 ]
2.642409217182969 3.0302646465637193 [0.0014347  0.05401875 0.20884208] [ 0.25287977 -0.08524966 -0.96373457] [ 0.25287977  0.96373457 -0.08524966] [-0.96373457 -0.08524966 -0.25287977]
2.8424854340210692 2.666527009151571 [-0.02029773  0.05397138  0.20945314] [-0.23889578 -0.10567694 -0.96527778] [-0.23889578  0.96527778 -0.10567694] [-0.96527778 -0.10567694  0.23889578]
2.465093271222719 2.6605835589582645 [-0.00903264  0.05469958  0.20916703] [ 0.10245607  0.2340084  -0.96682099] [0.10245607 0.96682099 0.2340084 ] [-0.96682099  0.2340084  -0.10245607]
2.4802737704669497 2.8006135469455384 [-0.00905144 -0.06545383  0.20949441] [ 0.08061211 -0.23616195 -0.9683642 ] [ 0.08061211  0.9683642  -0.23616195] [-0.9683642  -0.23616195 -0.08061211]
2.6432228386245065 2.7021083509486026 [-0.00903264  0.05469958  0.20916703] [-0.21364227  0.11677586 -0.96990741] [-0.21364227  0.96990741  0.11677586] [-0.96990741  0.11677586  0.21364227]
2.7215959672480547 2.9166842216501885 [0.0014347  0.05401875 0.20884208] [ 0.23036263  0.05671648 -0.97145062] [0.23036263 0.97145062 0.05671648] [-0.97145062  0.05671648 -0.23036263]
2.3988982923491915 2.4676180253567668 [-0.00903264  0.05469958  0.20916703] [-0.12799605 -0.19209379 -0.97299383] [-0.12799605  0.97299383 -0.19209379] [-0.97299383 -0.19209379  0.12799605]
2.5775082973347367 2.5386389633904165 [-0.00903264  0.05469958  0.20916703] [-0.03436498  0.22157755 -0.97453704] [-0.03436498  0.97453704  0.22157755] [-0.97453704  0.22157755  0.03436498]
2.516283991435813 2.641853885331857 [-0.00903264  0.05469958  0.20916703] [ 0.16969311 -0.13591027 -0.97608025] [ 0.16969311  0.97608025 -0.13591027] [-0.97608025 -0.13591027 -0.16969311]
2.8995931015328864 2.56084954093858 [-0.00903264  0.05469958  0.20916703] [-0.20989991 -0.0139429  -0.97762346] [-0.20989991  0.97762346 -0.0139429 ] [-0.97762346 -0.0139429   0.20989991]
2.389341304992589 2.79035483228659 [-0.00903264  0.05469958  0.20916703] [ 0.14030829  0.14678631 -0.97916667] [0.14030829 0.97916667 0.14678631] [-0.97916667  0.14678631 -0.14030829]
2.5750766133909084 2.761804410734828 [-0.01815248 -0.06636193  0.20970355] [-0.0041453  -0.19542506 -0.98070988] [-0.0041453   0.98070988 -0.19542506] [-0.98070988 -0.19542506  0.0041453 ]
2.598050640163877 2.4726037434813124 [-0.00903264  0.05469958  0.20916703] [-0.12373374  0.14095686 -0.98225309] [-0.12373374  0.98225309  0.14095686] [-0.98225309  0.14095686  0.12373374]
2.5557303264585762 2.9309988047070648 [-0.00903264  0.05469958  0.20916703] [ 0.17823077 -0.01945865 -0.9837963 ] [ 0.17823077  0.9837963  -0.01945865] [-0.9837963  -0.01945865 -0.17823077]
2.786363879342852 2.6459549942591893 [-0.00903264  0.05469958  0.20916703] [-0.13756312 -0.1009081  -0.98533951] [-0.13756312  0.98533951 -0.1009081 ] [-0.98533951 -0.1009081   0.13756312]
2.486976334150447 2.620586091247562 [-0.00903264  0.05469958  0.20916703] [ 0.0314847   0.15833894 -0.98688272] [0.0314847  0.98688272 0.15833894] [-0.98688272  0.15833894 -0.0314847 ]
2.5991969209747396 2.580065722334928 [-0.00903264  0.05469958  0.20916703] [ 0.07869112 -0.12969926 -0.98842593] [ 0.07869112  0.98842593 -0.12969926] [-0.98842593 -0.12969926 -0.07869112]
2.8703304047673353 2.619000253805656 [-0.00903264  0.05469958  0.20916703] [-0.13563138  0.0395631  -0.98996914] [-0.13563138  0.98996914  0.0395631 ] [-0.98996914  0.0395631   0.13563138]
2.6365222915147686 2.835969981421882 [-0.00903264  0.05469958  0.20916703] [ 0.1166243   0.05746339 -0.99151235] [0.1166243  0.99151235 0.05746339] [-0.99151235  0.05746339 -0.1166243 ]
2.7103441942803848 2.741566430041608 [-0.00903264  0.05469958  0.20916703] [-0.0426917  -0.10962702 -0.99305556] [-0.0426917   0.99305556 -0.10962702] [-0.99305556 -0.10962702  0.0426917 ]
2.795741589297215 2.685243122633648 [-0.00903264  0.05469958  0.20916703] [-0.03755991  0.09676026 -0.99459877] [-0.03755991  0.99459877  0.09676026] [-0.99459877  0.09676026  0.03755991]
2.6424461337292167 2.847748297812891 [-0.00903264  0.05469958  0.20916703] [ 0.0786772  -0.03887239 -0.99614198] [ 0.0786772   0.99614198 -0.03887239] [-0.99614198 -0.03887239 -0.0786772 ]
2.780173876897091 2.7039967902200623 [-0.00903264  0.05469958  0.20916703] [-0.06530207 -0.01897131 -0.99768519] [-0.06530207  0.99768519 -0.01897131] [-0.99768519 -0.01897131  0.06530207]
2.7231271435768813 2.7661267642112195 [-0.00903264  0.05469958  0.20916703] [ 0.02040958  0.03355687 -0.9992284 ] [0.02040958 0.9992284  0.03355687] [-0.9992284   0.03355687 -0.02040958]
