0.7881288147806633 2.402537916090424 2.4725396178803365 [0.0271166  0.0605953  0.00495176] [ 0.01423268 -0.03660663  0.9992284 ] [ 0.01423268 -0.9992284  -0.03660663] [ 0.9992284  -0.03660663 -0.01423268]
0.6845413927821167 2.3778162210595957 2.5397244575840383 [0.0271166  0.0605953  0.00495176] [-0.06098302  0.03008891  0.99768519] [-0.06098302 -0.99768519  0.03008891] [0.99768519 0.03008891 0.06098302]
0.7517884779174308 2.4953552476216094 2.3800451827613696 [0.0271166  0.0605953  0.00495176] [0.08425872 0.02452821 0.99614198] [ 0.08425872 -0.99614198  0.02452821] [ 0.99614198  0.02452821 -0.08425872]
0.4371346420094109 2.5895348651235666 2.727896260674561 [0.0386415  0.0329355  0.00341121] [-0.05388788 -0.08870959  0.99459877] [-0.05388788 -0.99459877 -0.08870959] [ 0.99459877 -0.08870959  0.05388788]
0.8077142649349899 2.3968872782926156 2.460572906376624 [0.0271166  0.0605953  0.00495176] [-0.0228813   0.11539978  0.99305556] [-0.0228813  -0.99305556  0.11539978] [0.99305556 0.11539978 0.0228813 ]
0.8325630151255882 2.445716510089717 2.435976076984998 [0.0271166  0.0605953  0.00495176] [ 0.10479061 -0.07695581  0.99151235] [ 0.10479061 -0.99151235 -0.07695581] [ 0.99151235 -0.07695581 -0.10479061]
0.3592632384804298 2.4968691216049153 2.7950968047315925 [0.0386415  0.0329355  0.00341121] [-0.14045754 -0.01525742  0.98996914] [-0.14045754 -0.98996914 -0.01525742] [ 0.98996914 -0.01525742  0.14045754]
0.5397688410536592 2.4737340040488087 2.645045724830013 [0.0271166  0.0605953  0.00495176] [0.10014145 0.1139556  0.98842593] [ 0.10014145 -0.98842593  0.1139556 ] [ 0.98842593  0.1139556  -0.10014145]
0.5954466917633702 2.602935246989813 2.5572709045798145 [0.0363365  0.0536803  0.00388651] [ 0.00333586 -0.16140439  0.98688272] [ 0.00333586 -0.98688272 -0.16140439] [ 0.98688272 -0.16140439 -0.00333586]
0.48109731104763964 2.370963559049974 2.691588573915107 [0.0363365  0.0536803  0.00388651] [-0.11781682  0.12339066  0.98533951] [-0.11781682 -0.98533951  0.12339066] [0.98533951 0.12339066 0.11781682]
0.5866692690293916 2.5445059747063112 2.60944017694705 [0.0363365  0.0536803  0.00388651] [ 0.1788891  -0.01198066  0.9837963 ] [ 0.1788891  -0.9837963  -0.01198066] [ 0.9837963  -0.01198066 -0.1788891 ]
0.32734356024983763 2.507647471125928 2.8236498932078904 [0.03742707 0.0246263  0.00301878] [-0.14645815 -0.11717032  0.98225309] [-0.14645815 -0.98225309 -0.11717032] [ 0.98225309 -0.11717032  0.14645815]
0.5179733556809769 2.490692333136558 2.6620773115855614 [0.0271166  0.0605953  0.00495176] [0.03006261 0.19314341 0.98070988] [ 0.03006261 -0.98070988  0.19314341] [ 0.98070988  0.19314341 -0.03006261]
0.7648442167944814 2.385387061877032 2.487066085089028 [0.0271166  0.0605953  0.00495176] [ 0.11250405 -0.16904283  0.97916667] [ 0.11250405 -0.97916667 -0.16904283] [ 0.97916667 -0.16904283 -0.11250405]
0.328671602173051 2.4116966090041276 2.8224508547130744 [0.0386415  0.0329355  0.00341121] [-0.2042353   0.05040159  0.97762346] [-0.2042353  -0.97762346  0.05040159] [0.97762346 0.05040159 0.2042353 ]
0.6483470058965257 2.516154052828222 2.564787691777928 [0.0271166  0.0605953  0.00495176] [0.19082888 0.10417145 0.97608025] [ 0.19082888 -0.97608025  0.10417145] [ 0.97608025  0.10417145 -0.19082888]
0.5421012008064164 2.515395612625828 2.6432413457690176 [0.0363365  0.0536803  0.00388651] [-0.07254983 -0.21216523  0.97453704] [-0.07254983 -0.97453704 -0.21216523] [ 0.97453704 -0.21216523  0.07254983]
0.8223715785668669 2.4148844573856256 2.451765929244668 [0.0271166  0.0605953  0.00495176] [-0.09246518  0.21150225  0.97299383] [-0.09246518 -0.97299383  0.21150225] [0.97299383 0.21150225 0.09246518]
0.7305557943847374 2.5090597616767276 2.3594031687146 [0.0363365  0.0536803  0.00388651] [ 0.21690998 -0.09609245  0.97145062] [ 0.21690998 -0.97145062 -0.09609245] [ 0.97145062 -0.09609245 -0.21690998]
0.41918971125197085 2.629103556582659 2.743060994448967 [0.0363365  0.0536803  0.00388651] [-0.23075892 -0.07765269  0.96990741] [-0.23075892 -0.96990741 -0.07765269] [ 0.96990741 -0.07765269  0.23075892]
0.5610300234462415 2.6287278998084647 2.6119462952630252 [0.0363365  0.0536803  0.00388651] [0.12063377 0.21844513 0.9683642 ] [ 0.12063377 -0.9683642   0.21844513] [ 0.9683642   0.21844513 -0.12063377]
0.5648098161801751 2.625857633765644 2.5750085050227134 [0.0363365  0.0536803  0.00388651] [ 0.05999484 -0.24830988  0.96682099] [ 0.05999484 -0.96682099 -0.24830988] [ 0.96682099 -0.24830988 -0.05999484]
0.3958839425750603 2.757901618225062 2.763046976702039 [0.0363365  0.0536803  0.00388651] [-0.21675765  0.14579072  0.96527778] [-0.21675765 -0.96527778  0.14579072] [0.96527778 0.14579072 0.21675765]
0.5426446260260375 2.6428214427422914 2.513054777401311 [0.0363365  0.0536803  0.00388651] [0.26388473 0.03975593 0.96373457] [ 0.26388473 -0.96373457  0.03975593] [ 0.96373457  0.03975593 -0.26388473]
0.4220051438905589 2.4194401558691245 2.740668754874724 [0.0363365  0.0536803  0.00388651] [-0.17118979 -0.21185336  0.96219136] [-0.17118979 -0.96219136 -0.21185336] [ 0.96219136 -0.21185336  0.17118979]
0.7081325945386616 2.519427118473245 2.5238367464119484 [0.0363365  0.0536803  0.00388651] [-0.01720904  0.27723453  0.96064815] [-0.01720904 -0.96064815  0.27723453] [0.96064815 0.27723453 0.01720904]
0.3790675636161247 2.777668024102252 2.4249594640400294 [0.0363365  0.0536803  0.00388651] [ 0.20376146 -0.19646624  0.95910494] [ 0.20376146 -0.95910494 -0.19646624] [ 0.95910494 -0.19646624 -0.20376146]
0.4276760146152568 2.6330037310149117 2.735864929310186 [0.0271166  0.0605953  0.00495176] [-0.28813425  0.00736144  0.95756173] [-0.28813425 -0.95756173  0.00736144] [0.95756173 0.00736144 0.28813425]
0.4615698725280561 2.7075663298255743 2.5404774534658126 [0.0363365  0.0536803  0.00388651] [0.22126458 0.19253721 0.95601852] [ 0.22126458 -0.95601852  0.19253721] [ 0.95601852  0.19253721 -0.22126458]
0.7140027437033145 2.5199379115084555 2.412336096431444 [0.0363365  0.0536803  0.00388651] [-0.03365896 -0.29638482  0.95447531] [-0.03365896 -0.95447531 -0.29638482] [ 0.95447531 -0.29638482  0.03365896]
0.5098092224518852 2.3686346297230036 2.668535842564122 [0.0271166 0.0536803 0.0036824] [-0.17826345  0.24523979  0.9529321 ] [-0.17826345 -0.9529321   0.24523979] [0.9529321  0.24523979 0.17826345]
0.19891277710412109 2.9436500650204147 2.534021341933444 [0.03742707 0.0246263  0.00301878] [ 0.30181497 -0.06137515  0.95138889] [ 0.30181497 -0.95138889 -0.06137515] [ 0.95138889 -0.06137515 -0.30181497]
0.33316722785566605 2.5413668522665827 2.818398947982094 [0.0271166  0.0605953  0.00495176] [-0.26805907 -0.16105129  0.94984568] [-0.26805907 -0.94984568 -0.16105129] [ 0.94984568 -0.16105129  0.26805907]
0.5581522451065455 2.6309194204127166 2.5750410334417806 [0.0363365  0.0536803  0.00388651] [0.09019099 0.30428278 0.94830247] [ 0.09019099 -0.94830247  0.30428278] [ 0.94830247  0.30428278 -0.09019099]
0.3853728262254826 2.7721665005335594 2.66759674797497 [0.0386415  0.0329355  0.00341121] [ 0.14104005 -0.28940388  0.94675926] [ 0.14104005 -0.94675926 -0.28940388] [ 0.94675926 -0.28940388 -0.14104005]
0.3024117172853861 2.665103654007968 2.8463320921451 [0.0363365  0.0536803  0.00388651] [-0.30367703  0.11977847  0.94521605] [-0.30367703 -0.94521605  0.11977847] [0.94521605 0.11977847 0.30367703]
0.43073804015809786 2.7332792372829107 2.444389012502471 [0.0363365  0.0536803  0.00388651] [0.30897213 0.11839676 0.94367284] [ 0.30897213 -0.94367284  0.11839676] [ 0.94367284  0.11839676 -0.30897213]
0.7484212153759505 2.4965760438012397 2.4975100793168767 [0.02594825 0.06537862 0.010956  ] [-0.14980273 -0.29991816  0.94212963] [-0.14980273 -0.94212963 -0.29991816] [ 0.94212963 -0.29991816  0.14980273]
0.517364377508475 2.4851351565846764 2.6625575854568417 [0.0271166 0.0536803 0.0036824] [-0.09331518  0.32648042  0.94058642] [-0.09331518 -0.94058642  0.32648042] [0.94058642 0.32648042 0.09331518]
0.1919419259815354 2.9503644578718062 2.443256953127645 [0.03742707 0.0246263  0.00301878] [ 0.29295911 -0.17992446  0.93904321] [ 0.29295911 -0.93904321 -0.17992446] [ 0.93904321 -0.17992446 -0.29295911]
0.3224092637543983 2.545146520289885 2.828113114797631 [0.0271166  0.0605953  0.00495176] [-0.34166627 -0.06601447  0.9375    ] [-0.34166627 -0.9375     -0.06601447] [ 0.9375     -0.06601447  0.34166627]
0.42288915618016326 2.7399186139499663 2.4972518603755978 [0.0363365  0.0536803  0.00388651] [0.20980251 0.28278578 0.93595679] [ 0.20980251 -0.93595679  0.28278578] [ 0.93595679  0.28278578 -0.20980251]
0.6669145385623404 2.5518258124636573 2.3995296921427065 [0.0271166  0.0605953  0.00495176] [ 0.03673751 -0.3542903   0.93441358] [ 0.03673751 -0.93441358 -0.3542903 ] [ 0.93441358 -0.3542903  -0.03673751]
0.8333217268796217 2.445268573552783 2.4121661695011567 [ 0.00637175 -0.0777036   0.00403013] [-0.26941722  0.2390967   0.93287037] [-0.26941722 -0.93287037  0.2390967 ] [0.93287037 0.2390967  0.26941722]
0.40861408400231364 2.6811509833462095 2.752089816164395 [0.0363365  0.0536803  0.00388651] [0.36413826 0.00574895 0.93132716] [ 0.36413826 -0.93132716  0.00574895] [ 0.93132716  0.00574895 -0.36413826]
0.6927076474404404 2.469073452301832 2.5341850173299307 [0.02594825 0.06537862 0.010956  ] [-0.26747069 -0.25290559  0.92978395] [-0.26747069 -0.92978395 -0.25290559] [ 0.92978395 -0.25290559  0.26747069]
0.5850322525132621 2.6106589014781076 2.5610178231291103 [0.0363365  0.0536803  0.00388651] [0.02666704 0.37102291 0.92824074] [ 0.02666704 -0.92824074  0.37102291] [ 0.92824074  0.37102291 -0.02666704]
0.418307047105918 2.74381197413365 2.4413387032736216 [0.0363365  0.0536803  0.00388651] [ 0.23333572 -0.29459485  0.92669753] [ 0.23333572 -0.92669753 -0.29459485] [ 0.92669753 -0.29459485 -0.23333572]
0.20274071960551365 2.5746097516543225 2.9399705271653045 [0.0363365  0.0536803  0.00388651] [-0.37478573  0.06020913  0.92515432] [-0.37478573 -0.92515432  0.06020913] [0.92515432 0.06020913 0.37478573]
0.34730884367752446 2.8057246561010074 2.6464805808487717 [0.0363365  0.0536803  0.00388651] [0.32014926 0.2108245  0.92361111] [ 0.32014926 -0.92361111  0.2108245 ] [ 0.92361111  0.2108245  -0.32014926]
0.7210439038468834 2.4265696151730216 2.5152897847445246 [0.0271166  0.0605953  0.00495176] [-0.09456155 -0.37529841  0.9220679 ] [-0.09456155 -0.9220679  -0.37529841] [ 0.9220679  -0.37529841  0.09456155]
0.6125867853962192 2.4162086587795537 2.590376879432815 [0.0271166 0.0536803 0.0036824] [-0.18551989  0.3438265   0.92052469] [-0.18551989 -0.92052469  0.3438265 ] [0.92052469 0.3438265  0.18551989]
0.5040965887608674 2.3720781219500005 2.6730804931332584 [0.0363365  0.0536803  0.00388651] [ 0.37246409 -0.12939683  0.91898148] [ 0.37246409 -0.91898148 -0.12939683] [ 0.91898148 -0.12939683 -0.37246409]
0.23608312937575626 2.466887326181255 2.9081618434853107 [0.0271166  0.0605953  0.00495176] [-0.36533457 -0.15759971  0.91743827] [-0.36533457 -0.91743827 -0.15759971] [ 0.91743827 -0.15759971  0.36533457]
0.449623831899446 2.717458939604132 2.4732896860372455 [0.0363365  0.0536803  0.00388651] [0.16437874 0.36621833 0.91589506] [ 0.16437874 -0.91589506  0.36621833] [ 0.91589506  0.36621833 -0.16437874]
0.45139148383274386 2.715989517514413 2.4462313708002434 [0.0386415  0.0329355  0.00341121] [ 0.12727013 -0.38439954  0.91435185] [ 0.12727013 -0.91435185 -0.38439954] [ 0.91435185 -0.38439954 -0.12727013]
0.33806634123943863 2.3592121860761965 2.8139958039347457 [0.0271166 0.0536803 0.0036824] [-0.3565299   0.1991653   0.91280864] [-0.3565299  -0.91280864  0.1991653 ] [0.91280864 0.1991653  0.3565299 ]
0.14808981919891362 2.9929787213411307 2.6104713752058637 [0.0478614 0.0329355 0.0034777] [0.40076815 0.09476392 0.91126543] [ 0.40076815 -0.91126543  0.09476392] [ 0.91126543  0.09476392 -0.40076815]
0.611483857112711 2.4106881025474127 2.591179249964986 [0.02594825 0.06537862 0.010956  ] [-0.23341195 -0.34340114  0.90972222] [-0.23341195 -0.90972222 -0.34340114] [ 0.90972222 -0.34340114  0.23341195]
0.6545699209280963 2.560418886732193 2.4585987831119906 [0.0271166 0.0536803 0.0036824] [-0.06033844  0.41421028  0.90817901] [-0.06033844 -0.90817901  0.41421028] [0.90817901 0.41421028 0.06033844]
0.22728211016146152 2.9165144768378766 2.4079162154451614 [0.03742707 0.0246263  0.00301878] [ 0.3268682  -0.26677463  0.9066358 ] [ 0.3268682  -0.9066358  -0.26677463] [ 0.9066358  -0.26677463 -0.3268682 ]
0.6386949002276479 2.571613222916883 2.4408106412685657 [0.0363365  0.0536803  0.00388651] [-0.42452114 -0.02427339  0.90509259] [-0.42452114 -0.90509259 -0.02427339] [ 0.90509259 -0.02427339  0.42452114]
0.3119047188120258 2.8376575437253626 2.4042085801790885 [0.0363365  0.0536803  0.00388651] [0.29891302 0.30700085 0.90354938] [ 0.29891302 -0.90354938  0.30700085] [ 0.90354938  0.30700085 -0.29891302]
0.760677530154343 2.463419081447646 2.489700221834566 [0.02594825 0.06537862 0.010956  ] [-0.01313159 -0.43152338  0.90200617] [-0.01313159 -0.90200617 -0.43152338] [ 0.90200617 -0.43152338  0.01313159]
0.6793672409934991 2.491118472555046 2.543256154541303 [ 0.00616769 -0.09013808  0.01079951] [-0.28390207  0.32949365  0.90046296] [-0.28390207 -0.90046296  0.32949365] [0.90046296 0.32949365 0.28390207]
0.5457158486926954 2.427336726406361 2.64045191386984 [0.0386415  0.0329355  0.00341121] [ 0.43506883 -0.05155959  0.89891975] [ 0.43506883 -0.89891975 -0.05155959] [ 0.89891975 -0.05155959 -0.43506883]
0.6125210758289953 2.495739627889959 2.590424660483464 [0.02594825 0.06537862 0.010956  ] [-0.35819306 -0.25770734  0.89737654] [-0.35819306 -0.89737654 -0.25770734] [ 0.89737654 -0.25770734  0.35819306]
0.7786701457316773 2.415468592546271 2.478401057674744 [ 0.0109817 -0.0925969  0.0146644] [0.09067919 0.43504014 0.89583333] [ 0.09067919 -0.89583333  0.43504014] [ 0.89583333  0.43504014 -0.09067919]
0.3590736141215811 2.7952647622423443 2.4991233301375746 [0.0386415  0.0329355  0.00341121] [ 0.2285836  -0.38470081  0.89429012] [ 0.2285836  -0.89429012 -0.38470081] [ 0.89429012 -0.38470081 -0.2285836 ]
0.23756717758352275 2.536558307542263 2.9067566096414805 [0.0271166 0.0536803 0.0036824] [-0.43135205  0.13014745  0.89274691] [-0.43135205 -0.89274691  0.13014745] [0.89274691 0.13014745 0.43135205]
0.6188430920654514 2.3907114655779838 2.585840380282531 [0.0363365  0.0536803  0.00388651] [0.40872247 0.19672799 0.8912037 ] [ 0.40872247 -0.8912037   0.19672799] [ 0.8912037   0.19672799 -0.40872247]
0.5860610790400244 2.3657652752398453 2.609892758487934 [0.02594825 0.06537862 0.010956  ] [-0.16961291 -0.42395244  0.88966049] [-0.16961291 -0.88966049 -0.42395244] [ 0.88966049 -0.42395244  0.16961291]
0.7436412811226895 2.476212412185735 2.5005809077544825 [0.0271166 0.0536803 0.0036824] [-0.16236625  0.42998243  0.88811728] [-0.16236625 -0.88811728  0.42998243] [0.88811728 0.42998243 0.16236625]
0.4853486971587975 2.4052065860317704 2.6881419833689733 [0.0363365  0.0536803  0.00388651] [ 0.41282306 -0.20871879  0.88657407] [ 0.41282306 -0.88657407 -0.20871879] [ 0.88657407 -0.20871879 -0.41282306]
0.19011824427626525 2.412941978938232 2.9521239315755468 [0.0271166  0.0605953  0.00495176] [-0.44822659 -0.12575093  0.88503086] [-0.44822659 -0.88503086 -0.12575093] [ 0.88503086 -0.12575093  0.44822659]
0.3474369307330627 2.8056103608197316 2.3842626454004243 [0.0363365  0.0536803  0.00388651] [0.24710618 0.39798002 0.88348765] [ 0.24710618 -0.88348765  0.39798002] [ 0.88348765  0.39798002 -0.24710618]
0.33028542919271175 2.517635425374887 2.8209950629505487 [0.02594825 0.06537862 0.010956  ] [ 0.08715928 -0.46322484  0.88194444] [ 0.08715928 -0.88194444 -0.46322484] [ 0.88194444 -0.46322484 -0.08715928]
0.4188413225428006 2.4230337204349475 2.7433573507029805 [0.0271166 0.0536803 0.0036824] [-0.37947392  0.28441731  0.88040123] [-0.37947392 -0.88040123  0.28441731] [0.88040123 0.28441731 0.37947392]
0.5681107498437517 2.4063379928979947 2.623358587322225 [0.0363365  0.0536803  0.00388651] [0.47477343 0.04689097 0.87885802] [ 0.47477343 -0.87885802  0.04689097] [ 0.87885802  0.04689097 -0.47477343]
0.5180119570972692 2.4411684322465974 2.6620468764224325 [0.02594825 0.06537862 0.010956  ] [-0.3202988  -0.3573897   0.87731481] [-0.3202988  -0.87731481 -0.3573897 ] [ 0.87731481 -0.3573897   0.3202988 ]
0.5433981818141526 2.6422394889715592 2.365057040424084 [0.0271166 0.0536803 0.0036824] [-0.00526557  0.48269698  0.8757716 ] [-0.00526557 -0.8757716   0.48269698] [0.8757716  0.48269698 0.00526557]
0.26099004499785217 2.8847048095063337 2.7278231102968675 [0.0386415  0.0329355  0.00341121] [ 0.33184619 -0.35440488  0.8742284 ] [ 0.33184619 -0.8742284  -0.35440488] [ 0.8742284  -0.35440488 -0.33184619]
0.7075356408174629 2.524234442705768 2.47475757642903 [0.0363365  0.0536803  0.00388651] [-0.48685038  0.03738019  0.87268519] [-0.48685038 -0.87268519  0.03738019] [0.87268519 0.03738019 0.48685038]
0.7114869402062405 2.3971014713383916 2.521606210653976 [0.0363365  0.0536803  0.00388651] [0.38640066 0.30299536 0.87114198] [ 0.38640066 -0.87114198  0.30299536] [ 0.87114198  0.30299536 -0.38640066]
0.624148976379615 2.370830269789748 2.5820128907797524 [0.02594825 0.06537862 0.010956  ] [-0.08069521 -0.48712039  0.86959877] [-0.08069521 -0.86959877 -0.48712039] [ 0.86959877 -0.48712039  0.08069521]
0.6588007797944441 2.3705881349427727 2.557462797863763 [0.0271166 0.0536803 0.0036824] [-0.27102127  0.41596517  0.86805556] [-0.27102127 -0.86805556  0.41596517] [0.86805556 0.41596517 0.27102127]
0.6285463192946706 2.4940869857021046 2.5788545860802894 [0.0363365  0.0536803  0.00388651] [ 0.48342694 -0.12431714  0.86651235] [ 0.48342694 -0.86651235 -0.12431714] [ 0.86651235 -0.12431714 -0.48342694]
0.8450445279786695 2.438389886945779 2.4174246771658616 [0.0271166  0.0605953  0.00495176] [-0.44279441 -0.23613874  0.86496914] [-0.44279441 -0.86496914 -0.23613874] [ 0.86496914 -0.23613874  0.44279441]
0.7434997674807274 2.3981412599956626 2.500672036548389 [ 0.0109817 -0.0925969  0.0146644] [0.16787543 0.4757242  0.86342593] [ 0.16787543 -0.86342593  0.4757242 ] [ 0.86342593  0.4757242  -0.16787543]
0.499879946942577 2.6764484380571343 2.3661037720021207 [0.0386415  0.0329355  0.00341121] [ 0.19859171 -0.46660424  0.86188272] [ 0.19859171 -0.86188272 -0.46660424] [ 0.86188272 -0.46660424 -0.19859171]
0.7155615001613842 2.4073787826274984 2.518906246525342 [0.0294216  0.00527573 0.00152726] [-0.4640013   0.21099462  0.86033951] [-0.4640013  -0.86033951  0.21099462] [0.86033951 0.21099462 0.4640013 ]
0.6885449051471372 2.463083436370344 2.5370034622201203 [0.0363365  0.0536803  0.00388651] [0.48713311 0.15865135 0.8587963 ] [ 0.48713311 -0.8587963   0.15865135] [ 0.8587963   0.15865135 -0.48713311]
0.4765864895297774 2.3962741942875314 2.695258026633738 [0.02594825 0.06537862 0.010956  ] [-0.2532976  -0.4482828   0.85725309] [-0.2532976  -0.85725309 -0.4482828 ] [ 0.85725309 -0.4482828   0.2532976 ]
0.6748979658029145 2.546320433091656 2.407695183374615 [0.0271166 0.0536803 0.0036824] [-0.11661398  0.50414461  0.85570988] [-0.11661398 -0.85570988  0.50414461] [0.85570988 0.50414461 0.11661398]
0.7991843960573641 2.405573577723838 2.465756575152697 [0.0271166  0.0605953  0.00495176] [ 0.42862883 -0.29440896  0.85416667] [ 0.42862883 -0.85416667 -0.29440896] [ 0.85416667 -0.29440896 -0.42862883]
0.21025168938944747 2.3728080831335125 2.9327667592864377 [0.0271166  0.0605953  0.00495176] [-0.51742981 -0.0727986   0.85262346] [-0.51742981 -0.85262346 -0.0727986 ] [ 0.85262346 -0.0727986   0.51742981]
0.889999846432896 2.362763440812521 2.412737397694463 [0.0271166 0.0536803 0.0036824] [0.33395829 0.40513488 0.85108025] [ 0.33395829 -0.85108025  0.40513488] [ 0.85108025  0.40513488 -0.33395829]
0.8677011474836589 2.4253188469510776 2.36493610451084 [0.02594825 0.06537862 0.010956  ] [ 0.02754442 -0.52680938  0.84953704] [ 0.02754442 -0.84953704 -0.52680938] [ 0.84953704 -0.52680938 -0.02754442]
0.5642989404240866 2.4970439540466933 2.626245036033086 [0.0271166 0.0536803 0.0036824] [-0.37793139  0.37158355  0.84799383] [-0.37793139 -0.84799383  0.37158355] [0.84799383 0.37158355 0.37793139]
0.6238438856697762 2.4375473289008145 2.5822324797809366 [0.0363365  0.0536803  0.00388651] [ 0.53213552 -0.01879202  0.84645062] [ 0.53213552 -0.84645062 -0.01879202] [ 0.84645062 -0.01879202 -0.53213552]
0.46511628233577185 2.3585822329690926 2.7046467221625745 [0.02594825 0.06537862 0.010956  ] [-0.4069343  -0.34718287  0.84490741] [-0.4069343  -0.84490741 -0.34718287] [ 0.84490741 -0.34718287  0.4069343 ]
0.9193516562067913 2.3804313769920395 2.3965956685610554 [ 0.01789665 -0.0777036   0.00412968] [0.06583975 0.5332935  0.8433642 ] [ 0.06583975 -0.8433642   0.5332935 ] [ 0.8433642   0.5332935  -0.06583975]
0.4043845527556935 2.7557195600364244 2.387513645353793 [0.0386415  0.0329355  0.00341121] [ 0.31308691 -0.4396749   0.84182099] [ 0.31308691 -0.84182099 -0.4396749 ] [ 0.84182099 -0.4396749  -0.31308691]
0.8377355898511949 2.4241451230668076 2.4426692893318123 [0.0363365  0.0536803  0.00388651] [-0.53020307  0.11321646  0.84027778] [-0.53020307 -0.84027778  0.11321646] [0.84027778 0.11321646 0.53020307]
0.7729246015190016 2.4819878527515717 2.474225135030922 [0.0271166 0.0536803 0.0036824] [0.46948758 0.27587268 0.83873457] [ 0.46948758 -0.83873457  0.27587268] [ 0.83873457  0.27587268 -0.46948758]
0.5016810669728787 2.634525760804815 2.6750084419379343 [0.02594825 0.06537862 0.010956  ] [-0.16053175 -0.52281946  0.83719136] [-0.16053175 -0.83719136 -0.52281946] [ 0.83719136 -0.52281946  0.16053175]
0.8017754296092706 2.430110209602679 2.464177415938809 [0.0271166 0.0536803 0.0036824] [-0.23579938  0.49607542  0.83564815] [-0.23579938 -0.83564815  0.49607542] [0.83564815 0.49607542 0.23579938]
0.6075445991370693 2.5127244271106783 2.5940514602992084 [0.0271166 0.0536803 0.0036824] [ 0.51113419 -0.20739042  0.83410494] [ 0.51113419 -0.83410494 -0.20739042] [ 0.83410494 -0.20739042 -0.51113419]
0.8175373012340752 2.3914508388108944 2.454656683097423 [0.0271166  0.0605953  0.00495176] [-0.51916513 -0.19315418  0.83256173] [-0.51916513 -0.83256173 -0.19315418] [ 0.83256173 -0.19315418  0.51916513]
0.7549696584477964 2.4933258894668535 2.4037398381796775 [0.02594825 0.06537862 0.010956  ] [ 0.14825011 -0.53850963  0.82947531] [ 0.14825011 -0.82947531 -0.53850963] [ 0.82947531 -0.53850963 -0.14825011]
0.9763105734523557 2.3665879547723407 2.3636324667382027 [ 0.0294216  -0.0408239   0.00259536] [-0.47500835  0.29815349  0.8279321 ] [-0.47500835 -0.8279321   0.29815349] [0.8279321  0.29815349 0.47500835]
0.7217455009307078 2.514828332277953 2.514533286026271 [0.0271166 0.0536803 0.0036824] [0.55389048 0.10142356 0.82638889] [ 0.55389048 -0.82638889  0.10142356] [ 0.82638889  0.10142356 -0.55389048]
0.39373926085139527 2.5511855044722047 2.764902436131454 [0.0271166  0.0605953  0.00495176] [-0.34127408 -0.45073452  0.82484568] [-0.34127408 -0.82484568 -0.45073452] [ 0.82484568 -0.45073452  0.34127408]
0.7054569175984877 2.3766167544097794 2.525621056067319 [0.0271166  0.0605953  0.00495176] [ 0.42249183 -0.38237727  0.82175926] [ 0.42249183 -0.82175926 -0.38237727] [ 0.82175926 -0.38237727 -0.42249183]
0.6248590189577959 2.416849282129527 2.581502070705995 [0.0363365  0.0536803  0.00388651] [-0.57204347 -0.00344941  0.82021605] [-0.57204347 -0.82021605 -0.00344941] [ 0.82021605 -0.00344941  0.57204347]
0.9457509268564023 2.3824754057820323 2.3595666729430382 [0.0386415  0.0329355  0.00341121] [0.42109487 0.39045344 0.81867284] [ 0.42109487 -0.81867284  0.39045344] [ 0.81867284  0.39045344 -0.42109487]
0.5947457960494765 2.4107772351520635 2.603452841886365 [0.0363365  0.0536803  0.00388651] [-0.04693336 -0.57454019  0.81712963] [-0.04693336 -0.81712963 -0.57454019] [ 0.81712963 -0.57454019  0.04693336]
0.627682593344579 2.579473954137057 2.5319172318275087 [0.0271166 0.0536803 0.0036824] [-0.35482674  0.45707415  0.81558642] [-0.35482674 -0.81558642  0.45707415] [0.81558642 0.45707415 0.35482674]
0.5985737760395382 2.6006298537038557 2.5542102972414824 [0.0363365  0.0536803  0.00388651] [ 0.57252546 -0.09771515  0.81404321] [ 0.57252546 -0.81404321 -0.09771515] [ 0.81404321 -0.09771515 -0.57252546]
0.714669680709574 2.469803429047152 2.519496312149753 [0.0363365  0.0536803  0.00388651] [-0.48998095 -0.31585189  0.8125    ] [-0.48998095 -0.8125     -0.31585189] [ 0.8125     -0.31585189  0.48998095]
0.5191483944321198 2.661151286089588 2.3749216645907154 [0.0386415  0.0329355  0.00341121] [ 0.2738001  -0.5195028   0.80941358] [ 0.2738001  -0.80941358 -0.5195028 ] [ 0.80941358 -0.5195028  -0.2738001 ]
0.7417333456005293 2.5018105770033547 2.4490940634720877 [0.0363365  0.0536803  0.00388651] [-0.55480762  0.19883152  0.80787037] [-0.55480762 -0.80787037  0.19883152] [0.80787037 0.19883152 0.55480762]
0.6643155784275087 2.5536268396226975 2.390098900406687 [0.0386415  0.0329355  0.00341121] [0.54535172 0.22897165 0.80632716] [ 0.54535172 -0.80632716  0.22897165] [ 0.80632716  0.22897165 -0.54535172]
0.39341205997243545 2.5569987142514585 2.765185751022517 [0.02594825 0.06537862 0.010956  ] [-0.24833504 -0.53912197  0.80478395] [-0.24833504 -0.80478395 -0.53912197] [ 0.80478395 -0.53912197  0.24833504]
0.7432381037157563 2.500840569465996 2.394888509971498 [0.0271166  0.0605953  0.00495176] [ 0.51896042 -0.29658245  0.80169753] [ 0.51896042 -0.80169753 -0.29658245] [ 0.80169753 -0.29658245 -0.51896042]
0.8013870141519032 2.360592428840444 2.464413889475633 [0.0271166  0.0605953  0.00495176] [-0.58501723 -0.13231745  0.80015432] [-0.58501723 -0.80015432 -0.13231745] [ 0.80015432 -0.13231745  0.58501723]
0.7008273743746825 2.366301021156893 2.5287189666075687 [ 0.0109817 -0.0925969  0.0146644] [0.34316506 0.49442698 0.79861111] [ 0.34316506 -0.79861111  0.49442698] [ 0.79861111  0.49442698 -0.34316506]
0.7669951685033418 2.398070297472789 2.4857104143117996 [0.02594825 0.06537862 0.010956  ] [ 0.08121605 -0.59840347  0.7970679 ] [ 0.08121605 -0.7970679  -0.59840347] [ 0.7970679  -0.59840347 -0.08121605]
0.7160333663975232 2.5062987573575417 2.5185942411979525 [0.0202016  0.0329355  0.00409183] [-0.46566316  0.38768323  0.79552469] [-0.46566316 -0.79552469  0.38768323] [0.79552469 0.38768323 0.46566316]
0.6829294485087876 2.540822890831989 2.466688035723517 [0.0271166 0.0536803 0.0036824] [0.60726029 0.02878106 0.79398148] [ 0.60726029 -0.79398148  0.02878106] [ 0.79398148  0.02878106 -0.60726029]
0.6822284847739283 2.4748324930138463 2.5413010660307513 [0.0271166  0.0605953  0.00495176] [-0.4297498  -0.43284719  0.79243827] [-0.4297498  -0.79243827 -0.43284719] [ 0.79243827 -0.43284719  0.4297498 ]
0.6082586258079524 2.4356996821942087 2.5935300995546804 [ 0.0294216  -0.00394419  0.00146438] [ 0.39619284 -0.46899348  0.78935185] [ 0.39619284 -0.78935185 -0.46899348] [ 0.78935185 -0.46899348 -0.39619284]
0.23029795083631152 2.41850881259551 2.913648649296177 [0.0271166 0.0536803 0.0036824] [-0.61090369  0.07844884  0.78780864] [-0.61090369 -0.78780864  0.07844884] [0.78780864 0.07844884 0.61090369]
0.6642456898277272 2.3901470805143825 2.553675330647885 [ 0.0202016 -0.0408239  0.0029714] [-0.56637964 -0.26583764  0.78009259] [-0.56637964 -0.78009259 -0.26583764] [ 0.78009259 -0.26583764  0.56637964]
0.7625786961359801 2.488497011047427 2.4008406516716967 [0.0294216  0.02259165 0.00340163] [ 0.21662121 -0.59104709  0.77700617] [ 0.21662121 -0.77700617 -0.59104709] [ 0.77700617 -0.59104709 -0.21662121]
0.4657642803653519 2.7041141070333854 2.383253532802483 [ 0.0294216  -0.0408239   0.00259536] [0.61138186 0.16510735 0.77391975] [ 0.61138186 -0.77391975  0.16510735] [ 0.77391975  0.16510735 -0.61138186]
0.679963518137734 2.542848288899346 2.5191804926548627 [ 0.0202016  -0.00394419  0.00138138] [ 0.50747854 -0.38814719  0.76929012] [ 0.50747854 -0.76929012 -0.38814719] [ 0.76929012 -0.38814719 -0.50747854]
0.7195739560552971 2.374639355310637 2.516257591136494 [0.0386415  0.01219069 0.0020619 ] [-0.63823486 -0.05675335  0.76774691] [-0.63823486 -0.76774691 -0.05675335] [ 0.76774691 -0.05675335  0.63823486]
0.6787266738617356 2.3659893642317713 2.5436945674112605 [ 0.00637175 -0.0777036   0.00403013] [0.43352259 0.47433115 0.7662037 ] [ 0.43352259 -0.7662037   0.47433115] [ 0.7662037   0.47433115 -0.43352259]
0.6478107922265975 2.565165305375074 2.554812699965809 [0.0225066  0.06786022 0.02273185] [ 7.42135451e-04 -6.44432912e-01  7.64660494e-01] [ 7.42135451e-04 -7.64660494e-01 -6.44432912e-01] [ 7.64660494e-01 -6.44432912e-01 -7.42135451e-04]
0.7790040241242434 2.478193239267787 2.4428283198300926 [0.0202016  0.0329355  0.00409183] [-0.43709086  0.47602898  0.76311728] [-0.43709086 -0.76311728  0.47602898] [0.76311728 0.47602898 0.43709086]
0.4269161750047659 2.7365074552653406 2.3757506674243216 [0.03742707 0.0246263  0.00301878] [ 0.64566123 -0.05591517  0.76157407] [ 0.64566123 -0.76157407 -0.05591517] [ 0.76157407 -0.05591517 -0.64566123]
0.5918458458816562 2.402032062501188 2.6055977755976856 [0.0363365  0.0536803  0.00388651] [-0.51529509 -0.39601017  0.76003086] [-0.51529509 -0.76003086 -0.39601017] [ 0.76003086 -0.39601017  0.51529509]
0.9638743844903296 2.3609591068663023 2.3729948366377425 [ 0.0294216  -0.00394419  0.00146438] [ 0.35137537 -0.55097228  0.75694444] [ 0.35137537 -0.75694444 -0.55097228] [ 0.75694444 -0.55097228 -0.35137537]
0.673744462850528 2.40400585469935 2.547113377175337 [0.0363365  0.0536803  0.00388651] [-0.63299238  0.16938012  0.75540123] [-0.63299238 -0.75540123  0.16938012] [0.75540123 0.16938012 0.63299238]
0.6837149127129707 2.3780053943358888 2.54028744289738 [0.03606015 0.0640758  0.01129108] [ 0.14407855 -0.65177761  0.74459877] [ 0.14407855 -0.74459877 -0.65177761] [ 0.74459877 -0.65177761 -0.14407855]
0.8723989455946891 2.4226450642509714 2.401548560350542 [ 0.00616769 -0.09013808  0.01079951] [0.52110725 0.43587869 0.7337963 ] [ 0.52110725 -0.7337963   0.43587869] [ 0.7337963   0.43587869 -0.52110725]
0.2930883813136388 2.5001667331621764 2.8548961398526007 [0.02460205 0.06856482 0.04148602] [-0.09003631 -0.67505472  0.73225309] [-0.09003631 -0.73225309 -0.67505472] [ 0.73225309 -0.67505472  0.09003631]
0.8416986267930234 2.417237672186367 2.440345096474797 [0.0202016  0.0421554  0.00428551] [-0.39055002  0.55994085  0.73070988] [-0.39055002 -0.73070988  0.55994085] [0.73070988 0.55994085 0.39055002]
0.464912821908678 2.704814008777241 2.380525352675013 [0.0386415  0.0329355  0.00341121] [ 0.6678223  -0.14943006  0.72916667] [ 0.6678223  -0.72916667 -0.14943006] [ 0.72916667 -0.14943006 -0.6678223 ]
0.9108972774762109 2.401196821491093 2.3987496093253107 [0.0524714  0.0536803  0.00580288] [-0.59479246 -0.34173972  0.72762346] [-0.59479246 -0.72762346 -0.34173972] [ 0.72762346 -0.34173972  0.59479246]
0.6323692878090525 2.5761189640571005 2.4313389565150434 [ 0.0202016  -0.0131641   0.00162148] [ 0.2898014  -0.62534889  0.72453704] [ 0.2898014  -0.72453704 -0.62534889] [ 0.72453704 -0.62534889 -0.2898014 ]
0.7455892371324229 2.393135011021331 2.499327761099557 [0.0386415  0.0421554  0.00410744] [-0.63760149  0.26597794  0.72299383] [-0.63760149 -0.72299383  0.26597794] [0.72299383 0.26597794 0.63760149]
0.8378652913439419 2.4289138778465134 2.4425930799406244 [ 0.00637175 -0.0777036   0.00403013] [0.65132868 0.23511689 0.72145062] [ 0.65132868 -0.72145062  0.23511689] [ 0.72145062  0.23511689 -0.65132868]
0.5881251193712786 2.4617999302316766 2.6083577888717104 [0.0225066  0.06786022 0.02273185] [-0.32219502 -0.61475499  0.71990741] [-0.32219502 -0.71990741 -0.61475499] [ 0.71990741 -0.61475499  0.32219502]
0.59104335474027 2.6061922986012354 2.449196536167864 [0.0386415  0.0329355  0.00341121] [ 0.58691575 -0.37642739  0.71682099] [ 0.58691575 -0.71682099 -0.37642739] [ 0.71682099 -0.37642739 -0.58691575]
0.5784523847159266 2.494597704563649 2.6155750322287585 [0.02349446 0.06825437 0.0324457 ] [ 0.0587651  -0.69952136  0.71219136] [ 0.0587651  -0.71219136 -0.69952136] [ 0.71219136 -0.69952136 -0.0587651 ]
0.6117607426918372 2.3773568563273426 2.590977744078192 [0.0294216  0.0421554  0.00366683] [ 0.42972438 -0.56484644  0.70447531] [ 0.42972438 -0.70447531 -0.56484644] [ 0.70447531 -0.56484644 -0.42972438]
0.9498365246750675 2.3723789588188273 2.3803231787222066 [0.0478614  0.0444604  0.00399995] [-0.69991777  0.12649737  0.7029321 ] [-0.69991777 -0.7029321   0.12649737] [0.7029321  0.12649737 0.69991777]
0.8041305175785811 2.462745519295974 2.4616262682302934 [ 0.0202016  -0.0592637   0.00406812] [0.60283242 0.38032446 0.70138889] [ 0.60283242 -0.70138889  0.38032446] [ 0.70138889  0.38032446 -0.60283242]
0.5548101198542527 2.479927669260305 2.6334713012602786 [0.02839005 0.06748497 0.20134873] [-0.18800321 -0.68910871  0.69984568] [-0.18800321 -0.69984568 -0.68910871] [ 0.69984568 -0.68910871  0.18800321]
0.4162265619048745 2.7455839393928065 2.3563698918245444 [0.0202016  0.0329355  0.00409183] [ 0.67285823 -0.24857259  0.69675926] [ 0.67285823 -0.69675926 -0.24857259] [ 0.69675926 -0.24857259 -0.67285823]
0.6238764720606272 2.3627860834684444 2.582209022859592 [0.0225066  0.06786022 0.02273185] [ 0.21344705 -0.68949034  0.69212963] [ 0.21344705 -0.69212963 -0.68949034] [ 0.69212963 -0.68949034 -0.21344705]
0.7922083510197898 2.3931451951487706 2.4700281536331623 [ 0.0109817 -0.0925969  0.0146644] [0.52076884 0.51438616 0.68132716] [ 0.52076884 -0.68132716  0.51438616] [ 0.68132716  0.51438616 -0.52076884]
0.4274182538591971 2.452994126095061 2.7360828541554727 [0.02999116 0.06761164 0.2117405 ] [-0.03660742 -0.73249824  0.67978395] [-0.03660742 -0.67978395 -0.73249824] [ 0.67978395 -0.73249824  0.03660742]
0.9357547235022893 2.3877784073326955 2.364170295038411 [-0.02168048 -0.06673523  0.03171244] [ 0.72931494 -0.10089683  0.67669753] [ 0.72931494 -0.67669753 -0.10089683] [ 0.67669753 -0.10089683 -0.72931494]
0.8309272696992115 2.3660152942522035 2.4466833770839767 [0.0294216  0.02259165 0.00340163] [ 0.36576034 -0.643851    0.6720679 ] [ 0.36576034 -0.6720679  -0.643851  ] [ 0.6720679  -0.643851   -0.36576034]
0.9703063924947241 2.3579869467520287 2.3696712491086567 [0.0478614  0.0444604  0.00399995] [-0.70594537  0.22811789  0.67052469] [-0.70594537 -0.67052469  0.22811789] [0.67052469 0.22811789 0.70594537]
0.8301069407080016 2.4471688481911045 2.416962370285149 [ 0.00637175 -0.0777036   0.00403013] [0.67589925 0.30923128 0.66898148] [ 0.67589925 -0.66898148  0.30923128] [ 0.66898148  0.30923128 -0.67589925]
0.5957979915416636 2.4467525651366264 2.6026759403750956 [0.02839005 0.06748497 0.20134873] [-0.29004421 -0.6858575   0.66743827] [-0.29004421 -0.66743827 -0.6858575 ] [ 0.66743827 -0.6858575   0.29004421]
0.7937479261025474 2.457768209717897 2.4690829414271565 [0.01789665 0.0605953  0.00459388] [ 0.66030782 -0.35018595  0.66435185] [ 0.66030782 -0.66435185 -0.35018595] [ 0.66435185 -0.35018595 -0.66030782]
0.38254814609318244 2.3973816422046466 2.774628254220656 [0.0248116  0.06835962 0.2117405 ] [ 0.12452676 -0.74112055  0.65972222] [ 0.12452676 -0.65972222 -0.74112055] [ 0.65972222 -0.74112055 -0.12452676]
0.8006501829051209 2.464862730506383 2.3589356417715495 [ 0.0109817 -0.0925969  0.0146644] [0.60777771 0.45772197 0.64891975] [ 0.60777771 -0.64891975  0.45772197] [ 0.64891975  0.45772197 -0.60777771]
0.42425881099025775 2.3935245215948315 2.7387573137863934 [0.02999116 0.06761164 0.2117405 ] [-0.13920953 -0.74934926  0.64737654] [-0.13920953 -0.64737654 -0.74934926] [ 0.64737654 -0.74934926  0.13920953]
0.3530891669894779 2.365792392264771 2.8005757939357014 [0.01674417 0.06920703 0.2117405 ] [ 0.28716155 -0.71300259  0.63966049] [ 0.28716155 -0.63966049 -0.71300259] [ 0.63966049 -0.71300259 -0.28716155]
0.6795925101599374 2.3966703628482335 2.5431020392915076 [0.02999116 0.06761164 0.2117405 ] [-0.39306757 -0.66500653  0.63503086] [-0.39306757 -0.63503086 -0.66500653] [ 0.63503086 -0.66500653  0.39306757]
0.9411552435319955 2.3849068528226924 2.3565495738139792 [-0.01712719 -0.07661189  0.0076144 ] [ 0.63015063 -0.45117225  0.63194444] [ 0.63015063 -0.63194444 -0.45117225] [ 0.63194444 -0.45117225 -0.63015063]
0.34187632301930493 2.3742387405939906 2.810580560177892 [0.02999116 0.06761164 0.2117405 ] [ 0.02548026 -0.77834882  0.62731481] [ 0.02548026 -0.62731481 -0.77834882] [ 0.62731481 -0.77834882 -0.02548026]
0.4639104513871693 2.4043105902020603 2.705638544849073 [0.02999116 0.06761164 0.2117405 ] [-0.2461238  -0.74915688  0.61496914] [-0.2461238  -0.61496914 -0.74915688] [ 0.61496914 -0.74915688  0.2461238 ]
0.6693143968351577 2.5501665918345595 2.376055883809561 [0.01789665 0.0605953  0.00459388] [ 0.72697427 -0.3116215   0.61188272] [ 0.72697427 -0.61188272 -0.3116215 ] [ 0.61188272 -0.3116215  -0.72697427]
0.7068081454730584 2.3610625975804926 2.5247194098341907 [0.04645315 0.06510189 0.081554  ] [ 0.19589408 -0.76998     0.60725309] [ 0.19589408 -0.60725309 -0.76998   ] [ 0.60725309 -0.76998    -0.19589408]
0.5566176769304295 2.413056247014638 2.632090240530492 [0.02839005 0.06748497 0.20134873] [-0.35439064 -0.73145684  0.58256173] [-0.35439064 -0.58256173 -0.73145684] [ 0.58256173 -0.73145684  0.35439064]
0.9119929067630979 2.383921079339595 2.400598356373122 [0.0271166  0.0605953  0.00495176] [ 0.51913223 -0.63942608  0.56712963] [ 0.51913223 -0.56712963 -0.63942608] [ 0.56712963 -0.63942608 -0.51913223]
0.32101250327358116 2.364401150444766 2.829378871951893 [0.02349446 0.06825437 0.0324457 ] [ 0.27100918 -0.78661858  0.55478395] [ 0.27100918 -0.55478395 -0.78661858] [ 0.55478395 -0.78661858 -0.27100918]
0.6768630101129337 2.422656842930913 2.544971569176991 [0.02999116 0.06761164 0.2117405 ] [-0.46106282 -0.69624083  0.55015432] [-0.46106282 -0.55015432 -0.69624083] [ 0.55015432 -0.69624083  0.46106282]
0.6418785496252213 2.360193966530697 2.5693552626206064 [0.0363365  0.06630662 0.2117405 ] [-0.30545101 -0.79101297  0.53009259] [-0.30545101 -0.53009259 -0.79101297] [ 0.53009259 -0.79101297  0.30545101]
0.7039570735521005 2.526623215717496 2.4339977647411186 [0.02839005 0.06748497 0.20134873] [-0.56326441 -0.64394979  0.51774691] [-0.56326441 -0.51774691 -0.64394979] [ 0.51774691 -0.64394979  0.56326441]
0.8058852632339849 2.4616807707116024 2.3837000435813573 [0.0271166  0.0605953  0.00495176] [ 0.59352807 -0.61874793  0.51466049] [ 0.59352807 -0.51466049 -0.61874793] [ 0.51466049 -0.61874793 -0.59352807]
0.9470817604734751 2.3817733796310043 2.3643593354732793 [ 0.00616769 -0.09013808  0.01079951] [0.66970651 0.53831697 0.51157407] [ 0.66970651 -0.51157407  0.53831697] [ 0.51157407  0.53831697 -0.66970651]
0.9647688222856564 2.3725313772165784 2.358492246450392 [0.04587992 0.06482171 0.2118331 ] [-0.41755027 -0.76023762  0.49768519] [-0.41755027 -0.49768519 -0.76023762] [ 0.49768519 -0.76023762  0.41755027]
0.9217837046005161 2.386162056969084 2.3952792293017695 [0.0363365  0.06630012 0.201368  ] [-0.52577375 -0.71209448  0.46527778] [-0.52577375 -0.46527778 -0.71209448] [ 0.46527778 -0.71209448  0.52577375]
0.9334150522574012 2.3788507301838755 2.389027265372973 [0.0363365  0.06630012 0.201368  ] [-0.58660408 -0.71497591  0.38040123] [-0.58660408 -0.38040123 -0.71497591] [ 0.38040123 -0.71497591  0.58660408]
0.9423516638334641 2.362807548788415 2.3842727860241046 [ 0.00867673 -0.09283917  0.0411717 ] [ 0.5565123   0.69852196 -0.44984568] [0.5565123  0.44984568 0.69852196] [-0.44984568  0.69852196 -0.5565123 ]
0.9079251516109065 2.379034201906456 2.4028235757632674 [ 0.03230275 -0.07482235  0.23679525] [-0.64606246  0.61437432 -0.4529321 ] [-0.64606246  0.4529321   0.61437432] [-0.4529321   0.61437432  0.64606246]
0.9189901118308687 2.35749127738586 2.396791640838501 [0.00335042 0.05310486 0.2215651 ] [ 0.75696386  0.46193599 -0.46219136] [0.75696386 0.46219136 0.46193599] [-0.46219136  0.46193599 -0.75696386]
0.7964920382365885 2.358385765282683 2.4674017221073514 [ 0.01658969 -0.08812174  0.23157016] [-0.5475835   0.68161417 -0.48533951] [-0.5475835   0.48533951  0.68161417] [-0.48533951  0.68161417  0.5475835 ]
0.8529228077852795 2.387719891810053 2.433811540718122 [ 0.00380935 -0.09166928  0.03195177] [ 0.48112449  0.71846994 -0.50231481] [0.48112449 0.50231481 0.71846994] [-0.50231481  0.71846994 -0.48112449]
0.8978238194950753 2.4083885097064996 2.3584188515951103 [ 0.0259641  -0.08179788  0.235943  ] [-0.67225368  0.54096635 -0.50540123] [-0.67225368  0.50540123  0.54096635] [-0.50540123  0.54096635  0.67225368]
0.8104926423180454 2.3659953920445216 2.458893771392689 [0.03646812 0.06551238 0.221409  ] [-0.59641001 -0.62107601 -0.50848765] [-0.59641001  0.50848765 -0.62107601] [-0.50848765 -0.62107601  0.59641001]
0.8752449483049931 2.371436424834126 2.4210312854345566 [ 0.00464536 -0.09176851  0.22341857] [-0.44209145  0.73245702 -0.51774691] [-0.44209145  0.51774691  0.73245702] [-0.51774691  0.73245702  0.44209145]
0.6109196950402067 2.39418618020082 2.5915899775250355 [ 0.0039766  -0.09159065  0.02139918] [ 0.31126385  0.79387503 -0.52237654] [0.31126385 0.52237654 0.79387503] [-0.52237654  0.79387503 -0.31126385]
0.8618107588092608 2.4286890185800143 2.393681588263463 [ 0.01658969 -0.08812174  0.23157016] [-0.58046905  0.61140621 -0.53780864] [-0.58046905  0.53780864  0.61140621] [-0.53780864  0.61140621  0.58046905]
0.924018057028445 2.394072609815982 2.374526644033714 [0.00335042 0.05310486 0.2215651 ] [ 0.7358806   0.39899431 -0.5470679 ] [0.7358806  0.5470679  0.39899431] [-0.5470679   0.39899431 -0.7358806 ]
0.3969347814392109 2.371025458676049 2.7621388424410083 [ 0.02610176 -0.09606662  0.20145165] [-0.33232571  0.76608736 -0.55015432] [-0.33232571  0.55015432  0.76608736] [-0.55015432  0.76608736  0.33232571]
0.8136723228839876 2.4106688048234535 2.4569776980267313 [ 0.00982922 -0.09271388  0.03195177] [ 0.40427658  0.72716932 -0.55478395] [0.40427658 0.55478395 0.72716932] [-0.55478395  0.72716932 -0.40427658]
0.9760088720988289 2.359085665317613 2.3667424446278087 [ 0.02585257 -0.08772843  0.23252113] [-0.68732953  0.46514381 -0.55787037] [-0.68732953  0.55787037  0.46514381] [-0.55787037  0.46514381  0.68732953]
0.8946489305733244 2.3661973481936522 2.4101491686935974 [0.02452347 0.06828537 0.21951987] [-0.52213928 -0.6424158  -0.56095679] [-0.52213928  0.56095679 -0.6424158 ] [-0.56095679 -0.6424158   0.52213928]
0.2526951498675144 2.362060154079065 2.892486338243489 [ 0.02624091 -0.09585493  0.21146106] [-0.04887444  0.82535146 -0.5625    ] [-0.04887444  0.5625      0.82535146] [-0.5625      0.82535146  0.04887444]
0.6390804345643321 2.3693265673912993 2.5713394404210757 [ 0.02613353 -0.09588167  0.18186037] [-0.48112185  0.66586442 -0.57021605] [-0.48112185  0.57021605  0.66586442] [-0.57021605  0.66586442  0.48112185]
0.22090889174206035 2.3686441362344857 2.9225829283326776 [ 0.02624091 -0.09585493  0.21146106] [ 0.2347697   0.78385945 -0.57484568] [0.2347697  0.57484568 0.78385945] [-0.57484568  0.78385945 -0.2347697 ]
0.3120527890581132 2.404745354563687 2.8375226069737174 [ 0.03575706 -0.09531835  0.20122135] [-0.22114144  0.78212422 -0.58256173] [-0.22114144  0.58256173  0.78212422] [-0.58256173  0.78212422  0.22114144]
0.6200747102419193 2.3934562504505363 2.584950308675415 [ 0.01637064 -0.09412489  0.0411717 ] [ 0.48414661  0.64869744 -0.58719136] [0.48414661 0.58719136 0.64869744] [-0.58719136  0.64869744 -0.48414661]
0.9000195346880199 2.407174105673011 2.377994752089946 [ 0.0329449  -0.06686707  0.23787492] [-0.60220965  0.53750878 -0.59027778] [-0.60220965  0.59027778  0.53750878] [-0.59027778  0.53750878  0.60220965]
0.8844363684553905 2.3956751378893224 2.4158504354971777 [0.03646812 0.06551238 0.221409  ] [-0.58644831 -0.55135951 -0.5933642 ] [-0.58644831  0.5933642  -0.55135951] [-0.5933642  -0.55135951  0.58644831]
0.2723859676117049 2.384723717815719 2.874065654663799 [ 0.02624091 -0.09585493  0.21146106] [ 0.05990578  0.80155878 -0.59490741] [0.05990578 0.59490741 0.80155878] [-0.59490741  0.80155878 -0.05990578]
0.5012232678094575 2.4582674649051963 2.6753742556723075 [ 0.02610176 -0.09606662  0.20145165] [-0.37694847  0.7033881  -0.60262346] [-0.37694847  0.60262346  0.7033881 ] [-0.60262346  0.7033881   0.37694847]
0.30814445195221646 2.406060672732962 2.841088081032054 [ 0.02624091 -0.09585493  0.21146106] [ 0.32740981  0.72391056 -0.60725309] [0.32740981 0.60725309 0.72391056] [-0.60725309  0.72391056 -0.32740981]
0.9358816327062585 2.3877107496912515 2.3610117149185568 [ 0.03700607 -0.07693746  0.23372134] [-0.69045024  0.3882836  -0.61033951] [-0.69045024  0.61033951  0.3882836 ] [-0.61033951  0.3882836   0.69045024]
0.30945425392970777 2.404912373225346 2.8398923048442124 [ 0.02624091 -0.09585493  0.21146106] [-0.11144739  0.78063592 -0.61496914] [-0.11144739  0.61496914  0.78063592] [-0.61496914  0.78063592  0.11144739]
0.36634912968899036 2.3620126068381375 2.788835139988558 [ 0.02727236 -0.09348386  0.227118  ] [ 0.54916289  0.56081859 -0.61959877] [0.54916289 0.61959877 0.56081859] [-0.61959877  0.56081859 -0.54916289]
0.8748595964858293 2.3760836935667706 2.421249526486072 [ 0.01605268 -0.08124584  0.2359942 ] [-0.50906877  0.5942324  -0.62268519] [-0.50906877  0.62268519  0.5942324 ] [-0.62268519  0.5942324   0.50906877]
0.2870407739221062 2.4046354961758554 2.8604743952819636 [ 0.02578213 -0.09495651  0.22169732] [ 0.16107936  0.76192491 -0.62731481] [0.16107936 0.62731481 0.76192491] [-0.62731481  0.76192491 -0.16107936]
0.4170578347294881 2.4730246355256122 2.7448756236292384 [ 0.02610176 -0.09606662  0.20145165] [-0.27083349  0.72345354 -0.63503086] [-0.27083349  0.63503086  0.72345354] [-0.63503086  0.72345354  0.27083349]
0.38546906413900334 2.3671553760071817 2.772082709691432 [ 0.02727236 -0.09348386  0.227118  ] [ 0.40731852  0.65186354 -0.63966049] [0.40731852 0.63966049 0.65186354] [-0.63966049  0.65186354 -0.40731852]
0.8448167317077341 2.4385227974065433 2.36779378893126 [ 0.03512735 -0.05687999  0.23826346] [-0.6116982   0.46119596 -0.64274691] [-0.6116982   0.64274691  0.46119596] [-0.64274691  0.46119596  0.6116982 ]
0.35028437700720705 2.461645485001764 2.8030718605351597 [ 0.02624091 -0.09585493  0.21146106] [-0.00614399  0.76214557 -0.64737654] [-0.00614399  0.64737654  0.76214557] [-0.64737654  0.76214557  0.00614399]
0.5957171951294916 2.3609390056306916 2.602735571931344 [ 0.00780589 -0.04733096  0.23760845] [ 0.59798054  0.46616223 -0.65200617] [0.59798054 0.65200617 0.46616223] [-0.65200617  0.46616223 -0.59798054]
0.7327532472575062 2.361776288218846 2.5076284929646153 [ 0.00639983 -0.08701914  0.23114136] [-0.41064994  0.63420842 -0.65509259] [-0.41064994  0.65509259  0.63420842] [-0.65509259  0.63420842  0.41064994]
0.8831628599583563 2.4165654471825824 2.376200471572839 [0.0363365 0.0433079 0.234526 ] [-0.66530679 -0.35237375 -0.65817901] [-0.66530679  0.65817901 -0.35237375] [-0.65817901 -0.35237375  0.66530679]
0.34490675027250456 2.4327864194638398 2.8078697828770656 [ 0.02578213 -0.09495651  0.22169732] [ 0.25209797  0.70796413 -0.65972222] [0.25209797 0.65972222 0.70796413] [-0.65972222  0.70796413 -0.25209797]
0.8123738452363556 2.4577594395100473 2.3620640271152906 [ 0.02591354 -0.06828837  0.23849778] [-0.68074005  0.31189371 -0.66280864] [-0.68074005  0.66280864  0.31189371] [-0.66280864  0.31189371  0.68074005]
0.4121017428821234 2.490183981679199 2.7491048138952294 [ 0.02624091 -0.09585493  0.21146106] [-0.16575174  0.72598382 -0.66743827] [-0.16575174  0.66743827  0.72598382] [-0.66743827  0.72598382  0.16575174]
0.4277409242100332 2.3815400355920007 2.7358100576390503 [ 0.02727236 -0.09348386  0.227118  ] [ 0.47262638  0.57004302 -0.6720679 ] [0.47262638 0.6720679  0.57004302] [-0.6720679   0.57004302 -0.47262638]
0.9013082669716538 2.3760421540385908 2.4064625687967127 [ 0.03837241 -0.0069625   0.23575744] [-0.5245404   0.51867525 -0.67515432] [-0.5245404   0.67515432  0.51867525] [-0.67515432  0.51867525  0.5245404 ]
0.9062912590372335 2.403719917728083 2.366630765460835 [0.03646812 0.06551238 0.221409  ] [-0.56038431 -0.47535137 -0.67824074] [-0.56038431  0.67824074 -0.47535137] [-0.67824074 -0.47535137  0.56038431]
0.3765225313012804 2.420280373531279 2.7798951763800877 [ 0.02578213 -0.09495651  0.22169732] [ 0.09193579  0.72762737 -0.67978395] [0.09193579 0.67978395 0.72762737] [-0.67978395  0.72762737 -0.09193579]
0.6346555214699845 2.3661235123139575 2.574487499115381 [ 0.00780589 -0.04733096  0.23760845] [ 0.62965349  0.36757928 -0.68441358] [0.62965349 0.68441358 0.36757928] [-0.68441358  0.36757928 -0.62965349]
0.3645330418410524 2.5112639641293493 2.7904372679243616 [ 0.04076354 -0.09121864  0.171403  ] [-0.30988231  0.65674706 -0.6875    ] [-0.30988231  0.6875      0.65674706] [-0.6875      0.65674706  0.30988231]
0.752195445028088 2.495095286449263 2.373848232496 [0.04624417 0.0433079  0.2331675 ] [-0.67857088 -0.25026379 -0.69058642] [-0.67857088  0.69058642 -0.25026379] [-0.69058642 -0.25026379  0.67857088]
0.48769393794907945 2.4511049690372735 2.686245618113221 [ 0.02727236 -0.09348386  0.227118  ] [ 0.33062986  0.64159214 -0.69212963] [0.33062986 0.69212963 0.64159214] [-0.69212963  0.64159214 -0.33062986]
0.7218635269435811 2.5147507347259355 2.4016616682142784 [ 0.03457385 -0.02712959  0.23734053] [-0.60771693  0.38386818 -0.69521605] [-0.60771693  0.69521605  0.38386818] [-0.69521605  0.38386818  0.60771693]
0.72546254547582 2.426157604666242 2.5123886901084838 [0.03646812 0.06551238 0.221409  ] [-0.43371192 -0.56944502 -0.69830247] [-0.43371192  0.69830247 -0.56944502] [-0.69830247 -0.56944502  0.43371192]
0.44823383245442233 2.5450556847867385 2.718615790597698 [ 0.02624091 -0.09585493  0.21146106] [-0.06471223  0.7113567  -0.69984568] [-0.06471223  0.69984568  0.7113567 ] [-0.69984568  0.7113567   0.06471223]
0.857583498264008 2.431119766526117 2.3708661355990985 [ 0.00661438 -0.06714921  0.23739389] [ 0.52711076 -0.47979982 -0.70138889] [ 0.52711076  0.70138889 -0.47979982] [-0.70138889 -0.47979982 -0.52711076]
0.5089535342360468 2.403980859570022 2.6692152463005585 [ 0.02727236 -0.09348386  0.227118  ] [ 0.52180309  0.48107803 -0.70447531] [0.52180309 0.70447531 0.48107803] [-0.70447531  0.48107803 -0.52180309]
0.795603789393619 2.4679454284546045 2.3953109791428986 [0.04624417 0.0433079  0.2331675 ] [-0.43173709  0.55942782 -0.70756173] [-0.43173709  0.70756173  0.55942782] [-0.70756173  0.55942782  0.43173709]
0.9149415400305412 2.375526026012223 2.3989909652548613 [0.0363365  0.0329355  0.23470488] [-0.59241706 -0.37950129 -0.71064815] [-0.59241706  0.71064815 -0.37950129] [-0.71064815 -0.37950129  0.59241706]
0.41479477354628874 2.426351909019948 2.7468049254955824 [ 0.02727236 -0.09348386  0.227118  ] [ 0.18007971  0.67849449 -0.71219136] [0.18007971 0.71219136 0.67849449] [-0.71219136  0.67849449 -0.18007971]
0.9126485254686021 2.384392394638697 2.4002405501690447 [ 0.0399578  -0.02681669  0.235834  ] [-0.65719526  0.23763858 -0.71527778] [-0.65719526  0.71527778  0.23763858] [-0.71527778  0.23763858  0.65719526]
0.5989449762138181 2.3590989112233167 2.6003566136011123 [0.0259641 0.0433079 0.234836 ] [ 0.64365657  0.26809307 -0.71682099] [0.64365657 0.71682099 0.26809307] [-0.71682099  0.26809307 -0.64365657]
0.6802921332428258 2.433895134180971 2.5426236061569716 [ 0.00639983 -0.08701914  0.23114136] [-0.20983087  0.66159227 -0.71990741] [-0.20983087  0.71990741  0.66159227] [-0.71990741  0.66159227  0.20983087]
0.7252070013577155 2.5125561380834736 2.381956484490896 [0.04624417 0.0433079  0.2331675 ] [-0.67426526 -0.15048681 -0.72299383] [-0.67426526  0.72299383 -0.15048681] [-0.72299383 -0.15048681  0.67426526]
0.5168006846642924 2.468778527044868 2.6630023576309294 [ 0.02727236 -0.09348386  0.227118  ] [ 0.39460315  0.56509684 -0.72453704] [0.39460315 0.72453704 0.56509684] [-0.72453704  0.56509684 -0.39460315]
0.8856161509967366 2.4151888522147695 2.362339361730842 [0.0363365 0.0433079 0.234526 ] [-0.52593589  0.44040384 -0.72762346] [-0.52593589  0.72762346  0.44040384] [-0.72762346  0.44040384  0.52593589]
0.8636678093962445 2.3634745469557035 2.4276243906500086 [0.00608442 0.03304553 0.23102264] [ 0.68365831  0.0304515  -0.72916667] [0.68365831 0.72916667 0.0304515 ] [-0.72916667  0.0304515  -0.68365831]
0.6993193679691101 2.529730981712822 2.409103111505507 [0.03646812 0.06551238 0.221409  ] [-0.4823742  -0.48309234 -0.73070988] [-0.4823742   0.73070988 -0.48309234] [-0.73070988 -0.48309234  0.4823742 ]
0.48323787191151857 2.5108225838716187 2.6898517903576113 [ 0.02578213 -0.09495651  0.22169732] [ 0.02929233  0.68040236 -0.73225309] [0.02929233 0.73225309 0.68040236] [-0.73225309  0.68040236 -0.02929233]
0.9404303170862761 2.3852914106181364 2.3683564710990828 [0.0562976  0.04317984 0.22963793] [-0.6719309   0.08823082 -0.73533951] [-0.6719309   0.73533951  0.08823082] [-0.73533951  0.08823082  0.6719309 ]
0.7384519340347085 2.4328506985922447 2.5039307124730907 [0.0259641 0.0433079 0.234836 ] [ 0.55368541  0.38786123 -0.73688272] [0.55368541 0.73688272 0.38786123] [-0.73688272  0.38786123 -0.55368541]
0.8890160770609382 2.4132866138609197 2.405965637138743 [ 0.03326317 -0.00778582  0.23677878] [-0.33628008  0.58254732 -0.73996914] [-0.33628008  0.73996914  0.58254732] [-0.73996914  0.58254732  0.33628008]
0.8930785284970801 2.400834159479797 2.4110221030341648 [0.0363365 0.0433079 0.234526 ] [-0.60662432 -0.28262232 -0.74305556] [-0.60662432  0.74305556 -0.28262232] [-0.74305556 -0.28262232  0.60662432]
0.1734162105898119 2.433513737720628 2.9682914728574374 [ 0.02727236 -0.09348386  0.227118  ] [ 0.25573927  0.61657936 -0.74459877] [0.25573927 0.74459877 0.61657936] [-0.74459877  0.61657936 -0.25573927]
0.8081645611503462 2.460300456318901 2.3632458794105604 [0.0363365 0.0433079 0.234526 ] [-0.58879338  0.3070655  -0.74768519] [-0.58879338  0.74768519  0.3070655 ] [-0.74768519  0.3070655   0.58879338]
0.5800211508372632 2.393320600252805 2.614400379867195 [0.0259641 0.0433079 0.234836 ] [ 0.63989498  0.17085439 -0.7492284 ] [0.63989498 0.7492284  0.17085439] [-0.7492284   0.17085439 -0.63989498]
0.7421680023538135 2.40081953042234 2.501530242057539 [0.03646812 0.06551238 0.221409  ] [-0.35548648 -0.55675072 -0.7507716 ] [-0.35548648  0.7507716  -0.55675072] [-0.7507716  -0.55675072  0.35548648]
0.6224941618197573 2.381413427838709 2.5832046654308316 [ 0.00639983 -0.08701914  0.23114136] [-0.11365175  0.64892657 -0.75231481] [-0.11365175  0.75231481  0.64892657] [-0.75231481  0.64892657  0.11365175]
0.781930575632149 2.4763745213151767 2.3819132673297423 [ 0.00661438 -0.06714921  0.23739389] [ 0.52074685 -0.40065047 -0.75385802] [ 0.52074685  0.75385802 -0.40065047] [-0.75385802 -0.40065047 -0.52074685]
0.7423660284069818 2.5014025624189826 2.3634783647993807 [0.04631884 0.03288321 0.23327185] [-0.65284973 -0.05618009 -0.75540123] [-0.65284973  0.75540123 -0.05618009] [-0.75540123 -0.05618009  0.65284973]
0.6660938571407987 2.5523940617404604 2.359537617190724 [0.0259641 0.0433079 0.234836 ] [ 0.44223515  0.48110621 -0.75694444] [0.44223515 0.75694444 0.48110621] [-0.75694444  0.48110621 -0.44223515]
0.14322722161329587 2.9977402870204086 2.431551621727411 [0.0363365 0.0433079 0.234526 ] [-0.43817931  0.47994998 -0.76003086] [-0.43817931  0.76003086  0.47994998] [-0.76003086  0.47994998  0.43817931]
0.6827783815843328 2.375877891133568 2.5409259175041923 [0.0259641 0.0433079 0.234836 ] [ 0.64549943 -0.05775309 -0.76157407] [ 0.64549943  0.76157407 -0.05775309] [-0.76157407 -0.05775309 -0.64549943]
0.6482395339087667 2.383157656950327 2.5648633611337597 [0.04647323 0.06013329 0.22841442] [-0.51353832 -0.39233966 -0.76311728] [-0.51353832  0.76311728 -0.39233966] [-0.76311728 -0.39233966  0.51353832]
0.8015358750924906 2.4643232499611925 2.37684477805769 [0.0363365  0.0329355  0.23470488] [ 0.11332432  0.63439099 -0.76466049] [0.11332432 0.76466049 0.63439099] [-0.76466049  0.63439099 -0.11332432]
0.640011051210248 2.5706789689768086 2.359861110888277 [0.0363365 0.0433079 0.234526 ] [-0.61850214  0.16739109 -0.76774691] [-0.61850214  0.76774691  0.16739109] [-0.76774691  0.16739109  0.61850214]
0.7358613720479524 2.4510196947703555 2.5056091901753383 [0.0259641 0.0433079 0.234836 ] [ 0.56748886  0.29351166 -0.76929012] [0.56748886 0.76929012 0.29351166] [-0.76929012  0.29351166 -0.56748886]
0.6911328588147799 2.5352499605709946 2.4102604062108868 [0.0363365  0.0329355  0.23470488] [-0.24135555  0.58752189 -0.77237654] [-0.24135555  0.77237654  0.58752189] [-0.77237654  0.58752189  0.24135555]
0.7956087252335099 2.4380560298042173 2.467942405875191 [ 0.00535553 -0.07731997  0.23580759] [ 0.57313086 -0.26938678 -0.77391975] [ 0.57313086  0.77391975 -0.26938678] [-0.77391975 -0.26938678 -0.57313086]
0.866720580603218 2.4164814030827646 2.425878513793823 [0.0363365 0.0433079 0.234526 ] [-0.60277209 -0.18794413 -0.77546296] [-0.60277209  0.77546296 -0.18794413] [-0.77546296 -0.18794413  0.60277209]
0.6273412237761904 2.4700114393730113 2.579718879250898 [0.0363365  0.0329355  0.23470488] [ 0.31655545  0.5441085  -0.77700617] [0.31655545 0.77700617 0.5441085 ] [-0.77700617  0.5441085  -0.31655545]
0.8528238329721151 2.3789177929915115 2.4338688379393627 [0.0363365 0.0433079 0.234526 ] [-0.5112215   0.36070503 -0.78009259] [-0.5112215   0.78009259  0.36070503] [-0.78009259  0.36070503  0.5112215 ]
0.749962307145814 2.4069117855185107 2.4965230150698527 [0.0259641 0.0433079 0.234836 ] [ 0.61869817  0.07910785 -0.7816358 ] [0.61869817 0.7816358  0.07910785] [-0.7816358   0.07910785 -0.61869817]
0.7487226948839952 2.4973168678053717 2.43102425778121 [0.03646812 0.06551238 0.221409  ] [-0.40152022 -0.47477589 -0.78317901] [-0.40152022  0.78317901 -0.47477589] [-0.78317901 -0.47477589  0.40152022]
0.6858270850428061 2.5388495259531787 2.4398031449839106 [0.0259641  0.00297075 0.2370283 ] [-0.02456077  0.6193608  -0.78472222] [-0.02456077  0.78472222  0.6193608 ] [-0.78472222  0.6193608   0.02456077]
0.9282288003919671 2.3918059705517587 2.386618530158162 [ 0.01660269 -0.06686071  0.23816677] [ 0.43510328 -0.43871609 -0.78626543] [ 0.43510328  0.78626543 -0.43871609] [-0.78626543 -0.43871609 -0.43510328]
0.6404279937547224 2.570383240093137 2.3624304081082412 [0.0363365 0.0433079 0.234526 ] [-0.61521353  0.02949327 -0.78780864] [-0.61521353  0.78780864  0.02949327] [-0.78780864  0.02949327  0.61521353]
0.7031106860906822 2.527189376362357 2.418874570945003 [0.0259641 0.0433079 0.234836 ] [ 0.47204014  0.39255797 -0.78935185] [0.47204014 0.78935185 0.39255797] [-0.78935185  0.39255797 -0.47204014]
0.5110693458734598 2.6675361796112376 2.3776778912388807 [0.0363365  0.0329355  0.23470488] [-0.34751376  0.50127415 -0.79243827] [-0.34751376  0.79243827  0.50127415] [-0.79243827  0.50127415  0.34751376]
0.4862341856356379 2.409598245649808 2.6874255648833687 [0.0363365 0.0433079 0.234526 ] [ 0.59289124 -0.13443727 -0.79398148] [ 0.59289124  0.79398148 -0.13443727] [-0.79398148 -0.13443727 -0.59289124]
0.5974892694470946 2.60142867020669 2.539417370815314 [0.0259641 0.0433079 0.234836 ] [-0.5262356  -0.30036071 -0.79552469] [-0.5262356   0.79552469 -0.30036071] [-0.79552469 -0.30036071  0.5262356 ]
0.6482273642495808 2.564871930069538 2.475086048993402 [0.0259641 0.0329355 0.2354212] [ 0.18451829  0.57500936 -0.7970679 ] [0.18451829 0.7970679  0.57500936] [-0.7970679   0.57500936 -0.18451829]
0.8585857788988955 2.3941230678835086 2.4305425187401695 [0.0363365 0.0433079 0.234526 ] [-0.55290071  0.23249487 -0.80015432] [-0.55290071  0.80015432  0.23249487] [-0.80015432  0.23249487  0.55290071]
0.33969110848788736 2.4723938561499654 2.812538403031338 [0.0363365 0.0433079 0.234526 ] [ 0.5627962   0.20134922 -0.80169753] [0.5627962  0.80169753 0.20134922] [-0.80169753  0.20134922 -0.5627962 ]
0.7489619716748909 2.3788492055479606 2.497163560410775 [0.03646812 0.06551238 0.221409  ] [-0.2780103  -0.52679653 -0.80324074] [-0.2780103   0.80324074 -0.52679653] [-0.80324074 -0.52679653  0.2780103 ]
0.4387651005972589 2.726528196941505 2.4298791973276437 [0.0363365 0.0433079 0.234526 ] [-0.15032135  0.57421798 -0.80478395] [-0.15032135  0.80478395  0.57421798] [-0.80478395  0.57421798  0.15032135]
0.5187375780884017 2.3875186028897235 2.6614749414531813 [0.0363365 0.0433079 0.234526 ] [ 0.49695815 -0.32073215 -0.80632716] [ 0.49695815  0.80632716 -0.32073215] [-0.80632716 -0.32073215 -0.49695815]
0.7159265621225197 2.5186648496514534 2.375882013035281 [0.0363365 0.0433079 0.234526 ] [-0.58101323 -0.09883871 -0.80787037] [-0.58101323  0.80787037 -0.09883871] [-0.80787037 -0.09883871  0.58101323]
0.6881594364180958 2.3819551230728946 2.5372650046416276 [0.0363365 0.0433079 0.234526 ] [ 0.36035482  0.46367452 -0.80941358] [0.36035482 0.80941358 0.46367452] [-0.80941358  0.46367452 -0.36035482]
0.971509309387408 2.3690520384951403 2.365214484301024 [0.00690399 0.05243492 0.22995903] [ 0.0473207  -0.58318937 -0.81095679] [ 0.0473207   0.81095679 -0.58318937] [-0.81095679 -0.58318937 -0.0473207 ]
0.7857094583668294 2.474033747360071 2.410732841848864 [ 0.03326317 -0.00778582  0.23677878] [-0.42725958  0.39660182 -0.8125    ] [-0.42725958  0.8125      0.39660182] [-0.8125      0.39660182  0.42725958]
0.4445284260655823 2.440983302182085 2.721705543624029 [0.0363365 0.0433079 0.234526 ] [ 0.58079177 -0.00381796 -0.81404321] [ 0.58079177  0.81404321 -0.00381796] [-0.81404321 -0.00381796 -0.58079177]
0.5214689570195854 2.473710627652937 2.659325108470131 [0.03640404 0.05260503 0.23358663] [-0.4292278  -0.38804934 -0.81558642] [-0.4292278   0.81558642 -0.38804934] [-0.81558642 -0.38804934  0.4292278 ]
0.3437715075906683 2.6193662919795426 2.80888468868694 [ 0.02578213 -0.09495651  0.22169732] [ 0.05417067  0.57390305 -0.81712963] [0.05417067 0.81712963 0.57390305] [-0.81712963  0.57390305 -0.05417067]
0.07684467640557041 2.3721550924405648 3.063306048535331 [0.04647323 0.06013329 0.22841442] [ 0.34639888 -0.4580203  -0.81867284] [ 0.34639888  0.81867284 -0.4580203 ] [-0.81867284 -0.4580203  -0.34639888]
0.736346589354257 2.5052944918575046 2.430530766422356 [0.0363365 0.0433079 0.234526 ] [-0.56264199  0.10334226 -0.82021605] [-0.56264199  0.82021605  0.10334226] [-0.82021605  0.10334226  0.56264199]
0.482025907254276 2.5497801749215516 2.690834783023234 [0.0363365 0.0433079 0.234526 ] [ 0.48280126  0.30267914 -0.82175926] [0.48280126 0.82175926 0.30267914] [-0.82175926  0.30267914 -0.48280126]
0.6664599712674221 2.3943913525696687 2.552140506918752 [0.02452347 0.06828537 0.21951987] [-0.15095223 -0.5471622  -0.82330247] [-0.15095223  0.82330247 -0.5471622 ] [-0.82330247 -0.5471622   0.15095223]
0.3327468497644919 2.818777373652616 2.392433764088787 [0.0363365 0.0433079 0.234526 ] [-0.25727368  0.50342811 -0.82484568] [-0.25727368  0.82484568  0.50342811] [-0.82484568  0.50342811  0.25727368]
0.5456352734823698 2.441595083501639 2.640514001696132 [0.0363365 0.0433079 0.234526 ] [ 0.52765044 -0.19663779 -0.82638889] [ 0.52765044  0.82638889 -0.19663779] [-0.82638889 -0.19663779 -0.52765044]
0.5087946949111151 2.6693414141098275 2.5260767970332987 [0.0259641 0.0433079 0.234836 ] [-0.51979466 -0.21057529 -0.8279321 ] [-0.51979466  0.8279321  -0.21057529] [-0.8279321  -0.21057529  0.51979466]
0.7284723119315915 2.510419567979934 2.415120400761647 [0.0363365 0.0433079 0.234526 ] [ 0.24005678  0.50432475 -0.82947531] [0.24005678 0.82947531 0.50432475] [-0.82947531  0.50432475 -0.24005678]
0.20651891198140007 2.3918787069273892 2.936344185524189 [0.04649488 0.0637607  0.22167264] [ 0.16298256 -0.53183165 -0.83101852] [ 0.16298256  0.83101852 -0.53183165] [-0.83101852 -0.53183165 -0.16298256]
0.3088856531267593 2.840411297203206 2.505636901009387 [0.0363365 0.0433079 0.234526 ] [-0.47743228  0.28089035 -0.83256173] [-0.47743228  0.83256173  0.28089035] [-0.83256173  0.28089035  0.47743228]
0.47798369990967865 2.505307154265312 2.69412004884905 [0.0363365 0.0433079 0.234526 ] [ 0.53950695  0.11489647 -0.83410494] [0.53950695 0.83410494 0.11489647] [-0.83410494  0.11489647 -0.53950695]
0.7978547362206196 2.466568515007038 2.402021105458546 [0.03646812 0.06551238 0.221409  ] [-0.31884544 -0.44724687 -0.83564815] [-0.31884544  0.83564815 -0.44724687] [-0.83564815 -0.44724687  0.31884544]
0.5500036092337008 2.6371540180716018 2.5202013007192323 [0.0363365 0.0433079 0.234526 ] [-0.06671693  0.54282546 -0.83719136] [-0.06671693  0.83719136  0.54282546] [-0.83719136  0.54282546  0.06671693]
0.1883782008992553 2.4171095651832997 2.953803809929287 [0.04647323 0.06013329 0.22841442] [ 0.41406648 -0.353657   -0.83873457] [ 0.41406648  0.83873457 -0.353657  ] [-0.83873457 -0.353657   -0.41406648]
0.7786911768414929 2.478387965139511 2.4437451966861294 [0.0363365 0.0433079 0.234526 ] [-0.54182869 -0.01883937 -0.84027778] [-0.54182869  0.84027778 -0.01883937] [-0.84027778 -0.01883937  0.54182869]
0.6462104602890009 2.4878459907716026 2.5662933938541763 [0.0363365 0.0433079 0.234526 ] [ 0.38509003  0.37821039 -0.84182099] [0.38509003 0.84182099 0.37821039] [-0.84182099  0.37821039 -0.38509003]
0.7564794774164644 2.388297113835679 2.492364906592056 [0.03646812 0.06551238 0.221409  ] [-0.02834858 -0.53659406 -0.8433642 ] [-0.02834858  0.8433642  -0.53659406] [-0.8433642  -0.53659406  0.02834858]
0.4907099618712098 2.683812003682402 2.363141733124696 [0.0363365 0.0433079 0.234526 ] [-0.34001623  0.4129412  -0.84490741] [-0.34001623  0.84490741  0.4129412 ] [-0.84490741  0.4129412   0.34001623]
0.5469352126990327 2.5095027879854768 2.6395128374891232 [0.0363365 0.0433079 0.234526 ] [ 0.52723384 -0.07447032 -0.84645062] [ 0.52723384  0.84645062 -0.07447032] [-0.84645062 -0.07447032 -0.52723384]
0.585225880718522 2.5465016698350555 2.6105146585821375 [0.0363365 0.0433079 0.234526 ] [-0.43704037 -0.29983693 -0.84799383] [-0.43704037  0.84799383 -0.29983693] [-0.84799383 -0.29983693  0.43704037]
0.5105221695196828 2.6679701323526555 2.4740841454533937 [0.0259641 0.0329355 0.2354212] [ 0.11916348  0.51389385 -0.84953704] [0.11916348 0.84953704 0.51389385] [-0.84953704  0.51389385 -0.11916348]
0.8503034354958497 2.361671263498873 2.435329802193595 [0.0259641 0.0433079 0.234836 ] [ 0.25803747 -0.45725166 -0.85108025] [ 0.25803747  0.85108025 -0.45725166] [-0.85108025 -0.45725166 -0.25803747]
0.3167446788456646 2.8332527799322103 2.504217661167664 [0.0363365 0.0433079 0.234526 ] [-0.49675185  0.16208281 -0.85262346] [-0.49675185  0.85262346  0.16208281] [-0.85262346  0.16208281  0.49675185]
0.4549058316597548 2.576604040615541 2.713073878718996 [0.0363365 0.0433079 0.234526 ] [ 0.47347428  0.21499166 -0.85416667] [0.47347428 0.85416667 0.21499166] [-0.85416667  0.21499166 -0.47347428]
0.80550537727593 2.3620137033065065 2.4619111239985334 [0.03646812 0.06551238 0.221409  ] [-0.20290309 -0.4760157  -0.85570988] [-0.20290309  0.85570988 -0.4760157 ] [-0.85570988 -0.4760157   0.20290309]
0.4406252593191377 2.7249694029130977 2.482141389436366 [0.0363365 0.0433079 0.234526 ] [-0.17107877  0.48564308 -0.85725309] [-0.17107877  0.85725309  0.48564308] [-0.85725309  0.48564308  0.17107877]
0.7460204035412725 2.4932567762629936 2.499050701896817 [0.0363365  0.0329355  0.23470488] [ 0.4519212  -0.24132168 -0.8587963 ] [ 0.4519212   0.8587963  -0.24132168] [-0.8587963  -0.24132168 -0.4519212 ]
0.4588837740223385 2.7097829321991838 2.5504867155524575 [0.0363365 0.0433079 0.234526 ] [-0.49372874 -0.12668017 -0.86033951] [-0.49372874  0.86033951 -0.12668017] [-0.86033951 -0.12668017  0.49372874]
0.7642160063676289 2.4482172290367847 2.4874625558612915 [0.0363365 0.0433079 0.234526 ] [ 0.27706094  0.42472982 -0.86188272] [0.27706094 0.86188272 0.42472982] [-0.86188272  0.42472982 -0.27706094]
0.6811894572798225 2.3927751478551746 2.54201043195718 [0.02624131 0.06262365 0.22984727] [ 0.08217601 -0.49773766 -0.86342593] [ 0.08217601  0.86342593 -0.49773766] [-0.86342593 -0.49773766 -0.08217601]
0.43201808595322605 2.7322000199031367 2.422615824298972 [0.02632388 0.02264598 0.23590152] [-0.3947261   0.30987046 -0.86496914] [-0.3947261   0.86496914  0.30987046] [-0.86496914  0.30987046  0.3947261 ]
0.553129051207764 2.5460465757700788 2.6347576210963624 [0.0363365 0.0433079 0.234526 ] [ 0.49771153  0.0379419  -0.86651235] [0.49771153 0.86651235 0.0379419 ] [-0.86651235  0.0379419  -0.49771153]
0.8530684195018244 2.433727255241857 2.367179179920609 [0.0363365 0.0433079 0.234526 ] [-0.33952892 -0.36221495 -0.86805556] [-0.33952892  0.86805556 -0.36221495] [-0.86805556 -0.36221495  0.33952892]
0.43174101610180216 2.7324335346043975 2.4598067659368708 [0.0236591 0.0191056 0.2365595] [ 0.00565436  0.49372666 -0.86959877] [0.00565436 0.86959877 0.49372666] [-0.86959877  0.49372666 -0.00565436]
0.25076134080999235 2.3672780740947768 2.8943049092794007 [0.0363365 0.0433079 0.234526 ] [ 0.32751875 -0.36584577 -0.87114198] [ 0.32751875  0.87114198 -0.36584577] [-0.87114198 -0.36584577 -0.32751875]
0.280301078508566 2.866712128732361 2.5184056411064732 [0.0363365 0.0433079 0.234526 ] [-0.48589292  0.04825597 -0.87268519] [-0.48589292  0.87268519  0.04825597] [-0.87268519  0.04825597  0.48589292]
0.5948973573049017 2.5069969081831918 2.6033408904661055 [0.0363365 0.0433079 0.234526 ] [ 0.38866261  0.29097437 -0.8742284 ] [0.38866261 0.8742284  0.29097437] [-0.8742284   0.29097437 -0.38866261]
0.8020301713297271 2.3744052666572912 2.464022373782275 [0.0259641 0.0329355 0.2354212] [-0.0895201  -0.47435245 -0.8757716 ] [-0.0895201   0.8757716  -0.47435245] [-0.8757716  -0.47435245  0.0895201 ]
0.6053408497876086 2.595662655838465 2.438650282863111 [0.0363365 0.0433079 0.234526 ] [-0.25292999  0.40785431 -0.87731481] [-0.25292999  0.87731481  0.40785431] [-0.87731481  0.40785431  0.25292999]
0.1307118335706102 2.5100055142976077 3.010025056249734 [0.0363365 0.0433079 0.234526 ] [ 0.4592781  -0.12912087 -0.87885802] [ 0.4592781   0.87885802 -0.12912087] [-0.87885802 -0.12912087 -0.4592781 ]
0.861498625059443 2.3634295952877604 2.428868153685382 [ 0.0259641  -0.04658633  0.23922262] [-0.42332973 -0.21374191 -0.88040123] [-0.42332973  0.88040123 -0.21374191] [-0.88040123 -0.21374191  0.42332973]
0.9417015800207577 2.384617216959508 2.3814702443615694 [0.0363365 0.0433079 0.234526 ] [ 0.16675206  0.44087158 -0.88194444] [0.16675206 0.88194444 0.44087158] [-0.88194444  0.44087158 -0.16675206]
0.2351975744694218 2.4089832446928194 2.9090008133904095 [0.04647323 0.06013329 0.22841442] [ 0.17377134 -0.43503228 -0.88348765] [ 0.17377134  0.88348765 -0.43503228] [-0.88348765 -0.43503228 -0.17377134]
0.37323804365471197 2.782774952688139 2.5854644410969816 [0.0363365  0.0329355  0.23470488] [-0.41936138  0.20212966 -0.88503086] [-0.41936138  0.88503086  0.20212966] [-0.88503086  0.20212966  0.41936138]
0.5774241948982062 2.61634578189508 2.5842624413944777 [0.0363365 0.0433079 0.234526 ] [ 0.44294007  0.13338106 -0.88657407] [0.44294007 0.88657407 0.13338106] [-0.88657407  0.13338106 -0.44294007]
0.6451683327616331 2.5670288844718985 2.5129728975782277 [0.0259641 0.0433079 0.234836 ] [-0.23499422 -0.39500051 -0.88811728] [-0.23499422  0.88811728 -0.39500051] [-0.88811728 -0.39500051  0.23499422]
0.5540046264288999 2.6340874198356303 2.5687140015146297 [0.0363365 0.0433079 0.234526 ] [-0.09293219  0.44706578 -0.88966049] [-0.09293219  0.88966049  0.44706578] [-0.88966049  0.44706578  0.09293219]
0.17671458393106118 2.403644206620317 2.9650911841784953 [0.0363365 0.0433079 0.234526 ] [ 0.36806397 -0.26511294 -0.8912037 ] [ 0.36806397  0.8912037  -0.26511294] [-0.8912037  -0.26511294 -0.36806397]
0.3549661212448994 2.798907887909025 2.540872109576873 [0.0363365 0.0433079 0.234526 ] [-0.44745628 -0.05278092 -0.89274691] [-0.44745628  0.89274691 -0.05278092] [-0.89274691 -0.05278092  0.44745628]
0.6010210214827539 2.5988300868040697 2.493927776586707 [0.0363365 0.0433079 0.234526 ] [ 0.29228157  0.33884607 -0.89429012] [0.29228157 0.89429012 0.33884607] [-0.89429012  0.33884607 -0.29228157]
0.7816830427792252 2.476528151833319 2.449318692223824 [0.02624131 0.06262365 0.22984727] [ 0.01327537 -0.44419185 -0.89583333] [ 0.01327537  0.89583333 -0.44419185] [-0.89583333 -0.44419185 -0.01327537]
0.5253649019990161 2.6562669839722344 2.436524508642551 [0.0363365 0.0433079 0.234526 ] [-0.30765762  0.31632598 -0.89737654] [-0.30765762  0.89737654  0.31632598] [-0.89737654  0.31632598  0.30765762]
0.6321378208462688 2.5762843277741716 2.554961111856532 [0.0363365 0.0433079 0.234526 ] [ 0.43738523 -0.02524753 -0.89891975] [ 0.43738523  0.89891975 -0.02524753] [-0.89891975 -0.02524753 -0.43738523]
0.7601108876281033 2.490059265531843 2.367566102628161 [0.0363365 0.0433079 0.234526 ] [-0.33710352 -0.27482298 -0.90046296] [-0.33710352  0.90046296 -0.27482298] [-0.90046296 -0.27482298  0.33710352]
0.459919733997807 2.479518694284063 2.7089275092384484 [0.0363365 0.0433079 0.234526 ] [ 0.062465    0.42718028 -0.90200617] [0.062465   0.90200617 0.42718028] [-0.90200617  0.42718028 -0.062465  ]
0.8338772972223334 2.4449407818048394 2.3950487202852826 [0.0259641 0.0433079 0.234836 ] [ 0.24067696 -0.35450404 -0.90354938] [ 0.24067696  0.90354938 -0.35450404] [-0.90354938 -0.35450404 -0.24067696]
0.423662797750247 2.7392625198809233 2.356998949727311 [0.0363365  0.0329355  0.23470488] [-0.41375045  0.09807123 -0.90509259] [-0.41375045  0.90509259  0.09807123] [-0.90509259  0.09807123  0.41375045]
0.5921630052540687 2.5367019343625055 2.6053629243599685 [0.0363365 0.0433079 0.234526 ] [ 0.36845067  0.20556173 -0.9066358 ] [0.36845067 0.9066358  0.20556173] [-0.9066358   0.20556173 -0.36845067]
0.6953017572081791 2.5136837978636266 2.532434183363187 [0.0363365 0.0433079 0.234526 ] [-0.16982362  0.37890027 -0.90972222] [-0.16982362  0.90972222  0.37890027] [-0.90972222  0.37890027  0.16982362]
0.18475263572986117 2.569394134719192 2.9573074227339684 [0.0363365 0.0433079 0.234526 ] [ 0.37804689 -0.16332746 -0.91126543] [ 0.37804689  0.91126543 -0.16332746] [-0.91126543 -0.16332746 -0.37804689]
0.7673929552759637 2.460063096203264 2.4854600113800287 [ 0.025555   -0.03695676  0.23885606] [-0.38584361 -0.13380992 -0.91280864] [-0.38584361  0.91280864 -0.13380992] [-0.91280864 -0.13380992  0.38584361]
0.4779146067603347 2.6941762936867697 2.3928263262092235 [0.0363365 0.0433079 0.234526 ] [ 0.1924738   0.35625065 -0.91435185] [0.1924738  0.91435185 0.35625065] [-0.91435185  0.35625065 -0.1924738 ]
0.5073328230110186 2.4077944520486576 2.6705033554647546 [0.0363365 0.0433079 0.234526 ] [ 0.09786568 -0.38930521 -0.91589506] [ 0.09786568  0.91589506 -0.38930521] [-0.91589506 -0.38930521 -0.09786568]
0.5065372575634864 2.671136272024454 2.4356199696738474 [0.0363365 0.0433079 0.234526 ] [-0.33217983  0.21900589 -0.91743827] [-0.33217983  0.91743827  0.21900589] [-0.91743827  0.21900589  0.33217983]
0.7053346355200641 2.525702709012095 2.5184382294396377 [0.0363365 0.0433079 0.234526 ] [ 0.38934295  0.0623306  -0.91898148] [0.38934295 0.91898148 0.0623306 ] [-0.91898148  0.0623306  -0.38934295]
0.7959654617724883 2.3959060595425345 2.4677239882284545 [0.0363365 0.0433079 0.234526 ] [-0.24273879 -0.30612444 -0.92052469] [-0.24273879  0.92052469 -0.30612444] [-0.92052469 -0.30612444  0.24273879]
0.5202470384279059 2.370615478922278 2.660286270470132 [0.0363365 0.0433079 0.234526 ] [-0.02753593  0.38604735 -0.9220679 ] [-0.02753593  0.9220679   0.38604735] [-0.9220679   0.38604735  0.02753593]
0.27565496106817633 2.48350233189093 2.871024979023799 [0.0363365 0.0433079 0.234526 ] [ 0.27839023 -0.26351735 -0.92361111] [ 0.27839023  0.92361111 -0.26351735] [-0.92361111 -0.26351735 -0.27839023]
0.5036937214153049 2.6734017819335487 2.3865810626608 [0.0363365  0.0329355  0.23470488] [-0.37954059  0.00619853 -0.92515432] [-0.37954059  0.92515432  0.00619853] [-0.92515432  0.00619853  0.37954059]
0.5630277950408211 2.627209693820031 2.507363742461528 [0.0363365 0.0433079 0.234526 ] [ 0.28121753  0.24929579 -0.92669753] [0.28121753 0.92669753 0.24929579] [-0.92669753  0.24929579 -0.28121753]
0.682141590234027 2.5105308956629644 2.541360364473394 [0.0363365 0.0433079 0.234526 ] [-0.03856727 -0.36997526 -0.92824074] [-0.03856727  0.92824074 -0.36997526] [-0.92824074 -0.36997526  0.03856727]
0.6506239571585374 2.563186270254903 2.5330171300208946 [0.0363365 0.0433079 0.234526 ] [-0.21916963  0.29574732 -0.92978395] [-0.21916963  0.92978395  0.29574732] [-0.92978395  0.29574732  0.21916963]
0.36653317034896965 2.639215703025526 2.788672886573968 [0.0363365 0.0433079 0.234526 ] [ 0.35753287 -0.06928178 -0.93132716] [ 0.35753287  0.93132716 -0.06928178] [-0.93132716 -0.06928178 -0.35753287]
0.7205545762963338 2.5156118057741415 2.384916345634512 [0.0363365 0.0433079 0.234526 ] [-0.30704756 -0.18834721 -0.93287037] [-0.30704756  0.93287037 -0.18834721] [-0.93287037 -0.18834721  0.30704756]
0.4234814319290938 2.739416296182564 2.5497521490093535 [0.02632388 0.02264598 0.23590152] [ 0.09807309  0.34242215 -0.93441358] [0.09807309 0.93441358 0.34242215] [-0.93441358  0.34242215 -0.09807309]
0.4186159275095697 2.4197047694494955 2.7435491218062023 [0.0363365 0.0433079 0.234526 ] [ 0.15716788 -0.31509228 -0.93595679] [ 0.15716788  0.93595679 -0.31509228] [-0.93595679 -0.31509228 -0.15716788]
0.47929934947749264 2.693049629858985 2.387940785265828 [0.0363365 0.0433079 0.234526 ] [-0.3248771   0.12469409 -0.9375    ] [-0.3248771   0.9375      0.12469409] [-0.9375      0.12469409  0.3248771 ]
0.5897910444940784 2.6071209040017083 2.4503372817852647 [0.0363365 0.0433079 0.234526 ] [ 0.31988892  0.12597194 -0.93904321] [0.31988892 0.93904321 0.12597194] [-0.93904321  0.12597194 -0.31988892]
0.5658066844508463 2.6251021863951447 2.4382759238859126 [0.0259641 0.0433079 0.234836 ] [-0.14892165 -0.30515493 -0.94058642] [-0.14892165  0.94058642 -0.30515493] [-0.94058642 -0.30515493  0.14892165]
0.5640568671762095 2.4385794166671384 2.6264286618030175 [0.0363365 0.0433079 0.234526 ] [-0.09509766  0.32147814 -0.94212963] [-0.09509766  0.94212963  0.32147814] [-0.94212963  0.32147814  0.09509766]
0.28335698453781105 2.4468244290494936 2.86388108710805 [0.0363365 0.0433079 0.234526 ] [ 0.28353375 -0.17055844 -0.94367284] [ 0.28353375  0.94367284 -0.17055844] [-0.94367284 -0.17055844 -0.28353375]
0.5145865131488755 2.6647513912322607 2.3869880221602475 [0.0363365 0.0433079 0.234526 ] [-0.31993344 -0.06487848 -0.94521605] [-0.31993344  0.94521605 -0.06487848] [-0.94521605 -0.06487848  0.31993344]
0.4457661859115361 2.720672489770286 2.4137283400767027 [0.0363365 0.0433079 0.234526 ] [ 0.18943454  0.26031032 -0.94675926] [0.18943454 0.94675926 0.26031032] [-0.94675926  0.26031032 -0.18943454]
0.5693756624170702 2.509478156783408 2.6224028318578902 [0.0363365 0.0433079 0.234526 ] [ 0.03564025 -0.31536043 -0.94830247] [ 0.03564025  0.94830247 -0.31536043] [-0.94830247 -0.31536043 -0.03564025]
0.6430758427314511 2.5685077876350224 2.5381856358965074 [0.0363365 0.0433079 0.234526 ] [-0.23579751  0.20540867 -0.94984568] [-0.23579751  0.94984568  0.20540867] [-0.94984568  0.20540867  0.23579751]
0.4197728852317326 2.596674215667262 2.7425650832674853 [0.0363365 0.0433079 0.234526 ] [ 0.30789594  0.00769881 -0.95138889] [0.30789594 0.95138889 0.00769881] [-0.95138889  0.00769881 -0.30789594]
0.7786048210071634 2.4274187411733243 2.4784417260972815 [0.0363365 0.0433079 0.234526 ] [-0.21836916 -0.21032196 -0.9529321 ] [-0.21836916  0.9529321  -0.21032196] [-0.9529321  -0.21032196  0.21836916]
0.4432841233884067 2.7227450154429724 2.4914489478736788 [0.02632388 0.02264598 0.23590152] [ 0.01864233  0.29770682 -0.95447531] [0.01864233 0.95447531 0.29770682] [-0.95447531  0.29770682 -0.01864233]
0.3846179374084923 2.490281386731894 2.7728239423587593 [0.0363365 0.0433079 0.234526 ] [ 0.18422165 -0.22823448 -0.95601852] [ 0.18422165  0.95601852 -0.22823448] [-0.95601852 -0.22823448 -0.18422165]
0.5350894334637056 2.6486764648205368 2.4334140241680604 [0.0363365 0.0433079 0.234526 ] [-0.28498852  0.04309383 -0.95756173] [-0.28498852  0.95756173  0.04309383] [-0.95756173  0.04309383  0.28498852]
0.5035306528242858 2.6735318595567565 2.6471573006687428 [0.0363365 0.0433079 0.234526 ] [ 0.23495339  0.15784367 -0.95910494] [0.23495339 0.95910494 0.15784367] [-0.95910494  0.15784367 -0.23495339]
0.5846480066432345 2.6109452166768086 2.5235664434233525 [0.0259641 0.0433079 0.234836 ] [-0.06538202 -0.26996357 -0.96064815] [-0.06538202  0.96064815 -0.26996357] [-0.96064815 -0.26996357  0.06538202]
0.5510887870586767 2.468317497269937 2.636321252443732 [0.0363365 0.0433079 0.234526 ] [-0.1315422   0.23850459 -0.96219136] [-0.1315422   0.96219136  0.23850459] [-0.96219136  0.23850459  0.1315422 ]
0.4979163466108621 2.5212103414589 2.6780207026372884 [0.0363365 0.0433079 0.234526 ] [ 0.25287977 -0.08524966 -0.96373457] [ 0.25287977  0.96373457 -0.08524966] [-0.96373457 -0.08524966 -0.25287977]
0.7543720801439722 2.493706627028008 2.4282281064498195 [0.0363365 0.0433079 0.234526 ] [-0.23889578 -0.10567694 -0.96527778] [-0.23889578  0.96527778 -0.10567694] [-0.96527778 -0.10567694  0.23889578]
0.4048135318228479 2.755350926434336 2.381197721462996 [0.0259641 0.0329355 0.2354212] [ 0.10245607  0.2340084  -0.96682099] [0.10245607 0.96682099 0.2340084 ] [-0.96682099  0.2340084  -0.10245607]
0.5094348358782809 2.533563145620494 2.668833042079987 [0.0363365 0.0433079 0.234526 ] [ 0.08061211 -0.23616195 -0.9683642 ] [ 0.08061211  0.9683642  -0.23616195] [-0.9683642  -0.23616195 -0.08061211]
0.6299875493128154 2.577822169234124 2.5041353326726368 [0.0363365 0.0433079 0.234526 ] [-0.21364227  0.11677586 -0.96990741] [-0.21364227  0.96990741  0.11677586] [-0.96990741  0.11677586  0.21364227]
0.4861083560081794 2.6875273389398946 2.659810678364639 [0.0363365 0.0433079 0.234526 ] [ 0.23036263  0.05671648 -0.97145062] [0.23036263 0.97145062 0.05671648] [-0.97145062  0.05671648 -0.23036263]
0.4566081348877598 2.7116643541802445 2.456907368817611 [0.0259641 0.0433079 0.234836 ] [-0.12799605 -0.19209379 -0.97299383] [-0.12799605  0.97299383 -0.19209379] [-0.97299383 -0.19209379  0.12799605]
0.45622230364414257 2.3690678775612324 2.7119836676784015 [0.0363365 0.0433079 0.234526 ] [-0.03436498  0.22157755 -0.97453704] [-0.03436498  0.97453704  0.22157755] [-0.97453704  0.22157755  0.03436498]
0.42213962330866905 2.563898529163287 2.740554609835726 [0.0363365 0.0433079 0.234526 ] [ 0.16969311 -0.13591027 -0.97608025] [ 0.16969311  0.97608025 -0.13591027] [-0.97608025 -0.13591027 -0.16969311]
0.6488995779837352 2.5643987515697577 2.5072851560311804 [0.0363365 0.0433079 0.234526 ] [-0.20989991 -0.0139429  -0.97762346] [-0.20989991  0.97762346 -0.0139429 ] [-0.97762346 -0.0139429   0.20989991]
0.251890363766626 2.7112075420930193 2.893242963855895 [0.0363365  0.0329355  0.23470488] [ 0.14030829  0.14678631 -0.97916667] [0.14030829 0.97916667 0.14678631] [-0.97916667  0.14678631 -0.14030829]
0.5653250036457725 2.6254671334962496 2.5805709072370346 [0.0259641 0.0433079 0.234836 ] [-0.0041453  -0.19542506 -0.98070988] [-0.0041453   0.98070988 -0.19542506] [-0.98070988 -0.19542506  0.0041453 ]
0.6104655590380496 2.44249569744593 2.591920752495858 [0.0363365 0.0433079 0.234526 ] [-0.12373374  0.14095686 -0.98225309] [-0.12373374  0.98225309  0.14095686] [-0.98225309  0.14095686  0.12373374]
0.45775113429828623 2.7107189556010667 2.60831484036679 [0.0363365 0.0433079 0.234526 ] [ 0.17823077 -0.01945865 -0.9837963 ] [ 0.17823077  0.9837963  -0.01945865] [-0.9837963  -0.01945865 -0.17823077]
0.6501790733443079 2.401206062214124 2.563498903351395 [0.0363365  0.0329355  0.23470488] [-0.13756312 -0.1009081  -0.98533951] [-0.13756312  0.98533951 -0.1009081 ] [-0.98533951 -0.1009081   0.13756312]
0.4332843841533048 2.731133382507199 2.533347286266753 [0.02632388 0.02264598 0.23590152] [ 0.0314847   0.15833894 -0.98688272] [0.0314847  0.98688272 0.15833894] [-0.98688272  0.15833894 -0.0314847 ]
0.53331492890516 2.638389750267284 2.6500570025628267 [0.0363365 0.0433079 0.234526 ] [ 0.07869112 -0.12969926 -0.98842593] [ 0.07869112  0.98842593 -0.12969926] [-0.98842593 -0.12969926 -0.07869112]
0.6183214898969436 2.495891596032897 2.5862176300664887 [0.0363365 0.0433079 0.234526 ] [-0.13563138  0.0395631  -0.98996914] [-0.13563138  0.98996914  0.0395631 ] [-0.98996914  0.0395631   0.13563138]
0.2925854593948858 2.709367942597103 2.8553593406893576 [0.0363365  0.0329355  0.23470488] [ 0.1166243   0.05746339 -0.99151235] [0.1166243  0.99151235 0.05746339] [-0.99151235  0.05746339 -0.1166243 ]
0.4284124609355398 2.7352425216886194 2.3795786230898313 [0.0259641 0.0433079 0.234836 ] [-0.0426917  -0.10962702 -0.99305556] [-0.0426917   0.99305556 -0.10962702] [-0.99305556 -0.10962702  0.0426917 ]
0.9129041465362852 2.4001011073603857 2.3873802800285713 [0.0363365 0.0433079 0.234526 ] [-0.03755991  0.09676026 -0.99459877] [-0.03755991  0.99459877  0.09676026] [-0.99459877  0.09676026  0.03755991]
0.4751473098240716 2.6964314788469412 2.5070939854033556 [0.0259641 0.0433079 0.234836 ] [ 0.0786772  -0.03887239 -0.99614198] [ 0.0786772   0.99614198 -0.03887239] [-0.99614198 -0.03887239 -0.0786772 ]
0.8785187173910184 2.4191805702690266 2.3639217542573197 [0.0363365 0.0433079 0.234526 ] [-0.06530207 -0.01897131 -0.99768519] [-0.06530207  0.99768519 -0.01897131] [-0.99768519 -0.01897131  0.06530207]
0.37072071662362865 2.784986298204931 2.4495311678062057 [0.0259641 0.0433079 0.234836 ] [ 0.02040958  0.03355687 -0.9992284 ] [0.02040958 0.9992284  0.03355687] [-0.9992284   0.03355687 -0.02040958]
