0.8863371958440118 2.4147848952547655 2.3624761409619426 [ 0.00230035 -0.010305    0.00173267] [0.38640066 0.30299536 0.87114198] [ 0.38640066 -0.87114198  0.30299536] [ 0.87114198  0.30299536 -0.38640066]
0.9268493058572793 2.3858869270888214 2.3925475032917953 [0.00230035 0.0273692  0.00066322] [-0.63823486 -0.05675335  0.76774691] [-0.63823486 -0.76774691 -0.05675335] [ 0.76774691 -0.05675335  0.63823486]
0.8664795946293579 2.4142542861867438 2.426016141757561 [0.00230035 0.0273692  0.00066322] [-0.6333866  -0.19947     0.74768519] [-0.6333866  -0.74768519 -0.19947   ] [ 0.74768519 -0.19947     0.6333866 ]
0.9175320167068225 2.3975827066831457 2.3696317223353014 [-0.0165367   0.00853208  0.00171232] [0.66527614 0.08698906 0.74151235] [ 0.66527614 -0.74151235  0.08698906] [ 0.74151235  0.08698906 -0.66527614]
0.8743824707036186 2.421519858537889 2.3828620335289985 [-0.0165367   0.0273692   0.00084934] [0.65132868 0.23511689 0.72145062] [ 0.65132868 -0.72145062  0.23511689] [ 0.72145062  0.23511689 -0.65132868]
0.22069449991804255 2.403149886706585 2.92278735372539 [-0.04856253 -0.03158686  0.20270687] [-0.30944247  0.79049409  0.52854938] [-0.30944247 -0.52854938  0.79049409] [0.52854938 0.79049409 0.30944247]
0.8872576196594355 2.3939181742867754 2.4142696585356744 [-0.0012316  -0.04471099  0.18092275] [-0.55417964  0.69637062  0.45601852] [-0.55417964 -0.45601852  0.69637062] [0.45601852 0.69637062 0.55417964]
0.28350978913110364 2.4400183784912026 2.863739645179413 [-0.04856253 -0.03158686  0.20270687] [-0.28363885  0.85011965  0.44367284] [-0.28363885 -0.44367284  0.85011965] [0.44367284 0.85011965 0.28363885]
0.548282794427809 2.357225965146368 2.638476136980924 [-0.01045245 -0.04555005  0.19992819] [-0.46451159  0.7776777   0.42361111] [-0.46451159 -0.42361111  0.7776777 ] [0.42361111 0.7776777  0.46451159]
0.2943112974055112 2.363084430736974 2.85377033530179 [-0.04856253 -0.03158686  0.20270687] [-0.1706137   0.89540589  0.41126543] [-0.1706137  -0.41126543  0.89540589] [0.41126543 0.89540589 0.1706137 ]
0.763053770850765 2.488196689826564 2.366895550040046 [-0.0012316  -0.04471099  0.18092275] [-0.6269042   0.66643756  0.40354938] [-0.6269042  -0.40354938  0.66643756] [0.40354938 0.66643756 0.6269042 ]
0.37753285253342805 2.4134334576536496 2.779010597909577 [-0.0506447  -0.03504728  0.20970835] [-0.36235564  0.84596575  0.3912037 ] [-0.36235564 -0.3912037   0.84596575] [0.3912037  0.84596575 0.36235564]
0.6351608543531924 2.4502105261808396 2.5741273466982175 [-0.01045245 -0.04555005  0.19992819] [-0.54036296  0.75515661  0.37114198] [-0.54036296 -0.37114198  0.75515661] [0.37114198 0.75515661 0.54036296]
0.4699397306750449 2.4074549260224902 2.7006884785301937 [-0.02152483  0.08172414  0.21033678] [-0.42303059 -0.83138472  0.36033951] [-0.42303059 -0.36033951 -0.83138472] [ 0.36033951 -0.83138472  0.42303059]
0.06924656501229505 2.4578805446034675 3.0708637987348664 [-0.04856253 -0.03158686  0.20270687] [-0.24982188  0.89936325  0.3587963 ] [-0.24982188 -0.3587963   0.89936325] [0.3587963  0.89936325 0.24982188]
0.5630535951217852 2.37301791961717 2.6271901040018393 [0.01588493 0.07962362 0.19976   ] [-0.23653683 -0.91008866  0.34027778] [-0.23653683 -0.34027778 -0.91008866] [ 0.34027778 -0.91008866  0.23653683]
0.4863114892233029 2.5382824228800276 2.687363044859991 [-0.01099069 -0.04570321  0.21030136] [-0.440602    0.83134155  0.33873457] [-0.440602   -0.33873457  0.83134155] [0.33873457 0.83134155 0.440602  ]
0.20200972151340874 2.3634717270811674 2.940672764584977 [-0.04856253 -0.03158686  0.20270687] [-0.12928002  0.93635302  0.32638889] [-0.12928002 -0.32638889  0.93635302] [0.32638889 0.93635302 0.12928002]
0.7304668129607713 2.509117781180321 2.4388883037929157 [-0.0012316  -0.04471099  0.18092275] [-0.61334894  0.72266915  0.31867284] [-0.61334894 -0.31867284  0.72266915] [0.31867284 0.72266915 0.61334894]
0.740611116225839 2.5025349061396165 2.48543549850823 [0.0216474  0.07741449 0.19976   ] [-0.35998307 -0.88069747  0.30787037] [-0.35998307 -0.30787037 -0.88069747] [ 0.30787037 -0.88069747  0.35998307]
0.35673453596699406 2.553563385250916 2.797338237402424 [-0.04856253 -0.03158686  0.20270687] [-0.32963472  0.89303114  0.30632716] [-0.32963472 -0.30632716  0.89303114] [0.30632716 0.89303114 0.32963472]
0.5605348139488184 2.629104634834493 2.6263274200377915 [-0.01045245 -0.04555005  0.19992819] [-0.51705614  0.80666291  0.28626543] [-0.51705614 -0.28626543  0.80666291] [0.28626543 0.80666291 0.51705614]
0.1603614104633467 2.4579705006717707 2.980992368398242 [-0.04856253 -0.03158686  0.20270687] [-0.20975091  0.93860137  0.27391975] [-0.20975091 -0.27391975  0.93860137] [0.27391975 0.93860137 0.20975091]
0.6988968019408428 2.5300148207922017 2.4085792156566823 [-0.00867417  0.0010582   0.23119222] [-0.68228403  0.68089947  0.2662037 ] [-0.68228403 -0.2662037   0.68089947] [0.2662037  0.68089947 0.68228403]
0.643820553433856 2.487200982343592 2.5679811276401816 [0.02263535 0.07753288 0.20907382] [-0.29067104 -0.92210658  0.25540123] [-0.29067104 -0.25540123 -0.92210658] [ 0.25540123 -0.92210658  0.29067104]
0.4578551209440553 2.5673554482545216 2.7106329866470946 [-0.01159742 -0.04592226  0.22127968] [-0.40871397  0.87664645  0.25385802] [-0.40871397 -0.25385802  0.87664645] [0.25385802 0.87664645 0.40871397]
0.9116392845970488 2.380693690443012 2.4007914439064937 [ 0.01525085 -0.0417331   0.226838  ] [-0.59047739  0.77244789  0.2337963 ] [-0.59047739 -0.2337963   0.77244789] [0.2337963  0.77244789 0.59047739]
0.6225272813942491 2.5831807958043935 2.5235068461950454 [0.0216474  0.07741449 0.19976   ] [-0.41442989 -0.88233872  0.22299383] [-0.41442989 -0.22299383 -0.88233872] [ 0.22299383 -0.88233872  0.41442989]
0.4095793943620072 2.518040956765484 2.7512628988339443 [-0.04856253 -0.03158686  0.20270687] [-0.29052833  0.93088824  0.22145062] [-0.29052833 -0.22145062  0.93088824] [0.22145062 0.93088824 0.29052833]
0.8092767750281159 2.4596280292707213 2.3996527903891613 [-0.0012316   0.08334529  0.18092275] [-0.69390551 -0.68856553  0.21064815] [-0.69390551 -0.21064815 -0.68856553] [ 0.21064815 -0.68856553  0.69390551]
0.5306902235774208 2.3868489941602036 2.652102716113027 [0.02889641 0.07495761 0.2106115 ] [-0.21627422 -0.95500996  0.2029321 ] [-0.21627422 -0.2029321  -0.95500996] [ 0.2029321  -0.95500996  0.21627422]
0.4889154496165924 2.3650710961752064 2.685259288387517 [-0.00867417  0.0010582   0.23119222] [-0.48578406  0.85056238  0.20138889] [-0.48578406 -0.20138889  0.85056238] [0.20138889 0.85056238 0.48578406]
0.4509101073120445 2.716389485693259 2.4703791620609348 [0.02184513 0.07736495 0.19057673] [-0.53209924 -0.82495285  0.19058642] [-0.53209924 -0.19058642 -0.82495285] [ 0.19058642 -0.82495285  0.53209924]
0.26292950990020353 2.3845439965797004 2.882889890104735 [-0.04856253 -0.03158686  0.20270687] [-0.16494434  0.96801654  0.18904321] [-0.16494434 -0.18904321  0.96801654] [0.18904321 0.96801654 0.16494434]
0.7842595697485485 2.474930844306125 2.366663994774693 [ 0.01508266 -0.0419026   0.221456  ] [-0.65970972  0.72931718  0.18132716] [-0.65970972 -0.18132716  0.72931718] [0.18132716 0.72931718 0.65970972]
0.60560179885132 2.542417192257341 2.595471707559257 [0.02263535 0.07753288 0.20907382] [-0.34384021 -0.92341499  0.17052469] [-0.34384021 -0.17052469 -0.92341499] [ 0.17052469 -0.92341499  0.34384021]
0.38142681983992843 2.4003289939960233 2.7756067969168634 [-0.00112022 -0.04560765  0.22100557] [-0.37032066  0.91340455  0.16898148] [-0.37032066 -0.16898148  0.91340455] [0.16898148 0.91340455 0.37032066]
0.7837128092054204 2.4384501358429924 2.4752694723980717 [-0.00152688  0.08374889  0.19094159] [-0.64107899 -0.75099742  0.15817901] [-0.64107899 -0.15817901 -0.75099742] [ 0.15817901 -0.75099742  0.64107899]
0.3034288127971006 2.3919985060527136 2.845400481884225 [-0.03309659 -0.03953035  0.22087895] [-0.03458838  0.98705059  0.1566358 ] [-0.03458838 -0.1566358   0.98705059] [0.1566358  0.98705059 0.03458838]
0.29593137134481834 2.475299565960246 2.852280059538966 [0.01588493 0.07962362 0.19976   ] [-0.13800065 -0.97893652  0.15046296] [-0.13800065 -0.15046296 -0.97893652] [ 0.15046296 -0.97893652  0.13800065]
0.7705159080714516 2.3577537196511447 2.4834974830102228 [ 0.01525085 -0.0417331   0.226838  ] [-0.55963697  0.81524804  0.14891975] [-0.55963697 -0.14891975  0.81524804] [0.14891975 0.81524804 0.55963697]
0.5226077828275063 2.6584301738829232 2.457386537699043 [0.02965246 0.07385177 0.19959004] [-0.46628754 -0.87378461  0.13811728] [-0.46628754 -0.13811728 -0.87378461] [ 0.13811728 -0.87378461  0.46628754]
0.39577486243233667 2.4571206173706397 2.7631412811391423 [-0.04856253 -0.03158686  0.20270687] [-0.24646034  0.95948154  0.13657407] [-0.24646034 -0.13657407  0.95948154] [0.13657407 0.95948154 0.24646034]
0.24990163324518908 2.8951139194908233 2.3585240372395613 [-0.0012316  -0.04471099  0.18092275] [-0.72368687  0.67799183  0.12885802] [-0.72368687 -0.12885802  0.67799183] [0.12885802 0.67799183 0.72368687]
0.5880211369260443 2.4523131271764145 2.608435051560849 [0.02889641 0.07495761 0.2106115 ] [-0.26849381 -0.95601985  0.11805556] [-0.26849381 -0.11805556 -0.95601985] [ 0.11805556 -0.95601985  0.26849381]
0.47701178183384296 2.393932083180884 2.694911510429439 [-0.00867417  0.0010582   0.23119222] [-0.44788534  0.88646692  0.11651235] [-0.44788534 -0.11651235  0.88646692] [0.11651235 0.88646692 0.44788534]
0.3593820500641808 2.7949915791176325 2.4073462626717905 [0.0297463  0.07365204 0.1904547 ] [-0.5809658  -0.80703418  0.10570988] [-0.5809658  -0.10570988 -0.80703418] [ 0.10570988 -0.80703418  0.5809658 ]
0.42841611361747567 2.4071334084907274 2.7352394354510317 [-0.03309659 -0.03953035  0.22087895] [-0.11677677  0.98768036  0.10416667] [-0.11677677 -0.10416667  0.98768036] [0.10416667 0.98768036 0.11677677]
0.35748828168156926 2.3818180112897935 2.796669743738394 [0.01588493 0.07962362 0.19976   ] [-0.0570804  -0.99354871  0.09799383] [-0.0570804  -0.09799383 -0.99354871] [ 0.09799383 -0.99354871  0.0570804 ]
0.8260232327880749 2.4495914203721343 2.379670538141035 [ 0.01525085 -0.0417331   0.226838  ] [-0.62913849  0.77128597  0.09645062] [-0.62913849 -0.09645062  0.77128597] [0.09645062 0.77128597 0.62913849]
0.6154427370292188 2.5883028616640926 2.535005439306729 [0.02889641 0.07495761 0.2106115 ] [-0.39489364 -0.91472587  0.08564815] [-0.39489364 -0.08564815 -0.91472587] [ 0.08564815 -0.91472587  0.39489364]
0.4133390197480509 2.4123631601028435 2.7480476178630124 [-0.00112022 -0.04560765  0.22100557] [-0.32674927  0.94136139  0.08410494] [-0.32674927 -0.08410494  0.94136139] [0.08410494 0.94136139 0.32674927]
0.6960758716262636 2.5319125369128193 2.4098655823482487 [-0.00152688  0.08374889  0.19094159] [-0.68539477 -0.72447274  0.07330247] [-0.68539477 -0.07330247 -0.72447274] [ 0.07330247 -0.72447274  0.68539477]
0.34135283162311686 2.3766140734220844 2.811049344225938 [-0.03309659 -0.03953035  0.22087895] [0.01601627 0.99729338 0.07175926] [ 0.01601627 -0.07175926  0.99729338] [ 0.07175926  0.99729338 -0.01601627]
0.46228082725913067 2.3760689369367523 2.706980398265392 [0.02889641 0.07495761 0.2106115 ] [-0.18956266 -0.97967567  0.06558642] [-0.18956266 -0.06558642 -0.97967567] [ 0.06558642 -0.97967567  0.18956266]
0.8531036777301596 2.3886853649765327 2.4337068482907087 [0.00833448 0.0139908  0.22049482] [-0.52203623  0.85051552  0.06404321] [-0.52203623 -0.06404321  0.85051552] [0.06404321 0.85051552 0.52203623]
0.453023591262972 2.7146344999647285 2.480862225838461 [0.02965246 0.07385177 0.19959004] [-0.51450545 -0.85583267  0.05324074] [-0.51450545 -0.05324074 -0.85583267] [ 0.05324074 -0.85583267  0.51450545]
0.45582170217574736 2.3882887272644044 2.7123153034703913 [-0.04856253 -0.03158686  0.20270687] [-0.19874249  0.97868728  0.05169753] [-0.19874249 -0.05169753  0.97868728] [0.05169753 0.97868728 0.19874249]
0.507148302769886 2.6706501154027515 2.3612961468726272 [ 0.0140735  -0.04148534  0.2103556 ] [-0.69323539  0.71936801  0.04398148] [-0.69323539 -0.04398148  0.71936801] [0.04398148 0.71936801 0.69323539]
0.5260563165492326 2.4986944474734614 2.6557252808168905 [0.02889641 0.07495761 0.2106115 ] [-0.31901808 -0.94716768  0.03317901] [-0.31901808 -0.03317901 -0.94716768] [ 0.03317901 -0.94716768  0.31901808]
0.43069885700709876 2.411202999518583 2.7333122887746413 [-0.00867417  0.0010582   0.23119222] [-0.40458883  0.91395134  0.0316358 ] [-0.40458883 -0.0316358   0.91395134] [0.0316358  0.91395134 0.40458883]
0.2859624203845087 2.8614709485091443 2.4199309256876784 [0.0297463  0.07365204 0.1904547 ] [-0.62478401 -0.78051964  0.02083333] [-0.62478401 -0.02083333 -0.78051964] [ 0.02083333 -0.78051964  0.62478401]
0.4496807464901108 2.3950042926943937 2.7174115970675023 [-0.03309659 -0.03953035  0.22087895] [-0.06653922  0.99759733  0.01929012] [-0.06653922 -0.01929012  0.99759733] [0.01929012 0.99759733 0.06653922]
0.28400741046995076 2.4003360851304447 2.863279105977006 [0.0216474  0.07741449 0.19976   ] [-0.10825221 -0.99403692  0.01311728] [-0.10825221 -0.01311728 -0.99403692] [ 0.01311728 -0.99403692  0.10825221]
0.766520098519838 2.486009592358175 2.4044868114884066 [0.00833448 0.0139908  0.22049482] [-0.59165175  0.80611057  0.01157407] [-0.59165175 -0.01157407  0.80611057] [0.01157407 0.80611057 0.59165175]
0.5703342953840612 2.6216791903860552 2.5569403114794946 [0.02889641 0.07495761 0.2106115 ] [-4.42714631e-01 -8.96662233e-01  7.71604938e-04] [-4.42714631e-01 -7.71604938e-04 -8.96662233e-01] [ 7.71604938e-04 -8.96662233e-01  4.42714631e-01]
0.37461155274100744 2.5904287765756595 2.7815699297148706 [-0.03146547 -0.03942737  0.19038235] [-2.79242645e-01  9.60220261e-01 -7.71604938e-04] [-2.79242645e-01  7.71604938e-04  9.60220261e-01] [-7.71604938e-04  9.60220261e-01  2.79242645e-01]
0.5678026016516479 2.6235915784509167 2.362486916927253 [0.0086989  0.08200214 0.18092275] [-0.72339282 -0.69033967 -0.01157407] [-0.72339282  0.01157407 -0.69033967] [-0.01157407 -0.69033967  0.72339282]
0.4172504966062092 2.429284173342898 2.7447115188689235 [0.02889641 0.07495761 0.2106115 ] [-0.23981329 -0.97062736 -0.01929012] [-0.23981329  0.01929012 -0.97062736] [-0.01929012 -0.97062736  0.23981329]
0.7008783910513998 2.478352825778504 2.528684754660224 [0.00833448 0.0139908  0.22049482] [-0.47880367  0.87767478 -0.02083333] [-0.47880367  0.02083333  0.87767478] [-0.02083333  0.87767478  0.47880367]
0.4272325835902019 2.736239854973754 2.4914215561757205 [0.02965246 0.07385177 0.19959004] [-0.55804884 -0.82920484 -0.0316358 ] [-0.55804884  0.0316358  -0.82920484] [-0.0316358  -0.82920484  0.55804884]
0.5695095870982808 2.4906458036564736 2.622301700520108 [-0.03309659 -0.03953035  0.22087895] [-0.14862453  0.98833694 -0.03317901] [-0.14862453  0.03317901  0.98833694] [-0.03317901  0.98833694  0.14862453]
0.7462082998740349 2.498929999162048 2.441280412678079 [ 0.01898045 -0.03675415  0.2313829 ] [-0.65568323  0.75392778 -0.04089506] [-0.65568323  0.04089506  0.75392778] [-0.04089506  0.75392778  0.65568323]
0.48674223216065654 2.527303744112804 2.687014746958152 [0.02889641 0.07495761 0.2106115 ] [-0.36667919 -0.92890997 -0.05169753] [-0.36667919  0.05169753 -0.92890997] [-0.05169753 -0.92890997  0.36667919]
0.40305088563832403 2.4194201571206992 2.7568663191142107 [ 0.01508266 -0.0419026   0.221456  ] [-0.35706285  0.93256182 -0.05324074] [-0.35706285  0.05324074  0.93256182] [-0.05324074  0.93256182  0.35706285]
0.23952245360847083 2.904906605999951 2.414526595358078 [0.02950189 0.07341608 0.18092275] [-0.6626064  -0.74622465 -0.06404321] [-0.6626064   0.06404321 -0.74622465] [-0.06404321 -0.74622465  0.6626064 ]
0.495462096368451 2.372393305103735 2.679989299474271 [-0.03309659 -0.03953035  0.22087895] [-0.01548062  0.9977268  -0.06558642] [-0.01548062  0.06558642  0.9977268 ] [-0.06558642  0.9977268   0.01548062]
0.5097331459206325 2.4627485334659323 2.668596227153737 [-0.0289496   0.01059454  0.2363055 ] [ 0.6852992  -0.7251611  -0.06712963] [ 0.6852992   0.06712963 -0.7251611 ] [-0.06712963 -0.7251611  -0.6852992 ]
0.3005896798479691 2.4085074796182155 2.8480023026757038 [0.02263535 0.07753288 0.20907382] [-0.15847452 -0.98475197 -0.07175926] [-0.15847452  0.07175926 -0.98475197] [-0.07175926 -0.98475197  0.15847452]
0.7514599402137725 2.4713418262019493 2.4955651840566055 [0.00833448 0.0139908  0.22049482] [-0.54827452  0.83307971 -0.07330247] [-0.54827452  0.07330247  0.83307971] [-0.07330247  0.83307971  0.54827452]
0.54740764393345 2.63914926008398 2.5752419182784854 [0.02965246 0.07385177 0.19959004] [-0.48619557 -0.86979321 -0.08410494] [-0.48619557  0.08410494 -0.86979321] [-0.08410494 -0.86979321  0.48619557]
0.4691501070724521 2.4198173941735575 2.701335460447453 [-0.00867417  0.0010582   0.23119222] [-0.22900117  0.96965089 -0.08564815] [-0.22900117  0.08564815  0.96965089] [-0.08564815  0.96965089  0.22900117]
0.36417092868247364 2.7907569434038226 2.3678467381363757 [ 0.01940429 -0.03931571  0.21053528] [-0.7131631   0.69475285 -0.0933642 ] [-0.7131631   0.0933642   0.69475285] [-0.0933642   0.69475285  0.7131631 ]
0.6034270836177131 2.5970643948437044 2.5704966019860085 [-0.0289496   0.01059454  0.2363055 ] [ 0.5808987  -0.80786699 -0.09953704] [ 0.5808987   0.09953704 -0.80786699] [-0.09953704 -0.80786699 -0.5808987 ]
0.419002813115396 2.3892283403216887 2.7432199698749398 [0.0297463  0.07365204 0.1904547 ] [-0.28754546 -0.95208556 -0.10416667] [-0.28754546  0.10416667 -0.95208556] [-0.10416667 -0.95208556  0.28754546]
0.5694677565937525 2.491848068888908 2.622333286985853 [0.00833448 0.0139908  0.22049482] [-0.43102689  0.89612568 -0.10570988] [-0.43102689  0.10570988  0.89612568] [-0.10570988  0.89612568  0.43102689]
0.6804463405221339 2.5247081213763582 2.54251819427846 [0.00868615 0.0820105  0.19034125] [-0.59587739 -0.79457851 -0.11651235] [-0.59587739  0.11651235 -0.79457851] [-0.11651235 -0.79457851  0.59587739]
0.43507159389902555 2.4050742558728997 2.7296296435330185 [-0.03114892 -0.03923891  0.19961804] [-0.09733077  0.98822548 -0.11805556] [-0.09733077  0.11805556  0.98822548] [-0.11805556  0.98822548  0.09733077]
0.547971502417002 2.6387155107342464 2.4994502398541156 [-0.03457307  0.00841615  0.234135  ] [ 0.7391679  -0.66281743 -0.11959877] [ 0.7391679   0.11959877 -0.66281743] [-0.11959877 -0.66281743 -0.7391679 ]
0.6469556334522732 2.565767909668879 2.4526404115754183 [0.00833448 0.0139908  0.22049482] [-0.61194707  0.78083436 -0.1257716 ] [-0.61194707  0.1257716   0.78083436] [-0.1257716   0.78083436  0.61194707]
0.438967929278344 2.3590470890011037 2.726358124803693 [-0.01036311  0.08370796  0.21056059] [-0.4103075  -0.90166251 -0.13657407] [-0.4103075   0.13657407 -0.90166251] [-0.13657407 -0.90166251  0.4103075 ]
0.30422934836502397 2.402404983551232 2.8446676001972655 [ 0.01525085 -0.0417331   0.226838  ] [-0.30645009  0.94181312 -0.13811728] [-0.30645009  0.13811728  0.94181312] [-0.13811728  0.94181312  0.30645009]
0.5201694839884181 2.660347307322118 2.426465228299021 [0.00868615 0.0820105  0.19034125] [-0.69346695 -0.70493014 -0.14891975] [-0.69346695  0.14891975 -0.70493014] [-0.14891975 -0.70493014  0.69346695]
0.40342825578029856 2.7565417281612112 2.4412446620206185 [-0.03457307  0.00841615  0.234135  ] [ 0.64129935 -0.75208328 -0.15200617] [ 0.64129935  0.15200617 -0.75208328] [-0.15200617 -0.75208328 -0.64129935]
0.6140419445841374 2.5893194696765405 2.584157919450657 [0.00833448 0.0139908  0.22049482] [-0.50000606  0.85145366 -0.15817901] [-0.50000606  0.15817901  0.85145366] [-0.15817901  0.85145366  0.50000606]
0.5898004668749626 2.4412681092850357 2.6071139133738677 [-0.01085791  0.0844882   0.22065824] [-0.52421223 -0.8346537  -0.16898148] [-0.52421223  0.16898148 -0.8346537 ] [-0.16898148 -0.8346537   0.52421223]
0.5203671753297365 2.480289892856794 2.660191728045004 [-0.03114892 -0.03923891  0.19961804] [-0.17721488  0.96928645 -0.17052469] [-0.17721488  0.17052469  0.96928645] [-0.17052469  0.96928645  0.17721488]
0.7581722434202385 2.4484473544154715 2.4912891389113767 [-0.03457307  0.00841615  0.234135  ] [ 0.78520246 -0.5948527  -0.1720679 ] [ 0.78520246  0.1720679  -0.5948527 ] [-0.1720679  -0.5948527  -0.78520246]
0.3604959982896406 2.794005396873866 2.453015019218075 [ 0.01898045 -0.03675415  0.2313829 ] [-0.66884038  0.72172209 -0.17824074] [-0.66884038  0.17824074  0.72172209] [-0.17824074  0.72172209  0.66884038]
0.4987842950462628 2.6773254278255183 2.4714931752265863 [-0.0289496   0.01059454  0.2363055 ] [ 0.53228877 -0.82623259 -0.18441358] [ 0.53228877  0.18441358 -0.82623259] [-0.18441358 -0.82623259 -0.53228877]
0.4543096333186618 2.4938355062123354 2.713567965114252 [0.00833448 0.0139908  0.22049482] [-0.37978127  0.90523091 -0.19058642] [-0.37978127  0.19058642  0.90523091] [-0.19058642  0.90523091  0.37978127]
0.6018309765747649 2.598235280882509 2.5074901833518273 [0.00868615 0.0820105  0.19034125] [-0.62692003 -0.75260467 -0.20138889] [-0.62692003  0.20138889 -0.75260467] [-0.20138889 -0.75260467  0.62692003]
0.4325383582215772 2.7317616612854017 2.3776370045769353 [-0.03457307  0.00841615  0.234135  ] [ 0.69446025 -0.68986579 -0.20447531] [ 0.69446025  0.20447531 -0.68986579] [-0.20447531 -0.68986579 -0.69446025]
0.6908626305814223 2.5354328588984485 2.4888584178198827 [0.00833448 0.0139908  0.22049482] [-0.56292797  0.79921177 -0.21064815] [-0.56292797  0.21064815  0.79921177] [-0.21064815  0.79921177  0.56292797]
0.5134831056039142 2.388116854300719 2.6656241801807066 [-0.00107042  0.08394575  0.21018168] [-0.44870191 -0.86580957 -0.22145062] [-0.44870191  0.22145062 -0.86580957] [-0.22145062 -0.86580957  0.44870191]
0.22158091107428446 2.542655322837927 2.9219422688570345 [-0.00119376  0.00376326  0.22012562] [-0.25389553  0.94117523 -0.22299383] [-0.25389553  0.22299383  0.94117523] [-0.22299383  0.94117523  0.25389553]
0.6546862823076839 2.446092629071624 2.560337431857655 [-0.0289496   0.01059454  0.2363055 ] [ 0.82267028 -0.52229946 -0.22453704] [ 0.82267028  0.22453704 -0.52229946] [-0.22453704 -0.52229946 -0.82267028]
0.18954571475439672 2.9526765469375187 2.3685962001874183 [ 0.0140735  -0.04148534  0.2103556 ] [-0.71805453  0.65663586 -0.23070988] [-0.71805453  0.23070988  0.65663586] [-0.23070988  0.65663586  0.71805453]
0.3620609841755377 2.7926210934028597 2.3600451437655594 [0.00846772 0.08264197 0.21050685] [-0.71635507 -0.65739996 -0.2337963 ] [-0.71635507  0.2337963  -0.65739996] [-0.2337963  -0.65739996  0.71635507]
0.2944837228061421 2.8536116620917173 2.4694973287882975 [-0.03457307  0.00841615  0.234135  ] [ 0.5917997  -0.77049315 -0.23688272] [ 0.5917997   0.23688272 -0.77049315] [-0.23688272 -0.77049315 -0.5917997 ]
0.5877020189325214 2.5901533294677384 2.608672211522153 [0.00833448 0.0139908  0.22049482] [-0.44784266  0.8604423  -0.24305556] [-0.44784266  0.24305556  0.8604423 ] [-0.24305556  0.8604423   0.44784266]
0.6398163374384188 2.5297884171250673 2.5708171138632383 [0.00853107 0.08175384 0.19986132] [-0.55559272 -0.79175302 -0.25385802] [-0.55559272  0.25385802 -0.79175302] [-0.25385802 -0.79175302  0.55559272]
0.41967399463764615 2.5661784064146147 2.7426491619141844 [-0.02153832 -0.04351881  0.21046568] [-0.12509213  0.95870859 -0.25540123] [-0.12509213  0.25540123  0.95870859] [-0.25540123  0.95870859  0.12509213]
0.6716289703759166 2.5485698190365356 2.519059291696406 [-0.03457307  0.00841615  0.234135  ] [ 0.73952444 -0.62216008 -0.25694444] [ 0.73952444  0.25694444 -0.62216008] [-0.25694444 -0.62216008 -0.73952444]
0.3476385541287516 2.8054304656139215 2.421916397794023 [0.00833448 0.0139908  0.22049482] [-0.61878444  0.74018586 -0.26311728] [-0.61878444  0.26311728  0.74018586] [-0.26311728  0.74018586  0.61878444]
0.204426524633874 2.9383518121914447 2.3717934971121677 [-0.03457307  0.00841615  0.234135  ] [ 0.4795495  -0.8351737  -0.26929012] [ 0.4795495   0.26929012 -0.8351737 ] [-0.26929012 -0.8351737  -0.4795495 ]
0.38872887088527314 2.627690064511321 2.769247715572006 [0.00833448 0.0139908  0.22049482] [-0.32615381  0.9042919  -0.27546296] [-0.32615381  0.27546296  0.9042919 ] [-0.27546296  0.9042919   0.32615381]
0.47267223834927197 2.6984526208144257 2.4193549160244467 [0.00858294 0.08412675 0.22083576] [-0.6500411  -0.70391667 -0.28626543] [-0.6500411   0.28626543 -0.70391667] [-0.28626543 -0.70391667  0.6500411 ]
0.6754307821914233 2.5459544492928003 2.398095669091676 [-0.02101348  0.01404866  0.23917622] [ 0.64376728 -0.7084061  -0.28935185] [ 0.64376728  0.28935185 -0.7084061 ] [-0.28935185 -0.7084061  -0.64376728]
0.39948943921087127 2.75993383897296 2.581677667054628 [0.00833448 0.0139908  0.22049482] [-0.50952795  0.80811288 -0.29552469] [-0.50952795  0.29552469  0.80811288] [-0.29552469  0.80811288  0.50952795]
0.5647977953260502 2.4577088801317633 2.625866747354495 [0.00846772 0.08264197 0.21050685] [-0.48059251 -0.8217022  -0.30632716] [-0.48059251  0.30632716 -0.8217022 ] [-0.30632716 -0.8217022   0.48059251]
0.1618413223436399 2.536654734298473 2.9795498942247804 [-0.00119376  0.00376326  0.22012562] [-0.20057292  0.93004642 -0.30787037] [-0.20057292  0.30787037  0.93004642] [-0.30787037  0.93004642  0.20057292]
0.6149440544823573 2.5456293089457676 2.5886646287761907 [-0.02101348  0.01404866  0.23917622] [ 0.77572507 -0.55001259 -0.30941358] [ 0.77572507  0.30941358 -0.55001259] [-0.30941358 -0.55001259 -0.77572507]
0.2451084237357865 2.8996304456517215 2.3898428583828175 [0.00833448 0.0139908  0.22049482] [-0.66663801  0.67527696 -0.31558642] [-0.66663801  0.31558642  0.67527696] [-0.31558642  0.67527696  0.66663801]
0.8360707057190284 2.4436483986846484 2.3759523924511 [0.0216474  0.07741449 0.19976   ] [-0.73017762 -0.60439082 -0.31867284] [-0.73017762  0.31867284 -0.60439082] [-0.31867284 -0.60439082  0.73017762]
0.32060023050211706 2.82975267421528 2.36838510420514 [-0.03457307  0.00841615  0.234135  ] [ 0.53764791 -0.77936237 -0.32175926] [ 0.53764791  0.32175926 -0.77936237] [-0.32175926 -0.77936237 -0.53764791]
0.4458450444791357 2.7206067053687586 2.7037129635363413 [0.00833448 0.0139908  0.22049482] [-0.39279673  0.85916894 -0.3279321 ] [-0.39279673  0.3279321   0.85916894] [-0.3279321   0.85916894  0.39279673]
0.6641484574575266 2.5537427988830834 2.374416427648589 [0.04903994 0.05428562 0.22978767] [-0.88920483 -0.31581879 -0.33101852] [-0.88920483  0.33101852 -0.31581879] [-0.33101852 -0.31581879  0.88920483]
0.5432238793260777 2.642374066067176 2.401790959635206 [-0.00213891  0.06047606  0.224368  ] [ 0.44208501  0.83304474 -0.33256173] [0.44208501 0.33256173 0.83304474] [-0.33256173  0.83304474 -0.44208501]
0.5930428820131776 2.6047117321419524 2.5506383201920575 [0.00858294 0.08412675 0.22083576] [-0.57907472 -0.74157357 -0.33873457] [-0.57907472  0.33873457 -0.74157357] [-0.33873457 -0.74157357  0.57907472]
0.1610701464703643 2.98030147781793 2.382591071251384 [-0.00926841  0.06009483  0.22466857] [-0.07389031  0.93741733 -0.34027778] [-0.07389031  0.34027778  0.93741733] [-0.34027778  0.93741733  0.07389031]
0.7859887856283267 2.473861062908203 2.371655707000916 [-0.02101348  0.01404866  0.23917622] [ 0.68729126 -0.64092834 -0.34182099] [ 0.68729126  0.34182099 -0.64092834] [-0.34182099 -0.64092834 -0.68729126]
0.3693875283376929 2.7861589090138743 2.5124640609510687 [0.00833448 0.0139908  0.22049482] [-0.56378276  0.74903224 -0.34799383] [-0.56378276  0.34799383  0.74903224] [-0.34799383  0.74903224  0.56378276]
0.29556825001022863 2.802256914677133 2.852613974052887 [-0.00213891  0.06047606  0.224368  ] [ 0.25094087  0.90149064 -0.35262346] [0.25094087 0.35262346 0.90149064] [-0.35262346  0.90149064 -0.25094087]
0.4757559103766456 2.3838973758044073 2.6959350892648986 [0.00846772 0.08264197 0.21050685] [-0.40311362 -0.8418816  -0.3587963 ] [-0.40311362  0.3587963  -0.8418816 ] [-0.3587963  -0.8418816   0.40311362]
0.27866940223603837 2.3604378170822873 2.868225585622448 [ 0.02905634 -0.03550654  0.22118604] [-0.27126648  0.89250767 -0.36033951] [-0.27126648  0.36033951  0.89250767] [-0.36033951  0.89250767  0.27126648]
0.7245713259220978 2.512972847567335 2.469573594262182 [0.00816791 0.06370647 0.22957522] [ 0.54219648  0.75684906 -0.36496914] [0.54219648 0.36496914 0.75684906] [-0.36496914  0.75684906 -0.54219648]
0.6894300295042626 2.5364032573448565 2.357422241832897 [ 0.01525085 -0.0417331   0.226838  ] [-0.70562651  0.60549676 -0.36805556] [-0.70562651  0.36805556  0.60549676] [-0.36805556  0.60549676  0.70562651]
0.7115546399271068 2.5215612651343373 2.430813028048966 [0.00833966 0.08167542 0.22951885] [-0.66399039 -0.64913049 -0.37114198] [-0.66399039  0.37114198 -0.64913049] [-0.37114198 -0.64913049  0.66399039]
0.2962081545699792 2.8520255830389645 2.7283198356329965 [-0.00926841  0.06009483  0.22466857] [ 0.05109046  0.92655033 -0.37268519] [0.05109046 0.37268519 0.92655033] [-0.37268519  0.92655033 -0.05109046]
0.3395494981949505 2.8126653688401255 2.6709621182264947 [0.00833448 0.0139908  0.22049482] [-0.45266262  0.80646851 -0.38040123] [-0.45266262  0.38040123  0.80646851] [-0.38040123  0.80646851  0.45266262]
0.4910621140550724 2.683528231763694 2.3753862861176303 [-0.00213891  0.06047606  0.224368  ] [ 0.3638404   0.84815765 -0.38503086] [0.3638404  0.38503086 0.84815765] [-0.38503086  0.84815765 -0.3638404 ]
0.5569414783516787 2.3701445235123755 2.631843064533169 [0.00858294 0.08412675 0.22083576] [-0.50458699 -0.76964383 -0.3912037 ] [-0.50458699  0.3912037  -0.76964383] [-0.3912037  -0.76964383  0.50458699]
0.6511590999373496 2.5628103779333595 2.381325840614364 [-0.0201002   0.05303061  0.22323459] [-0.14771458  0.90770604 -0.39274691] [-0.14771458  0.39274691  0.90770604] [-0.39274691  0.90770604  0.14771458]
0.9526316015811016 2.361310935648153 2.378855827865739 [-0.03457307  0.00841615  0.234135  ] [ 0.7215481  -0.56912533 -0.39429012] [ 0.7215481   0.39429012 -0.56912533] [-0.39429012 -0.56912533 -0.7215481 ]
0.6212870729427791 2.3980028237007107 2.5840751112086005 [0.00816791 0.06370647 0.22957522] [ 0.62911597  0.66806061 -0.39737654] [0.62911597 0.39737654 0.66806061] [-0.39737654  0.66806061 -0.62911597]
0.2792121081448866 2.8677220581594867 2.4670517468521176 [0.00833448 0.0139908  0.22049482] [-0.60960844  0.68411035 -0.40046296] [-0.60960844  0.40046296  0.68411035] [-0.40046296  0.68411035  0.60960844]
0.3286032027884724 2.8225125868679677 2.3650318931535987 [0.01572694 0.0794323  0.17026994] [-0.73369975 -0.54665581 -0.40354938] [-0.73369975  0.40354938 -0.54665581] [-0.40354938 -0.54665581  0.73369975]
0.4417429167843339 2.724033845547863 2.693515129730513 [-0.00213891  0.06047606  0.224368  ] [ 0.17161861  0.89802397 -0.40509259] [0.17161861 0.40509259 0.89802397] [-0.40509259  0.89802397 -0.17161861]
0.3074104402429355 2.750956207752221 2.841758578534061 [0.00833448 0.0139908  0.22049482] [-0.33591526  0.84661087 -0.41280864] [-0.33591526  0.41280864  0.84661087] [-0.41280864  0.84661087  0.33591526]
0.7449749764597725 2.4588935330874646 2.499722670924473 [-0.06102304 -0.02554796  0.2210505 ] [ 0.8189401  -0.39705119 -0.41435185] [ 0.8189401   0.41435185 -0.39705119] [-0.41435185 -0.39705119 -0.8189401 ]
0.6548208558060964 2.560243239033544 2.386220539874918 [0.00816791 0.06370647 0.22957522] [ 0.46640287  0.77988054 -0.41743827] [0.46640287 0.41743827 0.77988054] [-0.41743827  0.77988054 -0.46640287]
0.15764055617671882 2.9836461306167177 2.357684343420335 [ 0.02929952 -0.0340125   0.1900327 ] [-0.7349651   0.53196361 -0.42052469] [-0.7349651   0.42052469  0.53196361] [-0.42052469  0.53196361  0.7349651 ]
0.6466894933990469 2.430126700351714 2.5659555463816424 [0.00833966 0.08167542 0.22951885] [-0.59324054 -0.68455773 -0.42361111] [-0.59324054  0.42361111 -0.68455773] [-0.42361111 -0.68455773  0.59324054]
0.25652167275468296 2.888892773124557 2.709087513054163 [-0.0112711   0.06450527  0.2278945 ] [-0.02495505  0.9047768  -0.42515432] [-0.02495505  0.42515432  0.9047768 ] [-0.42515432  0.9047768   0.02495505]
0.22273371515370938 2.9208436842787884 2.579052237686298 [0.00833448 0.0139908  0.22049482] [-0.50462359  0.74697943 -0.43287037] [-0.50462359  0.43287037  0.74697943] [-0.43287037  0.74697943  0.50462359]
0.6207459304597205 2.512207657810024 2.5844656412810174 [0.00816791 0.06370647 0.22957522] [ 0.28506144  0.85283863 -0.4375    ] [0.28506144 0.4375     0.85283863] [-0.4375      0.85283863 -0.28506144]
0.9185747350175376 2.3970168797325724 2.373647819250506 [-0.03457307  0.00841615  0.234135  ] [ 0.74579119 -0.49416765 -0.44675926] [ 0.74579119  0.44675926 -0.49416765] [-0.44675926 -0.49416765 -0.74579119]
0.7502725004560661 2.435963521475021 2.496324513725214 [0.00816791 0.06370647 0.22957522] [ 0.5565123   0.69852196 -0.44984568] [0.5565123  0.44984568 0.69852196] [-0.44984568  0.69852196 -0.5565123 ]
0.2102997346140121 2.932720748470375 2.4421946102764824 [0.00833448 0.0139908  0.22049482] [-0.64606246  0.61437432 -0.4529321 ] [-0.64606246  0.4529321   0.61437432] [-0.4529321   0.61437432  0.64606246]
0.7985963068241838 2.4661155545078293 2.391104606688479 [0.00833966 0.08167542 0.22951885] [-0.66732362 -0.5888347  -0.45601852] [-0.66732362  0.45601852 -0.5888347 ] [-0.45601852 -0.5888347   0.66732362]
0.3880560821690758 2.7698323177846667 2.6288711942705247 [-0.00213891  0.06047606  0.224368  ] [ 0.09422757  0.88417104 -0.45756173] [0.09422757 0.45756173 0.88417104] [-0.45756173  0.88417104 -0.09422757]
0.3030495257542254 2.8457478289723563 2.687709930354963 [0.00833448 0.0139908  0.22049482] [-0.39327139  0.79300328 -0.46527778] [-0.39327139  0.46527778  0.79300328] [-0.46527778  0.79300328  0.39327139]
0.7056530894452777 2.525490083429389 2.4880449389970485 [-0.05846605 -0.01532894  0.22912538] [ 0.82489387 -0.3187919  -0.46682099] [ 0.82489387  0.46682099 -0.3187919 ] [-0.46682099 -0.3187919  -0.82489387]
0.44101261110011164 2.724645074971657 2.4253541493896917 [-0.00213891  0.06047606  0.224368  ] [ 0.38896725  0.79239605 -0.46990741] [0.38896725 0.46990741 0.79239605] [-0.46990741  0.79239605 -0.38896725]
0.6351478493753173 2.3621561704168466 2.5741366133241304 [0.00853107 0.08175384 0.19986132] [-0.5190863  -0.70985704 -0.47608025] [-0.5190863   0.47608025 -0.70985704] [-0.47608025 -0.70985704  0.5190863 ]
0.5102752200137867 2.5171084798766854 2.6681660452190616 [-0.0112711   0.06450527  0.2278945 ] [-0.09665135  0.87323213 -0.47762346] [-0.09665135  0.47762346  0.87323213] [-0.47762346  0.87323213  0.09665135]
0.9479403324180549 2.3612492756073857 2.3813209703718954 [-0.0289496   0.01059454  0.2363055 ] [ 0.66049489 -0.57805347 -0.47916667] [ 0.66049489  0.47916667 -0.57805347] [-0.47916667 -0.57805347 -0.66049489]
0.6080640080233582 2.386017189622624 2.5936721708305823 [-0.00213891  0.06047606  0.224368  ] [ 0.632363    0.60625819 -0.48225309] [0.632363   0.48225309 0.60625819] [-0.48225309  0.60625819 -0.632363  ]
0.639433212996418 2.5710890030440643 2.4387418264010616 [0.02263306 0.03019863 0.23317963] [-0.5475835   0.68161417 -0.48533951] [-0.5475835   0.48533951  0.68161417] [-0.48533951  0.68161417  0.5475835 ]
0.682053874840438 2.5414202279476097 2.36718060007638 [0.00816791 0.06370647 0.22957522] [ 0.20714395  0.8467713  -0.48996914] [0.20714395 0.48996914 0.8467713 ] [-0.48996914  0.8467713  -0.20714395]
0.34015900894199247 2.762323390806412 2.8121189679096883 [0.01829921 0.01445988 0.21834207] [-0.27830109  0.82149739 -0.49768519] [-0.27830109  0.49768519  0.82149739] [-0.49768519  0.82149739  0.27830109]
0.905682808170943 2.4040540822139267 2.3956917112376455 [-0.06102304 -0.02554796  0.2210505 ] [ 0.75934646 -0.41732956 -0.4992284 ] [ 0.75934646  0.4992284  -0.41732956] [-0.4992284  -0.41732956 -0.75934646]
0.6859776813204105 2.496533351277345 2.5387471116986506 [0.00469041 0.05341556 0.22442386] [ 0.48112449  0.71846994 -0.50231481] [0.48112449 0.50231481 0.71846994] [-0.50231481  0.71846994 -0.48112449]
0.6578900614599885 2.5580981449177607 2.3788733776804154 [ 0.05414833 -0.0033446   0.226895  ] [-0.67225368  0.54096635 -0.50540123] [-0.67225368  0.50540123  0.54096635] [-0.50540123  0.54096635  0.67225368]
0.8053706284137446 2.3782053351561165 2.4619928528634727 [0.00858294 0.08412675 0.22083576] [-0.59641001 -0.62107601 -0.50848765] [-0.59641001  0.50848765 -0.62107601] [-0.50848765 -0.62107601  0.59641001]
0.3651388413127146 2.7899026313975543 2.561173955311334 [-0.00213891  0.06047606  0.224368  ] [ 0.0202219   0.85991836 -0.51003086] [0.0202219  0.51003086 0.85991836] [-0.51003086  0.85991836 -0.0202219 ]
0.2069463120183074 2.9359343031962597 2.6773360933652577 [0.00833448 0.0139908  0.22049482] [-0.44209145  0.73245702 -0.51774691] [-0.44209145  0.51774691  0.73245702] [-0.51774691  0.73245702  0.44209145]
0.6717722862748693 2.5419035852090492 2.5484710609722443 [-0.05243894 -0.01757578  0.23288626] [ 0.81985431 -0.24119841 -0.51929012] [ 0.81985431  0.51929012 -0.24119841] [-0.51929012 -0.24119841 -0.81985431]
0.07824734044278005 2.866445200948455 3.061911769058349 [-0.01099084  0.05452102  0.22126083] [ 0.31126385  0.79387503 -0.52237654] [0.31126385 0.52237654 0.79387503] [-0.52237654  0.79387503 -0.31126385]
0.2538798068052767 2.4123377628495546 2.8913731006572214 [0.01829921 0.01445988 0.21834207] [-0.16254909  0.8322137  -0.53009259] [-0.16254909  0.53009259  0.8322137 ] [-0.53009259  0.8322137   0.16254909]
0.5930705082576656 2.4093567529148627 2.6046912942396796 [-0.06382876  0.0035362   0.23237133] [ 0.68123338 -0.50327373 -0.5316358 ] [ 0.68123338  0.5316358  -0.50327373] [-0.5316358  -0.50327373 -0.68123338]
0.7399059983197629 2.4428964878352453 2.5029904137493113 [0.00469041 0.05341556 0.22442386] [ 0.55961586  0.63316841 -0.53472222] [0.55961586 0.53472222 0.63316841] [-0.53472222  0.63316841 -0.55961586]
0.5834836102349132 2.611813435208548 2.396066723707071 [0.02263306 0.03019863 0.23317963] [-0.58046905  0.61140621 -0.53780864] [-0.58046905  0.53780864  0.61140621] [-0.53780864  0.61140621  0.58046905]
0.4481377268103066 2.718695820579824 2.4310488758042057 [0.05544659 0.04233879 0.20012059] [-0.65826593 -0.52356327 -0.54089506] [-0.65826593  0.54089506 -0.52356327] [-0.54089506 -0.52356327  0.65826593]
0.496609956251637 2.6790681018821982 2.6738300107925586 [-0.00213891  0.06047606  0.224368  ] [ 0.13156717  0.82972935 -0.54243827] [0.13156717 0.54243827 0.82972935] [-0.54243827  0.82972935 -0.13156717]
0.293325490142638 2.4259619575020896 2.8546778016284917 [ 0.02905634 -0.03550654  0.22118604] [-0.33232571  0.76608736 -0.55015432] [-0.33232571  0.55015432  0.76608736] [-0.55015432  0.76608736  0.33232571]
0.9501315163442582 2.370395501469981 2.380168121493372 [-0.06102304 -0.02554796  0.2210505 ] [ 0.76160096 -0.33999091 -0.55169753] [ 0.76160096  0.55169753 -0.33999091] [-0.55169753 -0.33999091 -0.76160096]
0.42948816348236846 2.635686274768504 2.7343339879096695 [0.00469041 0.05341556 0.22442386] [ 0.40427658  0.72716932 -0.55478395] [0.40427658 0.55478395 0.72716932] [-0.55478395  0.72716932 -0.40427658]
0.567086411221479 2.624133328887149 2.394364901036096 [ 0.05414833 -0.0033446   0.226895  ] [-0.68732953  0.46514381 -0.55787037] [-0.68732953  0.55787037  0.46514381] [-0.55787037  0.46514381  0.68732953]
0.7561898344751816 2.4634450394089944 2.492549152891629 [-0.0112711   0.06450527  0.2278945 ] [-0.04887444  0.82535146 -0.5625    ] [-0.04887444  0.5625      0.82535146] [-0.5625      0.82535146  0.04887444]
0.6301160909416623 2.4116991913658157 2.577730154329224 [-0.00213891  0.06047606  0.224368  ] [ 0.62286608  0.53888944 -0.56712963] [0.62286608 0.56712963 0.53888944] [-0.56712963  0.53888944 -0.62286608]
0.7527661011262088 2.494730935695394 2.459376750630976 [0.02263306 0.03019863 0.23317963] [-0.48112185  0.66586442 -0.57021605] [-0.48112185  0.57021605  0.66586442] [-0.57021605  0.66586442  0.48112185]
0.6650378550861704 2.553125883110471 2.510254248710222 [-0.05243894 -0.01757578  0.23288626] [ 0.80349805 -0.16577768 -0.57175926] [ 0.80349805  0.57175926 -0.16577768] [-0.57175926 -0.16577768 -0.80349805]
0.9290695224280838 2.391354549318517 2.3870553821983993 [0.0533729 0.0485609 0.208001 ] [-0.70353035 -0.41996348 -0.57330247] [-0.70353035  0.57330247 -0.41996348] [-0.57330247 -0.41996348  0.70353035]
0.6486572409884377 2.564569301718172 2.5546414220508327 [-0.00213891  0.06047606  0.224368  ] [ 0.2347697   0.78385945 -0.57484568] [0.2347697  0.57484568 0.78385945] [-0.57484568  0.78385945 -0.2347697 ]
0.3527985161139379 2.500413403954497 2.8008342492040756 [0.01829921 0.01445988 0.21834207] [-0.22114144  0.78212422 -0.58256173] [-0.22114144  0.58256173  0.78212422] [-0.58256173  0.78212422  0.22114144]
0.7068796973233188 2.3694016621816356 2.5246716967783134 [-0.0618898   0.01429026  0.23416635] [ 0.69043737 -0.42675245 -0.58410494] [ 0.69043737  0.58410494 -0.42675245] [-0.58410494 -0.42675245 -0.69043737]
0.6699427150437531 2.5497327909718117 2.504955906858095 [0.02980409 0.0640127  0.23185443] [-0.79628102 -0.15150178 -0.58564815] [-0.79628102  0.58564815 -0.15150178] [-0.58564815 -0.15150178  0.79628102]
0.3325058999740847 2.4855877763253407 2.818994320389228 [0.00469041 0.05341556 0.22442386] [ 0.48414661  0.64869744 -0.58719136] [0.48414661 0.58719136 0.64869744] [-0.58719136  0.64869744 -0.48414661]
0.5569321350877134 2.631850195823451 2.4388823336960397 [0.02263306 0.03019863 0.23317963] [-0.60220965  0.53750878 -0.59027778] [-0.60220965  0.59027778  0.53750878] [-0.59027778  0.53750878  0.60220965]
0.8697478014341343 2.3715242439562076 2.4241524509910732 [0.06190027 0.02383722 0.2209515 ] [-0.58644831 -0.55135951 -0.5933642 ] [-0.58644831  0.5933642  -0.55135951] [-0.5933642  -0.55135951  0.58644831]
0.48844180488104066 2.685641627856138 2.5982828215128566 [-0.00213891  0.06047606  0.224368  ] [ 0.05990578  0.80155878 -0.59490741] [0.05990578 0.59490741 0.80155878] [-0.59490741  0.80155878 -0.05990578]
0.3747852155407816 2.3574681822404524 2.7814176472084897 [-0.01056855  0.04401391  0.21729385] [ 0.66968222  0.43827054 -0.59953704] [0.66968222 0.59953704 0.43827054] [-0.59953704  0.43827054 -0.66968222]
0.10176879631394739 3.0385803724648106 2.7708512584684173 [0.00833448 0.0139908  0.22049482] [-0.37694847  0.7033881  -0.60262346] [-0.37694847  0.60262346  0.7033881 ] [-0.60262346  0.7033881   0.37694847]
0.769483408115183 2.372495667139039 2.48414567205267 [-0.04088735  0.00190845  0.23765455] [ 0.75197998 -0.26364512 -0.60416667] [ 0.75197998  0.60416667 -0.26364512] [-0.60416667 -0.26364512 -0.75197998]
0.8040320874335508 2.4628052990414284 2.3693384492146765 [0.05544659 0.04233879 0.20012059] [-0.73149853 -0.31309015 -0.60570988] [-0.73149853  0.60570988 -0.31309015] [-0.60570988 -0.31309015  0.73149853]
0.3428174507478584 2.809738162647703 2.382101423732892 [-0.01099084  0.05452102  0.22126083] [ 0.32740981  0.72391056 -0.60725309] [0.32740981 0.60725309 0.72391056] [-0.60725309  0.72391056 -0.32740981]
0.5025713492471948 2.674297428107947 2.398107780780248 [0.05771488 0.00366296 0.21061022] [-0.69045024  0.3882836  -0.61033951] [-0.69045024  0.61033951  0.3882836 ] [-0.61033951  0.3882836   0.69045024]
0.2894587373703044 2.414202765684911 2.8582419239876344 [0.01829921 0.01445988 0.21834207] [-0.11144739  0.78063592 -0.61496914] [-0.11144739  0.61496914  0.78063592] [-0.61496914  0.78063592  0.11144739]
0.6961537940466802 2.453109663743225 2.531860048911028 [-0.06769177  0.00494288  0.2278025 ] [ 0.60855773 -0.49956983 -0.61651235] [ 0.60855773  0.61651235 -0.49956983] [-0.61651235 -0.49956983 -0.60855773]
0.7674484470842736 2.4724710310509628 2.4854250874689576 [-0.00213891  0.06047606  0.224368  ] [ 0.54916289  0.56081859 -0.61959877] [0.54916289 0.61959877 0.56081859] [-0.61959877  0.56081859 -0.54916289]
0.7103848493647954 2.522338287854002 2.507516909576574 [0.02263306 0.03019863 0.23317963] [-0.50906877  0.5942324  -0.62268519] [-0.50906877  0.62268519  0.5942324 ] [-0.62268519  0.5942324   0.50906877]
0.8154979632873143 2.398460172841673 2.4558802607803036 [-0.05243894 -0.01757578  0.23288626] [ 0.77554809 -0.09414916 -0.6242284 ] [ 0.77554809  0.6242284  -0.09414916] [-0.6242284  -0.09414916 -0.77554809]
0.5595379584839631 2.629863484207185 2.447606579420403 [0.05544659 0.04233879 0.20012059] [-0.63445687 -0.45373382 -0.6257716 ] [-0.63445687  0.6257716  -0.45373382] [-0.6257716  -0.45373382  0.63445687]
0.6246076007185895 2.5816829091860063 2.479771108552718 [-0.00213891  0.06047606  0.224368  ] [ 0.16107936  0.76192491 -0.62731481] [0.16107936 0.62731481 0.76192491] [-0.62731481  0.76192491 -0.16107936]
0.22120863302143728 2.92229715207661 2.3639451912314944 [ 0.05428528 -0.00365672  0.19034125] [-0.74253722  0.22634655 -0.63040123] [-0.74253722  0.63040123  0.22634655] [-0.63040123  0.22634655  0.74253722]
0.9415264596439901 2.384710038408717 2.375760545551821 [-0.06792288  0.03239072  0.2277578 ] [ 0.69928566  0.33413437 -0.63194444] [0.69928566 0.63194444 0.33413437] [-0.63194444  0.33413437 -0.69928566]
0.31079006937840825 2.8232904027494197 2.8386736906531826 [0.01829921 0.01445988 0.21834207] [-0.27083349  0.72345354 -0.63503086] [-0.27083349  0.63503086  0.72345354] [-0.63503086  0.72345354  0.27083349]
0.8249905364067788 2.45020558628889 2.37463501366452 [-0.04159287  0.00747714  0.23387031] [ 0.68725722 -0.34992994 -0.63657407] [ 0.68725722  0.63657407 -0.34992994] [-0.63657407 -0.34992994 -0.68725722]
0.8093029653841533 2.459612203804967 2.409869326375008 [0.03861868 0.04396401 0.23391512] [-0.74190644 -0.20586685 -0.63811728] [-0.74190644  0.63811728 -0.20586685] [-0.63811728 -0.20586685  0.74190644]
0.683942715466735 2.540132223925669 2.4775480554834606 [0.00469041 0.05341556 0.22442386] [ 0.40731852  0.65186354 -0.63966049] [0.40731852 0.63966049 0.65186354] [-0.63966049  0.65186354 -0.40731852]
0.32425118822351606 2.8264455245650475 2.392676528611317 [0.01874511 0.03357431 0.23821042] [-0.6116982   0.46119596 -0.64274691] [-0.6116982   0.64274691  0.46119596] [-0.64274691  0.46119596  0.6116982 ]
0.5888235680230602 2.358134308814845 2.6078389984184565 [-0.03971916 -0.0240757   0.23655817] [ 0.76128912  0.07300081 -0.64429012] [0.76128912 0.64429012 0.07300081] [-0.64429012  0.07300081 -0.76128912]
0.7091555014635677 2.4030367271937294 2.5231557964556464 [-0.0112711   0.06450527  0.2278945 ] [-0.00614399  0.76214557 -0.64737654] [-0.00614399  0.64737654  0.76214557] [-0.64737654  0.76214557  0.00614399]
0.9233197097379683 2.3648066337362543 2.3944494503037568 [0.00467079 0.04850753 0.224461  ] [ 0.59798054  0.46616223 -0.65200617] [0.59798054 0.65200617 0.46616223] [-0.65200617  0.46616223 -0.59798054]
0.0549378794938232 3.0851172912626974 2.7264212303682376 [0.00833448 0.0139908  0.22049482] [-0.41064994  0.63420842 -0.65509259] [-0.41064994  0.65509259  0.63420842] [-0.65509259  0.63420842  0.41064994]
0.7691358120615855 2.409083334375238 2.4843640336024784 [-0.04088735  0.00190845  0.23765455] [ 0.72990453 -0.18991787 -0.6566358 ] [ 0.72990453  0.6566358  -0.18991787] [-0.6566358  -0.18991787 -0.72990453]
0.606594881697658 2.594745427473303 2.468631229814836 [0.05299793 0.04738355 0.19034125] [-0.66530679 -0.35237375 -0.65817901] [-0.66530679  0.65817901 -0.35237375] [-0.65817901 -0.35237375  0.66530679]
0.3746545377624527 2.781532235125919 2.5687521581172175 [-0.00213891  0.06047606  0.224368  ] [ 0.25209797  0.70796413 -0.65972222] [0.25209797 0.65972222 0.70796413] [-0.65972222  0.70796413 -0.25209797]
0.35640455106053753 2.7976309999399103 2.411757026636021 [0.02263306 0.03019863 0.23317963] [-0.68074005  0.31189371 -0.66280864] [-0.68074005  0.66280864  0.31189371] [-0.66280864  0.31189371  0.68074005]
0.3811125627978475 2.3989885558927764 2.775881169372929 [-0.05126751  0.05441949  0.23337493] [ 0.71133494  0.22943239 -0.66435185] [0.71133494 0.66435185 0.22943239] [-0.66435185  0.22943239 -0.71133494]
0.6742740319863645 2.5467492340562212 2.3582472847919247 [-0.0112711   0.06450527  0.2278945 ] [-0.16575174  0.72598382 -0.66743827] [-0.16575174  0.66743827  0.72598382] [-0.66743827  0.72598382  0.16575174]
0.5610194069218865 2.5000069034009083 2.628735974753969 [-0.06769177  0.00494288  0.2278025 ] [ 0.61147493 -0.42256619 -0.66898148] [ 0.61147493  0.66898148 -0.42256619] [-0.66898148 -0.42256619 -0.61147493]
0.7199767597984519 2.515992252909478 2.3943493138086307 [0.03861868 0.04396401 0.23391512] [-0.73494312 -0.10126824 -0.67052469] [-0.73494312  0.67052469 -0.10126824] [-0.67052469 -0.10126824  0.73494312]
0.7168298825994697 2.518067888357423 2.4958425842990937 [0.00467079 0.04850753 0.224461  ] [ 0.47262638  0.57004302 -0.6720679 ] [0.47262638 0.6720679  0.57004302] [-0.6720679   0.57004302 -0.47262638]
0.847260786871947 2.3878883856757835 2.4370983412498304 [0.03826678 0.03310382 0.232206  ] [-0.5245404   0.51867525 -0.67515432] [-0.5245404   0.67515432  0.51867525] [-0.67515432  0.51867525  0.5245404 ]
0.3705763634832688 2.5634389452772375 2.7851132154155933 [-0.03971916 -0.0240757   0.23655817] [ 0.7357255  -0.02807906 -0.67669753] [ 0.7357255   0.67669753 -0.02807906] [-0.67669753 -0.02807906 -0.7357255 ]
0.7097454639025716 2.3737709771464215 2.5227633567569674 [0.06190027 0.02383722 0.2209515 ] [-0.56038431 -0.47535137 -0.67824074] [-0.56038431  0.67824074 -0.47535137] [-0.67824074 -0.47535137  0.56038431]
0.4015411767643209 2.7581657287060803 2.607320172284768 [-0.00926841  0.06009483  0.22466857] [ 0.09193579  0.72762737 -0.67978395] [0.09193579 0.67978395 0.72762737] [-0.67978395  0.72762737 -0.09193579]
0.48227596149520513 2.690631894241079 2.368366956785119 [0.02263306 0.03019863 0.23317963] [-0.71399596  0.1545892  -0.68287037] [-0.71399596  0.68287037  0.1545892 ] [-0.68287037  0.1545892   0.71399596]
0.46187335933921864 2.4146423145084177 2.7073161731325333 [-0.01056855  0.04401391  0.21729385] [ 0.62965349  0.36757928 -0.68441358] [0.62965349 0.68441358 0.36757928] [-0.68441358  0.36757928 -0.62965349]
0.28599735903172907 2.836312658613459 2.8614386512749865 [0.01829921 0.01445988 0.21834207] [-0.30988231  0.65674706 -0.6875    ] [-0.30988231  0.6875      0.65674706] [-0.6875      0.65674706  0.30988231]
0.7916154789072523 2.4703925216487748 2.3831125895770646 [-0.04159287  0.00747714  0.23387031] [ 0.67076872 -0.27438802 -0.68904321] [ 0.67076872  0.68904321 -0.27438802] [-0.68904321 -0.27438802 -0.67076872]
0.7414996634704308 2.37121208955036 2.5019613401505816 [0.03861868 0.04396401 0.23391512] [-0.67857088 -0.25026379 -0.69058642] [-0.67857088  0.69058642 -0.25026379] [-0.69058642 -0.25026379  0.67857088]
0.6893021742604112 2.5364899256089797 2.384031174625687 [0.00469041 0.05341556 0.22442386] [ 0.33062986  0.64159214 -0.69212963] [0.33062986 0.69212963 0.64159214] [-0.69212963  0.64159214 -0.33062986]
0.6010419704924184 2.5988146971393364 2.4611946716982995 [0.03826678 0.03310382 0.232206  ] [-0.60771693  0.38386818 -0.69521605] [-0.60771693  0.69521605  0.38386818] [-0.69521605  0.38386818  0.60771693]
0.7499875484426574 2.358437848178434 2.496506860251044 [-0.05126751  0.05441949  0.23337493] [ 0.70593869  0.12718922 -0.69675926] [0.70593869 0.69675926 0.12718922] [-0.69675926  0.12718922 -0.70593869]
0.1334984923013283 3.007286197120534 2.4350053106382257 [-0.0277164   0.05045033  0.22477433] [-0.06471223  0.7113567  -0.69984568] [-0.06471223  0.69984568  0.7113567 ] [-0.69984568  0.7113567   0.06471223]
0.6753388653521112 2.54601757271854 2.383531417161858 [0.03861868 0.04396401 0.23391512] [-0.71125336 -0.00226391 -0.7029321 ] [-0.71125336  0.7029321  -0.00226391] [-0.7029321  -0.00226391  0.71125336]
0.7245023431119583 2.5130180835725713 2.440125488398575 [-0.01099084  0.05452102  0.22126083] [ 0.52180309  0.48107803 -0.70447531] [0.52180309 0.70447531 0.48107803] [-0.70447531  0.48107803 -0.52180309]
0.5627304444608972 2.425985278901399 2.6274355011939825 [0.02263306 0.03019863 0.23317963] [-0.43173709  0.55942782 -0.70756173] [-0.43173709  0.70756173  0.55942782] [-0.70756173  0.55942782  0.43173709]
0.7992067015549065 2.382796600705768 2.4657429635621417 [-0.06792288  0.03239072  0.2277578 ] [ 0.6947118  -0.12060558 -0.70910494] [ 0.6947118   0.70910494 -0.12060558] [-0.70910494 -0.12060558 -0.6947118 ]
0.6845996030719097 2.4371602501861958 2.5396848219905963 [0.06190027 0.02383722 0.2209515 ] [-0.59241706 -0.37950129 -0.71064815] [-0.59241706  0.71064815 -0.37950129] [-0.71064815 -0.37950129  0.59241706]
0.4061944880125407 2.754164979701235 2.4878316057992826 [-0.00926841  0.06009483  0.22466857] [ 0.18007971  0.67849449 -0.71219136] [0.18007971 0.71219136 0.67849449] [-0.71219136  0.67849449 -0.18007971]
0.46108101507417526 2.7079694044630855 2.388895146747061 [0.01874511 0.03357431 0.23821042] [-0.65719526  0.23763858 -0.71527778] [-0.65719526  0.71527778  0.23763858] [-0.71527778  0.23763858  0.65719526]
0.944610725125625 2.3566310774643884 2.383077614393904 [-0.03971916 -0.0240757   0.23655817] [ 0.64365657  0.26809307 -0.71682099] [0.64365657 0.71682099 0.26809307] [-0.71682099  0.26809307 -0.64365657]
0.14404552761474101 2.797719222335743 2.9969385225892746 [0.00921187 0.00277085 0.21664347] [-0.20983087  0.66159227 -0.71990741] [-0.20983087  0.71990741  0.66159227] [-0.71990741  0.66159227  0.20983087]
0.7337620101284901 2.5069724581682995 2.400233510346782 [-0.06201186  0.02405074  0.23395167] [ 0.60023136 -0.34529888 -0.72145062] [ 0.60023136  0.72145062 -0.34529888] [-0.72145062 -0.34529888 -0.60023136]
0.7640287578766676 2.4232054094901017 2.4875807770236933 [0.03861868 0.04396401 0.23391512] [-0.67426526 -0.15048681 -0.72299383] [-0.67426526  0.72299383 -0.15048681] [-0.72299383 -0.15048681  0.67426526]
0.4288043694764638 2.7349114354113415 2.4555261333953844 [-0.02141372  0.04410073  0.21901156] [ 0.39460315  0.56509684 -0.72453704] [0.39460315 0.72453704 0.56509684] [-0.72453704  0.56509684 -0.39460315]
0.7266947316915812 2.511581857886026 2.5102343773227775 [0.03826678 0.03310382 0.232206  ] [-0.52593589  0.44040384 -0.72762346] [-0.52593589  0.72762346  0.44040384] [-0.72762346  0.44040384  0.52593589]
0.8337412571870324 2.3786118743609257 2.4450210301490496 [-0.05126751  0.05441949  0.23337493] [ 0.68365831  0.0304515  -0.72916667] [0.68365831 0.72916667 0.0304515 ] [-0.72916667  0.0304515  -0.68365831]
0.5307979308104018 2.401919045526064 2.652018680742651 [0.06063984 0.03277717 0.22080526] [-0.4823742  -0.48309234 -0.73070988] [-0.4823742   0.73070988 -0.48309234] [-0.73070988 -0.48309234  0.4823742 ]
0.23590587943755936 2.9083297425522407 2.818600508730692 [-0.0277164   0.05045033  0.22477433] [ 0.02929233  0.68040236 -0.73225309] [0.02929233 0.73225309 0.68040236] [-0.73225309  0.68040236 -0.02929233]
0.6661583755268505 2.552349372876157 2.4267992990251113 [0.03861868 0.04396401 0.23391512] [-0.6719309   0.08823082 -0.73533951] [-0.6719309   0.73533951  0.08823082] [-0.73533951  0.08823082  0.6719309 ]
0.5800426785876528 2.4930389200003766 2.614384271550803 [-0.01056855  0.04401391  0.21729385] [ 0.55368541  0.38786123 -0.73688272] [0.55368541 0.73688272 0.38786123] [-0.73688272  0.38786123 -0.55368541]
0.2576753391620129 2.8878106357033655 2.866144612888281 [0.00833448 0.0139908  0.22049482] [-0.33628008  0.58254732 -0.73996914] [-0.33628008  0.73996914  0.58254732] [-0.73996914  0.58254732  0.33628008]
0.8879901954869174 2.4138599121332516 2.3802714168323016 [-0.06792288  0.03239072  0.2277578 ] [ 0.63984479 -0.20188632 -0.74151235] [ 0.63984479  0.74151235 -0.20188632] [-0.74151235 -0.20188632 -0.63984479]
0.7092026514215016 2.4775378364029326 2.523124424533964 [0.06119318 0.01430471 0.22090554] [-0.60662432 -0.28262232 -0.74305556] [-0.60662432  0.74305556 -0.28262232] [-0.74305556 -0.28262232  0.60662432]
0.3261485782551422 2.8247296021632065 2.5494991551066377 [-0.01099084  0.05452102  0.22126083] [ 0.25573927  0.61657936 -0.74459877] [0.25573927 0.74459877 0.61657936] [-0.74459877  0.61657936 -0.25573927]
0.6743363679045146 2.5467063822973115 2.428536864284583 [0.03826678 0.03310382 0.232206  ] [-0.58879338  0.3070655  -0.74768519] [-0.58879338  0.74768519  0.3070655 ] [-0.74768519  0.3070655   0.58879338]
0.5470478676035245 2.383724865229004 2.639426126492667 [-0.01053174  0.03313515  0.21963795] [ 0.63989498  0.17085439 -0.7492284 ] [0.63989498 0.7492284  0.17085439] [-0.7492284   0.17085439 -0.63989498]
0.18797512604313993 2.9541930998470844 2.370383608706797 [-0.0277164   0.05045033  0.22477433] [-0.11365175  0.64892657 -0.75231481] [-0.11365175  0.75231481  0.64892657] [-0.75231481  0.64892657  0.11365175]
0.9724349392382956 2.3644037291528828 2.368576070122583 [0.02866888 0.07265031 0.22922404] [-0.65284973 -0.05618009 -0.75540123] [-0.65284973  0.75540123 -0.05618009] [-0.75540123 -0.05618009  0.65284973]
0.5294639614178728 2.653059999204483 2.508157282510604 [-0.02141372  0.04410073  0.21901156] [ 0.44223515  0.48110621 -0.75694444] [0.44223515 0.75694444 0.48110621] [-0.75694444  0.48110621 -0.44223515]
0.6564249165952138 2.4172258434679397 2.5591213937206985 [0.03826678 0.03310382 0.232206  ] [-0.43817931  0.47994998 -0.76003086] [-0.43817931  0.76003086  0.47994998] [-0.76003086  0.47994998  0.43817931]
0.8678264218596979 2.368341651827505 2.425247384671194 [-0.01053174  0.03313515  0.21963795] [ 0.64549943 -0.05775309 -0.76157407] [ 0.64549943  0.76157407 -0.05775309] [-0.76157407 -0.05775309 -0.64549943]
0.5291524280297003 2.4695258698758837 2.653303352882381 [0.06063984 0.03277717 0.22080526] [-0.51353832 -0.39233966 -0.76311728] [-0.51353832  0.76311728 -0.39233966] [-0.76311728 -0.39233966  0.51353832]
0.43549511845102534 2.7292735824467256 2.4087448461241516 [-0.00926841  0.06009483  0.22466857] [ 0.11332432  0.63439099 -0.76466049] [0.11332432 0.76466049 0.63439099] [-0.76466049  0.63439099 -0.11332432]
0.7056111352655162 2.525518091782844 2.4347016325744755 [0.03861868 0.04396401 0.23391512] [-0.61850214  0.16739109 -0.76774691] [-0.61850214  0.76774691  0.16739109] [-0.76774691  0.16739109  0.61850214]
0.8194861472160782 2.4295728072832414 2.4534896823778007 [-0.01056855  0.04401391  0.21729385] [ 0.56748886  0.29351166 -0.76929012] [0.56748886 0.76929012 0.29351166] [-0.76929012  0.29351166 -0.56748886]
0.2123045280551735 2.436409853899897 2.930801641005804 [0.00921187 0.00277085 0.21664347] [-0.24135555  0.58752189 -0.77237654] [-0.24135555  0.77237654  0.58752189] [-0.77237654  0.58752189  0.24135555]
0.6747263099102532 2.5464383795417582 2.441093541925588 [-0.07069419  0.02385648  0.22089837] [ 0.57313086 -0.26938678 -0.77391975] [ 0.57313086  0.77391975 -0.26938678] [-0.77391975 -0.26938678 -0.57313086]
0.7315900164174957 2.4905700684280303 2.5083857676079755 [0.05610216 0.00454004 0.22840383] [-0.60277209 -0.18794413 -0.77546296] [-0.60277209  0.77546296 -0.18794413] [-0.77546296 -0.18794413  0.60277209]
0.43944239541498453 2.7259603834449826 2.5852922498207795 [-0.01099084  0.05452102  0.22126083] [ 0.31655545  0.5441085  -0.77700617] [0.31655545 0.77700617 0.5441085 ] [-0.77700617  0.5441085  -0.31655545]
0.7912438318599349 2.470071559881626 2.4706210361493826 [0.03826678 0.03310382 0.232206  ] [-0.5112215   0.36070503 -0.78009259] [-0.5112215   0.78009259  0.36070503] [-0.78009259  0.36070503  0.5112215 ]
0.8304465746290435 2.4426144862057892 2.4469678051784096 [-0.01053174  0.03313515  0.21963795] [ 0.61869817  0.07910785 -0.7816358 ] [0.61869817 0.7816358  0.07910785] [-0.7816358   0.07910785 -0.61869817]
0.06497891542288617 3.0751123062047823 2.7349778357107546 [-0.0277164   0.05045033  0.22477433] [-0.02456077  0.6193608  -0.78472222] [-0.02456077  0.78472222  0.6193608 ] [-0.78472222  0.6193608   0.02456077]
0.7094548212108929 2.4511928505482863 2.522956663332486 [0.03861868 0.04396401 0.23391512] [-0.61521353  0.02949327 -0.78780864] [-0.61521353  0.78780864  0.02949327] [-0.78780864  0.02949327  0.61521353]
0.5871108355181764 2.609111737960727 2.5172145378864426 [-0.02141372  0.04410073  0.21901156] [ 0.47204014  0.39255797 -0.78935185] [0.47204014 0.78935185 0.39255797] [-0.78935185  0.39255797 -0.47204014]
0.6981535790338244 2.5305143195569575 2.4853983840315967 [0.02263306 0.03019863 0.23317963] [-0.34751376  0.50127415 -0.79243827] [-0.34751376  0.79243827  0.50127415] [-0.79243827  0.50127415  0.34751376]
0.6720657527896476 2.5224675047437093 2.548268875966645 [-0.06792288  0.03239072  0.2277578 ] [ 0.59289124 -0.13443727 -0.79398148] [ 0.59289124  0.79398148 -0.13443727] [-0.79398148 -0.13443727 -0.59289124]
0.533317938326974 2.5144712994945038 2.650054659554484 [0.06190027 0.02383722 0.2209515 ] [-0.5262356  -0.30036071 -0.79552469] [-0.5262356   0.79552469 -0.30036071] [-0.79552469 -0.30036071  0.5262356 ]
0.6958214911837306 2.367951463697453 2.5320839125141754 [0.0329106 0.0108867 0.225801 ] [ 0.18451829  0.57500936 -0.7970679 ] [0.18451829 0.7970679  0.57500936] [-0.7970679   0.57500936 -0.18451829]
0.7856005102327037 2.4741011134947097 2.4462771767571185 [0.03861868 0.04396401 0.23391512] [-0.55290071  0.23249487 -0.80015432] [-0.55290071  0.80015432  0.23249487] [-0.80015432  0.23249487  0.55290071]
0.6813112359069048 2.5419272556318826 2.462462003055552 [-0.0503139   0.06332436  0.22949055] [ 0.5627962   0.20134922 -0.80169753] [0.5627962  0.80169753 0.20134922] [-0.80169753  0.20134922 -0.5627962 ]
0.15524274898901527 2.594118022722279 2.9859866548226184 [0.01829921 0.01445988 0.21834207] [-0.15032135  0.57421798 -0.80478395] [-0.15032135  0.80478395  0.57421798] [-0.80478395  0.57421798  0.15032135]
0.17730433645065635 2.9645193486246035 2.3636349818713946 [-0.05243894 -0.01757578  0.23288626] [ 0.49695815 -0.32073215 -0.80632716] [ 0.49695815  0.80632716 -0.32073215] [-0.80632716 -0.32073215 -0.49695815]
0.596627919255373 2.3571787784012326 2.6020636599233753 [0.02954847 0.05384847 0.23299748] [-0.58101323 -0.09883871 -0.80787037] [-0.58101323  0.80787037 -0.09883871] [-0.80787037 -0.09883871  0.58101323]
0.3830054527637417 2.706143882510395 2.774229388580537 [-0.02141372  0.04410073  0.21901156] [ 0.36035482  0.46367452 -0.80941358] [0.36035482 0.80941358 0.46367452] [-0.80941358  0.46367452 -0.36035482]
0.9440094740143384 2.3833954471718135 2.358961582414353 [0.03826678 0.03310382 0.232206  ] [-0.42725958  0.39660182 -0.8125    ] [-0.42725958  0.8125      0.39660182] [-0.8125      0.39660182  0.42725958]
0.8560820759243531 2.43198555766007 2.371799443926471 [-0.01053174  0.03313515  0.21963795] [ 0.58079177 -0.00381796 -0.81404321] [ 0.58079177  0.81404321 -0.00381796] [-0.81404321 -0.00381796 -0.58079177]
0.21229614792504498 2.502006125266503 2.9308096597209463 [0.01918318 0.00373979 0.219011  ] [ 0.05417067  0.57390305 -0.81712963] [0.05417067 0.81712963 0.57390305] [-0.81712963  0.57390305 -0.05417067]
0.692321230191312 2.431719542343287 2.5344461848436852 [0.03861868 0.04396401 0.23391512] [-0.56264199  0.10334226 -0.82021605] [-0.56264199  0.82021605  0.10334226] [-0.82021605  0.10334226  0.56264199]
0.5891219794997091 2.504732921015372 2.6076174423046274 [-0.01056855  0.04401391  0.21729385] [ 0.48280126  0.30267914 -0.82175926] [0.48280126 0.82175926 0.30267914] [-0.82175926  0.30267914 -0.48280126]
0.7768025752041225 2.4795647445922127 2.477429333560842 [0.03826678 0.03310382 0.232206  ] [-0.25727368  0.50342811 -0.82484568] [-0.25727368  0.82484568  0.50342811] [-0.82484568  0.50342811  0.25727368]
0.6579197304365192 2.558077438488362 2.4529406613673204 [-0.06792288  0.03239072  0.2277578 ] [ 0.52765044 -0.19663779 -0.82638889] [ 0.52765044  0.82638889 -0.19663779] [-0.82638889 -0.19663779 -0.52765044]
0.6205211342536875 2.3948938669802757 2.584627927218873 [0.05610216 0.00454004 0.22840383] [-0.51979466 -0.21057529 -0.8279321 ] [-0.51979466  0.8279321  -0.21057529] [-0.8279321  -0.21057529  0.51979466]
0.4690506249150148 2.701416999513243 2.487909532870729 [-0.01099084  0.05452102  0.22126083] [ 0.24005678  0.50432475 -0.82947531] [0.24005678 0.82947531 0.50432475] [-0.82947531  0.50432475 -0.24005678]
0.6494681504908207 2.4043044037039905 2.5639987539383036 [0.03826678 0.03310382 0.232206  ] [-0.47743228  0.28089035 -0.83256173] [-0.47743228  0.83256173  0.28089035] [-0.83256173  0.28089035  0.47743228]
0.6824286259367952 2.5411645042461157 2.3657272874321684 [-0.01053174  0.03313515  0.21963795] [ 0.53950695  0.11489647 -0.83410494] [0.53950695 0.83410494 0.11489647] [-0.83410494  0.11489647 -0.53950695]
0.34357427915970157 2.589997860066746 2.8090610829988365 [0.01918318 0.00373979 0.219011  ] [-0.06671693  0.54282546 -0.83719136] [-0.06671693  0.83719136  0.54282546] [-0.83719136  0.54282546  0.06671693]
0.5378220725457912 2.4349390960274695 2.6465544961537484 [0.05610216 0.00454004 0.22840383] [-0.54182869 -0.01883937 -0.84027778] [-0.54182869  0.84027778 -0.01883937] [-0.84027778 -0.01883937  0.54182869]
0.5105725931297346 2.66793013452223 2.4154666952393073 [-0.02141372  0.04410073  0.21901156] [ 0.38509003  0.37821039 -0.84182099] [0.38509003 0.84182099 0.37821039] [-0.84182099  0.37821039 -0.38509003]
0.7710009340039286 2.4831932138259702 2.4456880523793236 [0.02263306 0.03019863 0.23317963] [-0.34001623  0.4129412  -0.84490741] [-0.34001623  0.84490741  0.4129412 ] [-0.84490741  0.4129412   0.34001623]
0.5686751321227203 2.6229320172614297 2.5283961168059075 [-0.06792288  0.03239072  0.2277578 ] [ 0.52723384 -0.07447032 -0.84645062] [ 0.52723384  0.84645062 -0.07447032] [-0.84645062 -0.07447032 -0.52723384]
0.7929810795408129 2.418081756804696 2.469553564820547 [0.0329106 0.0108867 0.225801 ] [ 0.11916348  0.51389385 -0.84953704] [0.11916348 0.84953704 0.51389385] [-0.84953704  0.51389385 -0.11916348]
0.6687926353798523 2.382389089830165 2.550527015780918 [0.03861868 0.04396401 0.23391512] [-0.49675185  0.16208281 -0.85262346] [-0.49675185  0.85262346  0.16208281] [-0.85262346  0.16208281  0.49675185]
0.5646492459139681 2.625979377566618 2.3701808229498313 [-0.0503139   0.06332436  0.22949055] [ 0.47347428  0.21499166 -0.85416667] [0.47347428 0.85416667 0.21499166] [-0.85416667  0.21499166 -0.47347428]
0.6440138418916856 2.385911753078482 2.5678444922332564 [0.03826678 0.03310382 0.232206  ] [-0.17107877  0.48564308 -0.85725309] [-0.17107877  0.85725309  0.48564308] [-0.85725309  0.48564308  0.17107877]
0.6019534412524777 2.5981453836540953 2.3626877447470767 [-0.06792288  0.03239072  0.2277578 ] [ 0.4519212  -0.24132168 -0.8587963 ] [ 0.4519212   0.8587963  -0.24132168] [-0.8587963  -0.24132168 -0.4519212 ]
0.5210360053892628 2.3984895988405173 2.6596655584323607 [0.05610216 0.00454004 0.22840383] [-0.49372874 -0.12668017 -0.86033951] [-0.49372874  0.86033951 -0.12668017] [-0.86033951 -0.12668017  0.49372874]
0.20790092925614528 2.935019063787834 2.741514127808763 [-0.03154781  0.03346397  0.22021603] [ 0.27706094  0.42472982 -0.86188272] [0.27706094 0.86188272 0.42472982] [-0.86188272  0.42472982 -0.27706094]
0.7670621037910114 2.485668272462022 2.424166361378278 [0.02263306 0.03019863 0.23317963] [-0.3947261   0.30987046 -0.86496914] [-0.3947261   0.86496914  0.30987046] [-0.86496914  0.30987046  0.3947261 ]
0.5131248085261059 2.6659077595070446 2.4642472740067656 [-0.02147753  0.02399743  0.22045347] [ 0.49771153  0.0379419  -0.86651235] [0.49771153 0.86651235 0.0379419 ] [-0.86651235  0.0379419  -0.49771153]
0.1454100933608373 2.4623737836713535 2.995601953006 [0.0329106 0.0108867 0.225801 ] [ 0.00565436  0.49372666 -0.86959877] [0.00565436 0.86959877 0.49372666] [-0.86959877  0.49372666 -0.00565436]
0.556076462649204 2.4411108745855965 2.6325035319872407 [ 0.05414833 -0.0033446   0.226895  ] [-0.48589292  0.04825597 -0.87268519] [-0.48589292  0.87268519  0.04825597] [-0.87268519  0.04825597  0.48589292]
0.45093811471839224 2.429560727266436 2.716366210825263 [-0.04088735  0.00190845  0.23765455] [ 0.38866261  0.29097437 -0.8742284 ] [0.38866261 0.8742284  0.29097437] [-0.8742284   0.29097437 -0.38866261]
0.689723878135859 2.4394441286018727 2.5362041076526256 [0.03826678 0.03310382 0.232206  ] [-0.25292999  0.40785431 -0.87731481] [-0.25292999  0.87731481  0.40785431] [-0.87731481  0.40785431  0.25292999]
0.5122347708255837 2.6666125497364455 2.4354025745409422 [-0.06792288  0.03239072  0.2277578 ] [ 0.4592781  -0.12912087 -0.87885802] [ 0.4592781   0.87885802 -0.12912087] [-0.87885802 -0.12912087 -0.4592781 ]
0.7757763892825802 2.480205060149002 2.4275693272422427 [0.03903988 0.06439158 0.22980052] [-0.42332973 -0.21374191 -0.88040123] [-0.42332973  0.88040123 -0.21374191] [-0.88040123 -0.21374191  0.42332973]
0.09462651459230724 3.045654411861179 2.712690976636412 [-0.03154781  0.03346397  0.22021603] [ 0.16675206  0.44087158 -0.88194444] [0.16675206 0.88194444 0.44087158] [-0.88194444  0.44087158 -0.16675206]
0.9089666740951278 2.4022529641513715 2.3701241934957302 [0.01874511 0.03357431 0.23821042] [-0.41936138  0.20212966 -0.88503086] [-0.41936138  0.88503086  0.20212966] [-0.88503086  0.20212966  0.41936138]
0.5464599621118847 2.6398787305863713 2.446830493771256 [-0.01053174  0.03313515  0.21963795] [ 0.44294007  0.13338106 -0.88657407] [0.44294007 0.88657407 0.13338106] [-0.88657407  0.13338106 -0.44294007]
0.045853153371136074 2.5446633951381803 3.094178941747118 [0.01918318 0.00373979 0.219011  ] [-0.09293219  0.44706578 -0.88966049] [-0.09293219  0.88966049  0.44706578] [-0.88966049  0.44706578  0.09293219]
0.6709321374024072 2.5490501889057944 2.5057862167246165 [-0.05362926 -0.02736829  0.22451756] [ 0.36806397 -0.26511294 -0.8912037 ] [ 0.36806397  0.8912037  -0.26511294] [-0.8912037  -0.26511294 -0.36806397]
0.4220791149895374 2.3724308512909023 2.7406059674450436 [0.05610216 0.00454004 0.22840383] [-0.44745628 -0.05278092 -0.89274691] [-0.44745628  0.89274691 -0.05278092] [-0.89274691 -0.05278092  0.44745628]
0.23615670876544184 2.9080921497061687 2.6534740756338517 [-0.03154781  0.03346397  0.22021603] [ 0.29228157  0.33884607 -0.89429012] [0.29228157 0.89429012 0.33884607] [-0.89429012  0.33884607 -0.29228157]
0.7209909403145406 2.4028703982922606 2.515324632242963 [0.02263306 0.03019863 0.23317963] [-0.30765762  0.31632598 -0.89737654] [-0.30765762  0.89737654  0.31632598] [-0.89737654  0.31632598  0.30765762]
0.42541108620093254 2.737781210380753 2.597446029546195 [-0.06792288  0.03239072  0.2277578 ] [ 0.43738523 -0.02524753 -0.89891975] [ 0.43738523  0.89891975 -0.02524753] [-0.89891975 -0.02524753 -0.43738523]
0.7368798514864551 2.504948801160885 2.4067988584379005 [0.0329106 0.0108867 0.225801 ] [ 0.062465    0.42718028 -0.90200617] [0.062465   0.90200617 0.42718028] [-0.90200617  0.42718028 -0.062465  ]
0.4393981826604203 2.356397505955084 2.725997440789781 [ 0.05414833 -0.0033446   0.226895  ] [-0.41375045  0.09807123 -0.90509259] [-0.41375045  0.90509259  0.09807123] [-0.90509259  0.09807123  0.41375045]
0.3825821373950327 2.7745986026122123 2.3806201247396164 [-0.03154781  0.03346397  0.22021603] [ 0.36845067  0.20556173 -0.9066358 ] [0.36845067 0.9066358  0.20556173] [-0.9066358   0.20556173 -0.36845067]
0.15166909717418126 2.622925589545714 2.9894780845611946 [0.01918318 0.00373979 0.219011  ] [-0.16982362  0.37890027 -0.90972222] [-0.16982362  0.90972222  0.37890027] [-0.90972222  0.37890027  0.16982362]
0.8295522834205343 2.4474973165365 2.370915673155709 [-0.04159339 -0.0165138   0.23840831] [ 0.37804689 -0.16332746 -0.91126543] [ 0.37804689  0.91126543 -0.16332746] [-0.91126543 -0.16332746 -0.37804689]
0.7114384974040502 2.3807175826329994 2.5216383733622276 [0.03903988 0.06439158 0.22980052] [-0.38584361 -0.13380992 -0.91280864] [-0.38584361  0.91280864 -0.13380992] [-0.91280864 -0.13380992  0.38584361]
0.1346211592224759 3.006183350703523 2.6381100345173087 [-0.03154781  0.03346397  0.22021603] [ 0.1924738   0.35625065 -0.91435185] [0.1924738  0.91435185 0.35625065] [-0.91435185  0.35625065 -0.1924738 ]
0.8882747490860073 2.3628234405739814 2.4137008351572566 [0.00816791 0.06370647 0.22957522] [-0.33217983  0.21900589 -0.91743827] [-0.33217983  0.91743827  0.21900589] [-0.91743827  0.21900589  0.33217983]
0.7519840722943422 2.4952302937742488 2.405816017625649 [-0.05243894 -0.01757578  0.23288626] [ 0.38934295  0.0623306  -0.91898148] [0.38934295 0.91898148 0.0623306 ] [-0.91898148  0.0623306  -0.38934295]
0.30335615616600153 2.5521058500556952 2.845467014397115 [0.0329106 0.0108867 0.225801 ] [-0.02753593  0.38604735 -0.9220679 ] [-0.02753593  0.9220679   0.38604735] [-0.9220679   0.38604735  0.02753593]
0.2762825294923372 2.8704418230429654 2.522175853086815 [-0.03154781  0.03346397  0.22021603] [ 0.28121753  0.24929579 -0.92669753] [0.28121753 0.92669753 0.24929579] [-0.92669753  0.24929579 -0.28121753]
0.5836484120016758 2.542862824650916 2.611690499209045 [0.02263306 0.03019863 0.23317963] [-0.21916963  0.29574732 -0.92978395] [-0.21916963  0.92978395  0.29574732] [-0.92978395  0.29574732  0.21916963]
0.6404218708454136 2.5703875821382764 2.3590818764292827 [-0.06792288  0.03239072  0.2277578 ] [ 0.35753287 -0.06928178 -0.93132716] [ 0.35753287  0.93132716 -0.06928178] [-0.93132716 -0.06928178 -0.35753287]
0.8113125682666529 2.366556684363651 2.458399113906112 [0.03903988 0.06439158 0.22980052] [-0.30704756 -0.18834721 -0.93287037] [-0.30704756  0.93287037 -0.18834721] [-0.93287037 -0.18834721  0.30704756]
0.2127177837654687 2.9304062419150934 2.5823366470603974 [-0.03154781  0.03346397  0.22021603] [ 0.09807309  0.34242215 -0.93441358] [0.09807309 0.93441358 0.34242215] [-0.93441358  0.34242215 -0.09807309]
0.2778110242646522 2.4287140902546165 2.869022284992837 [0.01829921 0.01445988 0.21834207] [-0.3248771   0.12469409 -0.9375    ] [-0.3248771   0.9375      0.12469409] [-0.9375      0.12469409  0.3248771 ]
0.45938289823736744 2.709370706561195 2.387499815757565 [-0.00115166 -0.0153019   0.22314904] [ 0.31988892  0.12597194 -0.93904321] [0.31988892 0.93904321 0.12597194] [-0.93904321  0.12597194 -0.31988892]
0.3731002005173095 2.555624614847948 2.7828959467710006 [0.0329106 0.0108867 0.225801 ] [-0.09509766  0.32147814 -0.94212963] [-0.09509766  0.94212963  0.32147814] [-0.94212963  0.32147814  0.09509766]
0.8289773966319804 2.3908783941315637 2.4478379538225283 [-0.04980803 -0.0249008   0.22921106] [ 0.28353375 -0.17055844 -0.94367284] [ 0.28353375  0.94367284 -0.17055844] [-0.94367284 -0.17055844 -0.28353375]
0.15377378795943983 2.987421365060486 2.5021233325171623 [-0.03154781  0.03346397  0.22021603] [ 0.18943454  0.26031032 -0.94675926] [0.18943454 0.94675926 0.26031032] [-0.94675926  0.26031032 -0.18943454]
0.2039360533594608 2.3963791378272106 2.938822654060966 [0.00833448 0.0139908  0.22049482] [-0.23579751  0.20540867 -0.94984568] [-0.23579751  0.94984568  0.20540867] [-0.94984568  0.20540867  0.23579751]
0.513965745576551 2.6652423184122584 2.455502691569843 [-0.05052465 -0.00696956  0.23764509] [ 0.30789594  0.00769881 -0.95138889] [0.30789594 0.95138889 0.00769881] [-0.95138889  0.00769881 -0.30789594]
0.25094757988466315 2.455769869768181 2.8941296960182537 [0.0329106 0.0108867 0.225801 ] [ 0.01864233  0.29770682 -0.95447531] [0.01864233 0.95447531 0.29770682] [-0.95447531  0.29770682 -0.01864233]
0.7405643979769985 2.502565076722208 2.3705739198253504 [-0.05243894 -0.01757578  0.23288626] [ 0.18422165 -0.22823448 -0.95601852] [ 0.18422165  0.95601852 -0.22823448] [-0.95601852 -0.22823448 -0.18422165]
0.7379326410432779 2.3704766509805504 2.504266840139763 [0.03862899 0.05460061 0.23212419] [-0.28498852  0.04309383 -0.95756173] [-0.28498852  0.95756173  0.04309383] [-0.95756173  0.04309383  0.28498852]
0.25771969676738576 2.8877690403618828 2.4173581350182123 [-0.03154781  0.03346397  0.22021603] [ 0.23495339  0.15784367 -0.95910494] [0.23495339 0.95910494 0.15784367] [-0.95910494  0.15784367 -0.23495339]
0.5591214759402864 2.475116194213275 2.630180719708807 [0.03826678 0.03310382 0.232206  ] [-0.1315422   0.23850459 -0.96219136] [-0.1315422   0.96219136  0.23850459] [-0.96219136  0.23850459  0.1315422 ]
0.6686287971449669 2.5506402283126866 2.511059916437736 [-0.05243894 -0.01757578  0.23288626] [ 0.25287977 -0.08524966 -0.96373457] [ 0.25287977  0.96373457 -0.08524966] [-0.96373457 -0.08524966 -0.25287977]
0.11329850172530105 3.027182585686153 2.441112977647398 [-0.03154781  0.03346397  0.22021603] [ 0.10245607  0.2340084  -0.96682099] [0.10245607 0.96682099 0.2340084 ] [-0.96682099  0.2340084  -0.10245607]
0.1296126743293383 2.388165945706481 3.011105903446706 [0.01829921 0.01445988 0.21834207] [-0.21364227  0.11677586 -0.96990741] [-0.21364227  0.96990741  0.11677586] [-0.96990741  0.11677586  0.21364227]
0.5682238842171804 2.623273061794931 2.4173115263313045 [-0.05243894 -0.01757578  0.23288626] [ 0.23036263  0.05671648 -0.97145062] [0.23036263 0.97145062 0.05671648] [-0.97145062  0.05671648 -0.23036263]
0.4460660652250012 2.38895506500769 2.7204223487882486 [0.03826678 0.03310382 0.232206  ] [-0.03436498  0.22157755 -0.97453704] [-0.03436498  0.97453704  0.22157755] [-0.97453704  0.22157755  0.03436498]
0.536481821999453 2.647594633540349 2.4130385990837215 [-0.05243894 -0.01757578  0.23288626] [ 0.16969311 -0.13591027 -0.97608025] [ 0.16969311  0.97608025 -0.13591027] [-0.97608025 -0.13591027 -0.16969311]
0.21181349417612247 2.9312715438066195 2.3743407403615855 [-0.03154781  0.03346397  0.22021603] [ 0.14030829  0.14678631 -0.97916667] [0.14030829 0.97916667 0.14678631] [-0.97916667  0.14678631 -0.14030829]
0.48866178081073397 2.3595546016404167 2.6854640392758435 [0.03826678 0.03310382 0.232206  ] [-0.12373374  0.14095686 -0.98225309] [-0.12373374  0.98225309  0.14095686] [-0.98225309  0.14095686  0.12373374]
0.45196023585609957 2.7155171364644524 2.361602811276559 [-0.05243894 -0.01757578  0.23288626] [ 0.17823077 -0.01945865 -0.9837963 ] [ 0.17823077  0.9837963  -0.01945865] [-0.9837963  -0.01945865 -0.17823077]
0.7887563399757249 2.466625285832442 2.4721526487966745 [-0.04159287  0.00747714  0.23387031] [ 0.0314847   0.15833894 -0.98688272] [0.0314847  0.98688272 0.15833894] [-0.98688272  0.15833894 -0.0314847 ]
0.34942272535456487 2.803839549005848 2.3749432614072514 [-0.04160064  0.01333025  0.22904084] [ 0.1166243   0.05746339 -0.99151235] [0.1166243  0.99151235 0.05746339] [-0.99151235  0.05746339 -0.1166243 ]
0.6675349223996005 2.5513965371863567 2.3828580119651463 [-0.04159287  0.00747714  0.23387031] [-0.03755991  0.09676026 -0.99459877] [-0.03755991  0.99459877  0.09676026] [-0.99459877  0.09676026  0.03755991]
0.359923191313647 2.794512417441001 2.3812448789500107 [-0.04896996 -0.01445129  0.23641942] [ 0.0786772  -0.03887239 -0.99614198] [ 0.0786772   0.99614198 -0.03887239] [-0.99614198 -0.03887239 -0.0786772 ]
0.7332404988631253 2.5073115369068617 2.440305544324928 [-0.04187483 -0.00635687  0.2392823 ] [ 0.02040958  0.03355687 -0.9992284 ] [0.02040958 0.9992284  0.03355687] [-0.9992284   0.03355687 -0.02040958]
521.3916616439819
382
(1396, 3)
