0.5131720512017168 2.378897435298012 2.665870363893438 [-0.05883078 -0.10364446  0.02820209] [-0.61090369  0.07844884  0.78780864] [-0.61090369 -0.78780864  0.07844884] [0.78780864 0.07844884 0.61090369]
0.7412247564704539 2.4280522107963254 2.5021387432354105 [-0.05883078 -0.10364446  0.02820209] [-0.63823486 -0.05675335  0.76774691] [-0.63823486 -0.76774691 -0.05675335] [ 0.76774691 -0.05675335  0.63823486]
0.4387709177939582 2.393774750827976 2.726523318860174 [-0.05883078 -0.10364446  0.02820209] [-0.63299238  0.16938012  0.75540123] [-0.63299238 -0.75540123  0.16938012] [0.75540123 0.16938012 0.63299238]
0.5763032019372643 2.617186880890878 2.4037215610258773 [ 0.14098218 -0.07416768  0.0267342 ] [0.70839172 0.15297263 0.68904321] [ 0.70839172 -0.68904321  0.15297263] [ 0.68904321  0.15297263 -0.70839172]
0.8966006412581675 2.4090661746508673 2.371763580798668 [ 0.08137523 -0.10320648  0.02670585] [-0.6945264   0.33232425  0.63811728] [-0.6945264  -0.63811728  0.33232425] [0.63811728 0.33232425 0.6945264 ]
0.8821944238380605 2.3759805450407976 2.4171097810608932 [ 0.07124013 -0.11355813  0.02759172] [-0.76545277  0.17913512  0.61805556] [-0.76545277 -0.61805556  0.17913512] [0.61805556 0.17913512 0.76545277]
0.7411733586454383 2.5021719164765055 2.356615098958705 [ 0.08137523 -0.10320648  0.02670585] [-0.75756314  0.28829557  0.58564815] [-0.75756314 -0.58564815  0.28829557] [0.58564815 0.28829557 0.75756314]
0.7403503598446328 2.5027033195008683 2.394162661381712 [ 0.0902936  -0.07405063  0.01780136] [-0.79934045 -0.16446682  0.5779321 ] [-0.79934045 -0.5779321  -0.16446682] [ 0.5779321  -0.16446682  0.79934045]
0.7955255396033994 2.4679933485241636 2.4001871994966106 [ 0.07074857 -0.10350554  0.02466799] [-0.81576707  0.12097968  0.56558642] [-0.81576707 -0.56558642  0.12097968] [0.56558642 0.12097968 0.81576707]
0.7701829708562206 2.4241914476553967 2.4837064256625787 [ 0.07074857 -0.10350554  0.02466799] [-0.81282715  0.23458937  0.53317901] [-0.81282715 -0.53317901  0.23458937] [0.53317901 0.23458937 0.81282715]
0.3848718760211593 2.7726027469960948 2.361197195860655 [ 0.09094297 -0.09318584  0.02517442] [-0.88743761 -0.01605525  0.46064815] [-0.88743761 -0.46064815 -0.01605525] [ 0.46064815 -0.01605525  0.88743761]
0.8820880064098442 2.416876895544199 2.41716962755551 [ 0.09741431 -0.09113387  0.02815161] [-0.84505161  0.2913978   0.44830247] [-0.84505161 -0.44830247  0.2913978 ] [0.44830247 0.2913978  0.84505161]
0.5937726566066306 2.387438793133529 2.6041720110399416 [-0.03062346 -0.08549539  0.02168561] [0.82065956 0.35626403 0.44675926] [ 0.82065956 -0.44675926  0.35626403] [ 0.44675926  0.35626403 -0.82065956]
0.38321160943158844 2.774049617325936 2.448308814952669 [ 0.09094297 -0.09318584  0.02517442] [-0.89762761  0.10428108  0.42824074] [-0.89762761 -0.42824074  0.10428108] [0.42824074 0.10428108 0.89762761]
0.7267537213043227 2.511543255354803 2.457533018548693 [ 0.09741431 -0.09113387  0.02815161] [-0.88990988  0.22666359  0.39583333] [-0.88990988 -0.39583333  0.22666359] [0.39583333 0.22666359 0.88990988]
0.617277684351039 2.359164597401613 2.586973093216977 [-0.03062346 -0.08549539  0.02168561] [0.80988576 0.43430444 0.39429012] [ 0.80988576 -0.39429012  0.43430444] [ 0.39429012  0.43430444 -0.80988576]
0.5368407318693252 2.5321825503228226 2.6473159779616284 [-0.03865002 -0.07368308  0.01876594] [0.8729623  0.32707449 0.36188272] [ 0.8729623  -0.36188272  0.32707449] [ 0.36188272  0.32707449 -0.8729623 ]
0.8836361956051594 2.416299587233823 2.403705568538021 [-0.02016943 -0.07711003  0.01288914] [0.75763608 0.58503254 0.28935185] [ 0.75763608 -0.28935185  0.58503254] [ 0.28935185  0.58503254 -0.75763608]
0.8204283885179748 2.35633468988392 2.4529262520909043 [-0.01908505 -0.08386583  0.01714713] [0.71731552 0.65524425 0.23688272] [ 0.71731552 -0.23688272  0.65524425] [ 0.23688272  0.65524425 -0.71731552]
0.33699883737564623 2.5494777521393526 2.814954127606961 [ 0.1113853  -0.09436403  0.02733353] [-0.84131158 -0.08896608 -0.53317901] [-0.84131158  0.53317901 -0.08896608] [-0.53317901 -0.08896608  0.84131158]
0.3984054387713436 2.4788097294713323 2.7608690000190306 [ 0.1113853  -0.09436403  0.02733353] [-0.82435671  0.0234098  -0.56558642] [-0.82435671  0.56558642  0.0234098 ] [-0.56558642  0.0234098   0.82435671]
0.7039458427048995 2.395587616542629 2.5266307252389484 [-0.033438   -0.10719767  0.03021707] [-0.7583103   0.30159572 -0.5779321 ] [-0.7583103   0.5779321   0.30159572] [-0.5779321   0.30159572  0.7583103 ]
0.4202093571472637 2.4951934933096056 2.7421940575276613 [ 0.1113853  -0.09436403  0.02733353] [-0.79628102 -0.15150178 -0.58564815] [-0.79628102  0.58564815 -0.15150178] [-0.58564815 -0.15150178  0.79628102]
0.4584900664681471 2.4388221201347924 2.7101082045100875 [ 0.1113853  -0.09436403  0.02733353] [-0.78497707 -0.04264191 -0.61805556] [-0.78497707  0.61805556 -0.04264191] [-0.61805556 -0.04264191  0.78497707]
0.8515115343720226 2.394118195633422 2.4346290664519854 [ 0.14109633 -0.06413072  0.02666117] [-0.63445687 -0.45373382 -0.6257716 ] [-0.63445687  0.6257716  -0.45373382] [-0.6257716  -0.45373382  0.63445687]
0.5379347493025928 2.364549960470424 2.6464671033014078 [ 0.10710025 -0.09213996  0.03034248] [-0.75714044  0.06030167 -0.65046296] [-0.75714044  0.65046296  0.06030167] [-0.65046296  0.06030167  0.75714044]
0.593170379293531 2.6046174137564764 2.4298420201334547 [-0.04960962 -0.10000912  0.03025471] [ 0.71133494  0.22943239 -0.66435185] [0.71133494 0.66435185 0.22943239] [-0.66435185  0.22943239 -0.71133494]
0.6027522811344276 2.5975592206784635 2.5255190064070816 [-0.04960962 -0.10000912  0.03025471] [ 0.70593869  0.12718922 -0.69675926] [0.70593869 0.69675926 0.12718922] [-0.69675926  0.12718922 -0.70593869]
0.7326645582290966 2.5076862008193386 2.4860513001454203 [-0.06002707 -0.09395453  0.02871055] [ 0.68365831  0.0304515  -0.72916667] [0.68365831 0.72916667 0.0304515 ] [-0.72916667  0.0304515  -0.68365831]
0.8454248727224357 2.392369515514738 2.438168036775635 [-0.0587458  -0.09191128  0.03026786] [ 0.63989498  0.17085439 -0.7492284 ] [0.63989498 0.7492284  0.17085439] [-0.7492284   0.17085439 -0.63989498]
0.8930948973187157 2.411012997122764 2.40477376105372 [-0.06002707 -0.09395453  0.02871055] [ 0.61869817  0.07910785 -0.7816358 ] [0.61869817 0.7816358  0.07910785] [-0.7816358   0.07910785 -0.61869817]

