0.594927456831219 2.443054246491091 2.6033186590867383 [0.0212376  0.0514235  0.00667482] [ 0.01423268 -0.03660663  0.9992284 ] [ 0.01423268 -0.9992284  -0.03660663] [ 0.9992284  -0.03660663 -0.01423268]
0.8934840829921387 2.4107965382736904 2.357057711277882 [0.02428527 0.04841127 0.00735628] [-0.06098302  0.03008891  0.99768519] [-0.06098302 -0.99768519  0.03008891] [0.99768519 0.03008891 0.06098302]
0.6914203374049689 2.535055437448487 2.5181558615037254 [0.02428527 0.04841127 0.00735628] [0.08425872 0.02452821 0.99614198] [ 0.08425872 -0.99614198  0.02452821] [ 0.99614198  0.02452821 -0.08425872]
0.9148155711277852 2.357387951934296 2.3990595383157123 [0.02428527 0.04841127 0.00735628] [-0.05388788 -0.08870959  0.99459877] [-0.05388788 -0.99459877 -0.08870959] [ 0.99459877 -0.08870959  0.05388788]
0.08371371390904513 3.0564810227594674 2.94307606277424 [0.0373026 0.0313422 0.017978 ] [ 0.10479061 -0.07695581  0.99151235] [ 0.10479061 -0.99151235 -0.07695581] [ 0.99151235 -0.07695581 -0.10479061]
0.13644157345381777 3.0043957725094277 2.9013359265043834 [0.0373026 0.0313422 0.017978 ] [0.10014145 0.1139556  0.98842593] [ 0.10014145 -0.98842593  0.1139556 ] [ 0.98842593  0.1139556  -0.10014145]
0.8008264116940567 2.360467542608853 2.464755351307526 [0.0212376  0.0514235  0.00667482] [ 0.00333586 -0.16140439  0.98688272] [ 0.00333586 -0.98688272 -0.16140439] [ 0.98688272 -0.16140439 -0.00333586]
0.07650631910108947 3.063642428216147 2.869302755233305 [0.0373026 0.0313422 0.017978 ] [ 0.1788891  -0.01198066  0.9837963 ] [ 0.1788891  -0.9837963  -0.01198066] [ 0.9837963  -0.01198066 -0.1788891 ]
0.3942416783451621 2.7644675286704397 2.49654887439363 [0.02428527 0.04841127 0.00735628] [-0.14645815 -0.11717032  0.98225309] [-0.14645815 -0.98225309 -0.11717032] [ 0.98225309 -0.11717032  0.14645815]
0.17847168731007101 2.9633878046202096 2.895981360965346 [0.0373026 0.0313422 0.017978 ] [ 0.11250405 -0.16904283  0.97916667] [ 0.11250405 -0.97916667 -0.16904283] [ 0.97916667 -0.16904283 -0.11250405]
0.322111705743277 2.828382678161555 2.62297255409431 [0.0212376  0.0313422  0.00814646] [-0.2042353   0.05040159  0.97762346] [-0.2042353  -0.97762346  0.05040159] [0.97762346 0.05040159 0.2042353 ]
0.12610983334002082 3.014552396151967 2.8271107340941404 [0.0373026 0.0313422 0.017978 ] [0.19082888 0.10417145 0.97608025] [ 0.19082888 -0.97608025  0.10417145] [ 0.97608025  0.10417145 -0.19082888]
0.15487293489056164 2.9863477862579524 2.827700571575623 [0.0373026 0.0313422 0.017978 ] [ 0.21690998 -0.09609245  0.97145062] [ 0.21690998 -0.97145062 -0.09609245] [ 0.97145062 -0.09609245 -0.21690998]
0.3097457893325987 2.8396262695077463 2.66139317480892 [0.0212376  0.0313422  0.00814646] [-0.23075892 -0.07765269  0.96990741] [-0.23075892 -0.96990741 -0.07765269] [ 0.96990741 -0.07765269  0.23075892]
0.2388494416319574 2.9055431985503244 2.8125344752243837 [0.0373026 0.0313422 0.017978 ] [0.12063377 0.21844513 0.9683642 ] [ 0.12063377 -0.9683642   0.21844513] [ 0.9683642   0.21844513 -0.12063377]
0.4228874747260926 2.7399200403198525 2.621612063693795 [0.0212376  0.0313422  0.00814646] [-0.21675765  0.14579072  0.96527778] [-0.21675765 -0.96527778  0.14579072] [0.96527778 0.14579072 0.21675765]
0.38112616501730584 2.509970942806202 2.775869292318953 [0.0343232  0.02911765 0.0116918 ] [0.26388473 0.03975593 0.96373457] [ 0.26388473 -0.96373457  0.03975593] [ 0.96373457  0.03975593 -0.26388473]
0.23317169138938507 2.9109213680424966 2.8017935298702854 [0.0373026 0.0313422 0.017978 ] [ 0.20376146 -0.19646624  0.95910494] [ 0.20376146 -0.95910494 -0.19646624] [ 0.95910494 -0.19646624 -0.20376146]
0.3698041216474688 2.785792383487366 2.71121523072088 [0.0212376  0.0313422  0.00814646] [-0.28813425  0.00736144  0.95756173] [-0.28813425 -0.95756173  0.00736144] [0.95756173 0.00736144 0.28813425]
0.22474667653628758 2.918926687648808 2.753388002422835 [0.0373026 0.0313422 0.017978 ] [0.22126458 0.19253721 0.95601852] [ 0.22126458 -0.95601852  0.19253721] [ 0.95601852  0.19253721 -0.22126458]
0.3415599488640854 2.53515959010165 2.8108638537745803 [0.0373026 0.0313422 0.017978 ] [ 0.30181497 -0.06137515  0.95138889] [ 0.30181497 -0.95138889 -0.06137515] [ 0.95138889 -0.06137515 -0.30181497]
0.3811957477385906 2.7758085364356626 2.687632169598608 [0.0212376  0.0313422  0.00814646] [-0.26805907 -0.16105129  0.94984568] [-0.26805907 -0.94984568 -0.16105129] [ 0.94984568 -0.16105129  0.26805907]
0.8941348378336206 2.410434785795514 2.373696502297456 [ 0.0212376  -0.00078784  0.00171691] [ 0.14104005 -0.28940388  0.94675926] [ 0.14104005 -0.94675926 -0.28940388] [ 0.94675926 -0.28940388 -0.14104005]
0.32975544143307717 2.8214729972156736 2.7145264578092787 [0.0212376  0.0313422  0.00814646] [-0.30367703  0.11977847  0.94521605] [-0.30367703 -0.94521605  0.11977847] [0.94521605 0.11977847 0.30367703]
0.6713980920021659 2.5019708622356713 2.5487289433958646 [0.0212376  0.0313422  0.00814646] [-0.14980273 -0.29991816  0.94212963] [-0.14980273 -0.94212963 -0.29991816] [ 0.94212963 -0.29991816  0.14980273]
0.3715292124215609 2.4956159030090443 2.784275678707551 [0.0373026 0.0313422 0.017978 ] [ 0.29295911 -0.17992446  0.93904321] [ 0.29295911 -0.93904321 -0.17992446] [ 0.93904321 -0.17992446 -0.29295911]
0.2914329959995149 2.856421255202374 2.7775713911745035 [0.0212376  0.0313422  0.00814646] [-0.34166627 -0.06601447  0.9375    ] [-0.34166627 -0.9375     -0.06601447] [ 0.9375     -0.06601447  0.34166627]
0.16714062436865096 2.974390210023886 2.682820199817176 [0.0373026 0.0313422 0.017978 ] [0.20980251 0.28278578 0.93595679] [ 0.20980251 -0.93595679  0.28278578] [ 0.93595679  0.28278578 -0.20980251]
0.38915576506655186 2.7688769147113765 2.694754266434259 [0.0212376  0.0313422  0.00814646] [-0.26941722  0.2390967   0.93287037] [-0.26941722 -0.93287037  0.2390967 ] [0.93287037 0.2390967  0.26941722]
0.4219840673453244 2.6114958017499452 2.7406866454722425 [0.0373026 0.0313422 0.017978 ] [0.36413826 0.00574895 0.93132716] [ 0.36413826 -0.93132716  0.00574895] [ 0.93132716  0.00574895 -0.36413826]
0.46907821881478884 2.7013943819599335 2.659543622071662 [0.0212376  0.0313422  0.00814646] [-0.26747069 -0.25290559  0.92978395] [-0.26747069 -0.92978395 -0.25290559] [ 0.92978395 -0.25290559  0.26747069]
0.3348706973855577 2.8168664566857258 2.7158586405390945 [0.0343232  0.02911765 0.0116918 ] [ 0.23333572 -0.29459485  0.92669753] [ 0.23333572 -0.92669753 -0.29459485] [ 0.92669753 -0.29459485 -0.23333572]
0.35455815474813734 2.785397601841983 2.7992702490197985 [0.0212376  0.0313422  0.00814646] [-0.37478573  0.06020913  0.92515432] [-0.37478573 -0.92515432  0.06020913] [0.92515432 0.06020913 0.37478573]
0.4429183111225774 2.590197059053156 2.723050791949327 [0.0373026 0.0313422 0.017978 ] [ 0.37246409 -0.12939683  0.91898148] [ 0.37246409 -0.91898148 -0.12939683] [ 0.91898148 -0.12939683 -0.37246409]
0.3474005980343889 2.8056427804728283 2.786573044315733 [0.0212376  0.0313422  0.00814646] [-0.36533457 -0.15759971  0.91743827] [-0.36533457 -0.91743827 -0.15759971] [ 0.91743827 -0.15759971  0.36533457]
0.42084466554723615 2.7276372310682118 2.7416542162655757 [0.0212376  0.0313422  0.00814646] [-0.3565299   0.1991653   0.91280864] [-0.3565299  -0.91280864  0.1991653 ] [0.91280864 0.1991653  0.3565299 ]
0.49064271743950993 2.428822013722431 2.6838661997029525 [0.0373026 0.0313422 0.017978 ] [0.40076815 0.09476392 0.91126543] [ 0.40076815 -0.91126543  0.09476392] [ 0.91126543  0.09476392 -0.40076815]
0.5105930498756117 2.6679139079576473 2.6395402595882693 [0.0212376  0.0313422  0.00814646] [-0.23341195 -0.34340114  0.90972222] [-0.23341195 -0.90972222 -0.34340114] [ 0.90972222 -0.34340114  0.23341195]
0.8383978983968136 2.442280235217176 2.378067195409804 [0.02428527 0.04841127 0.00735628] [-0.06033844  0.41421028  0.90817901] [-0.06033844 -0.90817901  0.41421028] [0.90817901 0.41421028 0.06033844]
0.5327596930047671 2.4195461079166227 2.6504893859109626 [0.0343232  0.02911765 0.0116918 ] [ 0.3268682  -0.26677463  0.9066358 ] [ 0.3268682  -0.9066358  -0.26677463] [ 0.9066358  -0.26677463 -0.3268682 ]
0.27905857632343095 2.7690865856026696 2.867864492026731 [0.0212376  0.0313422  0.00814646] [-0.42452114 -0.02427339  0.90509259] [-0.42452114 -0.90509259 -0.02427339] [ 0.90509259 -0.02427339  0.42452114]
0.26088392605052707 2.8848041636197452 2.6511566211468502 [0.0373026 0.0313422 0.017978 ] [0.29891302 0.30700085 0.90354938] [ 0.29891302 -0.90354938  0.30700085] [ 0.90354938  0.30700085 -0.29891302]
0.49958470182905507 2.676684684724112 2.66850900828806 [0.0373026 0.0313422 0.017978 ] [ 0.43506883 -0.05155959  0.89891975] [ 0.43506883 -0.89891975 -0.05155959] [ 0.89891975 -0.05155959 -0.43506883]
0.42125880980646174 2.7252578370230833 2.741302437036274 [0.0212376  0.0313422  0.00814646] [-0.35819306 -0.25770734  0.89737654] [-0.35819306 -0.89737654 -0.25770734] [ 0.89737654 -0.25770734  0.35819306]
0.3077134153334044 2.699613401020479 2.8414817864128423 [0.0212376  0.0313422  0.00814646] [-0.43135205  0.13014745  0.89274691] [-0.43135205 -0.89274691  0.13014745] [0.89274691 0.13014745 0.43135205]
0.5544495070749003 2.4079441402931483 2.633747080439571 [0.0373026 0.0313422 0.017978 ] [0.40872247 0.19672799 0.8912037 ] [ 0.40872247 -0.8912037   0.19672799] [ 0.8912037   0.19672799 -0.40872247]
0.6317941900637114 2.4188104425541352 2.5765298868999773 [0.0212376  0.0313422  0.00814646] [-0.16961291 -0.42395244  0.88966049] [-0.16961291 -0.88966049 -0.42395244] [ 0.88966049 -0.42395244  0.16961291]
0.5308077172610247 2.5231045579208966 2.6520110455266446 [0.0343232  0.02911765 0.0116918 ] [ 0.41282306 -0.20871879  0.88657407] [ 0.41282306 -0.88657407 -0.20871879] [ 0.88657407 -0.20871879 -0.41282306]
0.2648062814779541 2.729342221909073 2.8811352854770904 [0.0212376  0.0313422  0.00814646] [-0.44822659 -0.12575093  0.88503086] [-0.44822659 -0.88503086 -0.12575093] [ 0.88503086 -0.12575093  0.44822659]
0.34550630184738895 2.807334070804275 2.6044628411998096 [0.0373026 0.0313422 0.017978 ] [0.24710618 0.39798002 0.88348765] [ 0.24710618 -0.88348765  0.39798002] [ 0.88348765  0.39798002 -0.24710618]
0.4110630598297266 2.6481662577863654 2.749993032600445 [0.0212376  0.0313422  0.00814646] [-0.37947392  0.28441731  0.88040123] [-0.37947392 -0.88040123  0.28441731] [0.88040123 0.28441731 0.37947392]
0.5803064994652055 2.5196941121529512 2.6141868898558327 [0.0373026 0.0313422 0.017978 ] [0.47477343 0.04689097 0.87885802] [ 0.47477343 -0.87885802  0.04689097] [ 0.87885802  0.04689097 -0.47477343]
0.795687198400898 2.4678943529101858 2.3665233316401983 [0.03271259 0.05740946 0.01230011] [-0.3202988  -0.3573897   0.87731481] [-0.3202988  -0.87731481 -0.3573897 ] [ 0.87731481 -0.3573897   0.3202988 ]
0.21822161434678497 2.670982152603248 2.925146612094016 [0.0212376  0.0313422  0.00814646] [-0.48685038  0.03738019  0.87268519] [-0.48685038 -0.87268519  0.03738019] [0.87268519 0.03738019 0.48685038]
0.7731254746109668 2.3731102147083316 2.4818621159261567 [0.0212376  0.0152772  0.00267092] [0.38640066 0.30299536 0.87114198] [ 0.38640066 -0.87114198  0.30299536] [ 0.87114198  0.30299536 -0.38640066]
0.604065948836792 2.596596193593689 2.3583831117045104 [0.03271259 0.05740946 0.01230011] [-0.08069521 -0.48712039  0.86959877] [-0.08069521 -0.86959877 -0.48712039] [ 0.86959877 -0.48712039  0.08069521]
0.561245320729219 2.6285641601349568 2.3964828763830734 [ 0.0232457  -0.0274631   0.00767557] [-0.27102127  0.41596517  0.86805556] [-0.27102127 -0.86805556  0.41596517] [0.86805556 0.41596517 0.27102127]
0.4646087954330056 2.7050640300130473 2.6034506231189254 [0.0373026 0.0313422 0.017978 ] [ 0.48342694 -0.12431714  0.86651235] [ 0.48342694 -0.86651235 -0.12431714] [ 0.86651235 -0.12431714 -0.48342694]
0.4943549057000926 2.6808786560759588 2.373195409098382 [0.02428527 0.04841127 0.00735628] [-0.44279441 -0.23613874  0.86496914] [-0.44279441 -0.86496914 -0.23613874] [ 0.86496914 -0.23613874  0.44279441]
0.56755448539791 2.6237792241898212 2.372528559991731 [0.0212376  0.0313422  0.00814646] [-0.4640013   0.21099462  0.86033951] [-0.4640013  -0.86033951  0.21099462] [0.86033951 0.21099462 0.4640013 ]
0.6425241104114134 2.5009668684197184 2.5688982033718384 [0.0373026 0.0313422 0.017978 ] [0.48713311 0.15865135 0.8587963 ] [ 0.48713311 -0.8587963   0.15865135] [ 0.8587963   0.15865135 -0.48713311]
0.5352016562664742 2.648589225640074 2.422928550867206 [0.03271259 0.05740946 0.01230011] [-0.2532976  -0.4482828   0.85725309] [-0.2532976  -0.85725309 -0.4482828 ] [ 0.85725309 -0.4482828   0.2532976 ]
0.6191711279193424 2.3745930710437384 2.5856032178939405 [ 0.0212376  -0.0168528   0.00332367] [ 0.42862883 -0.29440896  0.85416667] [ 0.42862883 -0.85416667 -0.29440896] [ 0.85416667 -0.29440896 -0.42862883]
0.56961419817436 2.6222227130413454 2.4320614670325487 [0.0212376  0.0313422  0.00814646] [-0.51742981 -0.0727986   0.85262346] [-0.51742981 -0.85262346 -0.0727986 ] [ 0.85262346 -0.0727986   0.51742981]
0.24977227250105877 2.8952356801187045 2.540242859237582 [0.0373026 0.0313422 0.017978 ] [0.33395829 0.40513488 0.85108025] [ 0.33395829 -0.85108025  0.40513488] [ 0.85108025  0.40513488 -0.33395829]
0.6083130921259113 2.5934903434573364 2.44635555622803 [ 0.0232457  -0.0274631   0.00767557] [-0.37793139  0.37158355  0.84799383] [-0.37793139 -0.84799383  0.37158355] [0.84799383 0.37158355 0.37793139]
0.3629607353708131 2.791825848630941 2.547893965428663 [0.0373026 0.0313422 0.017978 ] [ 0.53213552 -0.01879202  0.84645062] [ 0.53213552 -0.84645062 -0.01879202] [ 0.84645062 -0.01879202 -0.53213552]
0.7467672274425198 2.498571078158512 2.430063129800705 [0.03271259 0.05740946 0.01230011] [-0.4069343  -0.34718287  0.84490741] [-0.4069343  -0.84490741 -0.34718287] [ 0.84490741 -0.34718287  0.4069343 ]
0.6277102685770116 2.579454101069154 2.455640238083851 [0.0212376  0.0313422  0.00814646] [-0.53020307  0.11321646  0.84027778] [-0.53020307 -0.84027778  0.11321646] [0.84027778 0.11321646 0.53020307]
0.7085832686956256 2.4395477941909194 2.52353665127701 [0.0373026 0.0313422 0.017978 ] [0.46948758 0.27587268 0.83873457] [ 0.46948758 -0.83873457  0.27587268] [ 0.83873457  0.27587268 -0.46948758]
0.8598476073506643 2.4054121324146855 2.4298166012341356 [ 0.0232457  -0.0274631   0.00767557] [-0.23579938  0.49607542  0.83564815] [-0.23579938 -0.83564815  0.49607542] [0.83564815 0.49607542 0.23579938]
0.5666850496519853 2.624437077859498 2.5461298897136224 [0.0343232  0.02911765 0.0116918 ] [ 0.51113419 -0.20739042  0.83410494] [ 0.51113419 -0.83410494 -0.20739042] [ 0.83410494 -0.20739042 -0.51113419]
0.6092787844940871 2.592785783791256 2.4296656801763463 [0.0212376  0.0313422  0.00814646] [-0.51916513 -0.19315418  0.83256173] [-0.51916513 -0.83256173 -0.19315418] [ 0.83256173 -0.19315418  0.51916513]
0.6653896747179027 2.552881988932892 2.3775060030540387 [0.0212376  0.0313422  0.00814646] [-0.47500835  0.29815349  0.8279321 ] [-0.47500835 -0.8279321   0.29815349] [0.8279321  0.29815349 0.47500835]
0.6106778527539332 2.591766109390595 2.4899748690236065 [0.0373026 0.0313422 0.017978 ] [0.55389048 0.10142356 0.82638889] [ 0.55389048 -0.82638889  0.10142356] [ 0.82638889  0.10142356 -0.55389048]
0.5856084956057434 2.6102297020751917 2.474500280375887 [0.02335888 0.05758654 0.01095319] [-0.34127408 -0.45073452  0.82484568] [-0.34127408 -0.82484568 -0.45073452] [ 0.82484568 -0.45073452  0.34127408]
0.6585097591273722 2.557665765666208 2.5078686870461775 [0.0212376  0.0313422  0.00814646] [-0.57204347 -0.00344941  0.82021605] [-0.57204347 -0.82021605 -0.00344941] [ 0.82021605 -0.00344941  0.57204347]
0.154088499167803 2.98711393826981 2.483126746572694 [0.0373026 0.0313422 0.017978 ] [0.42109487 0.39045344 0.81867284] [ 0.42109487 -0.81867284  0.39045344] [ 0.81867284  0.39045344 -0.42109487]
0.694965280835978 2.5326610401364245 2.500955019695674 [ 0.0232457  -0.0274631   0.00767557] [-0.35482674  0.45707415  0.81558642] [-0.35482674 -0.81558642  0.45707415] [0.81558642 0.45707415 0.35482674]
0.4796353087575337 2.692776467564396 2.493913845312769 [0.0373026 0.0313422 0.017978 ] [ 0.57252546 -0.09771515  0.81404321] [ 0.57252546 -0.81404321 -0.09771515] [ 0.81404321 -0.09771515 -0.57252546]
0.6493661730419231 2.5640704810183834 2.3836117713662874 [0.0212376  0.0313422  0.00814646] [-0.48998095 -0.31585189  0.8125    ] [-0.48998095 -0.8125     -0.31585189] [ 0.8125     -0.31585189  0.48998095]
0.7233415361779856 2.5137797364605112 2.47751831314735 [0.0212376  0.0313422  0.00814646] [-0.55480762  0.19883152  0.80787037] [-0.55480762 -0.80787037  0.19883152] [0.80787037 0.19883152 0.55480762]
0.6923326606355359 2.5344384580026365 2.451369555520571 [0.0373026 0.0313422 0.017978 ] [0.54535172 0.22897165 0.80632716] [ 0.54535172 -0.80632716  0.22897165] [ 0.80632716  0.22897165 -0.54535172]
0.6594315605496753 2.557023055984386 2.4171536510199827 [ 0.02324568 -0.02957184  0.01333471] [-0.18169364  0.5672669   0.80324074] [-0.18169364 -0.80324074  0.5672669 ] [0.80324074 0.5672669  0.18169364]
0.8548057176530695 2.4117907122351503 2.432722576912075 [0.0212376  0.0152772  0.00267092] [ 0.51896042 -0.29658245  0.80169753] [ 0.51896042 -0.80169753 -0.29658245] [ 0.80169753 -0.29658245 -0.51896042]
0.6957232307969352 2.5321501212879873 2.5116362480286347 [0.0212376  0.0313422  0.00814646] [-0.58501723 -0.13231745  0.80015432] [-0.58501723 -0.80015432 -0.13231745] [ 0.80015432 -0.13231745  0.58501723]
0.2773933456700569 2.86941007902253 2.446483547728733 [0.0373026 0.0313422 0.017978 ] [0.34316506 0.49442698 0.79861111] [ 0.34316506 -0.79861111  0.49442698] [ 0.79861111  0.49442698 -0.34316506]
0.6958896260366001 2.502616333012252 2.5320380061901036 [ 0.0232457  -0.0274631   0.00767557] [-0.46566316  0.38768323  0.79552469] [-0.46566316 -0.79552469  0.38768323] [0.79552469 0.38768323 0.46566316]
0.2533289176975546 2.891890700248022 2.438281185749517 [0.0373026 0.0313422 0.017978 ] [0.60726029 0.02878106 0.79398148] [ 0.60726029 -0.79398148  0.02878106] [ 0.79398148  0.02878106 -0.60726029]
0.6952732949502309 2.5324533702198613 2.4177713768579836 [0.0212376  0.0313422  0.00814646] [-0.4297498  -0.43284719  0.79243827] [-0.4297498  -0.79243827 -0.43284719] [ 0.79243827 -0.43284719  0.4297498 ]
0.6620104274093572 2.494847314427184 2.5552278779066944 [0.0212376  0.0313422  0.00814646] [-0.61090369  0.07844884  0.78780864] [-0.61090369 -0.78780864  0.07844884] [0.78780864 0.07844884 0.61090369]
0.05758112360205508 3.0824823884830437 2.4119302792624526 [0.0373026 0.0313422 0.017978 ] [0.5050621  0.35594795 0.78626543] [ 0.5050621  -0.78626543  0.35594795] [ 0.78626543  0.35594795 -0.5050621 ]
0.6946063841215796 2.532903091862559 2.378265646483631 [0.02324568 0.05842448 0.02173246] [-0.13239606 -0.60554299  0.78472222] [-0.13239606 -0.78472222 -0.60554299] [ 0.78472222 -0.60554299  0.13239606]
0.7822828442088124 2.4761559505106954 2.443726910580321 [ 0.02324568 -0.02957184  0.01333471] [-0.31239272  0.53762573  0.78317901] [-0.31239272 -0.78317901  0.53762573] [0.78317901 0.53762573 0.31239272]
0.44541737135953163 2.7209635197308972 2.454386166412184 [0.0343232  0.02911765 0.0116918 ] [ 0.59536023 -0.18598835  0.7816358 ] [ 0.59536023 -0.7816358  -0.18598835] [ 0.7816358  -0.18598835 -0.59536023]
0.7297244800888646 2.5096020040633418 2.4774839769310817 [0.0212376  0.0313422  0.00814646] [-0.56637964 -0.26583764  0.78009259] [-0.56637964 -0.78009259 -0.26583764] [ 0.78009259 -0.26583764  0.56637964]
0.744817620894896 2.4998238726421675 2.356544595333302 [0.0212376  0.0152772  0.00267092] [-0.56066354  0.29036802  0.77546296] [-0.56066354 -0.77546296  0.29036802] [0.77546296 0.29036802 0.56066354]
0.5584889123226134 2.630662759893438 2.4006026909010174 [0.0373026 0.0313422 0.017978 ] [0.61138186 0.16510735 0.77391975] [ 0.61138186 -0.77391975  0.16510735] [ 0.77391975  0.16510735 -0.61138186]
0.6430712759642861 2.5220959197197725 2.568511018357553 [0.02335888 0.05758654 0.01095319] [-0.34029343 -0.536316    0.77237654] [-0.34029343 -0.77237654 -0.536316  ] [ 0.77237654 -0.536316    0.34029343]
0.7425012296868189 2.5013154036971326 2.450250609519469 [ 0.02324568 -0.02957184  0.01333471] [-0.11168265  0.6271706   0.77083333] [-0.11168265 -0.77083333  0.6271706 ] [0.77083333 0.6271706  0.11168265]
0.9316166010084961 2.380307200492746 2.389989217214837 [0.0212376  0.0152772  0.00267092] [ 0.50747854 -0.38814719  0.76929012] [ 0.50747854 -0.76929012 -0.38814719] [ 0.76929012 -0.38814719 -0.50747854]
0.626374173201344 2.4748565454426155 2.5804131254070333 [0.0212376  0.0313422  0.00814646] [-0.63823486 -0.05675335  0.76774691] [-0.63823486 -0.76774691 -0.05675335] [ 0.76774691 -0.05675335  0.63823486]
0.1934058091124497 2.948952973789885 2.395745245898746 [0.0373026 0.0313422 0.017978 ] [0.43352259 0.47433115 0.7662037 ] [ 0.43352259 -0.7662037   0.47433115] [ 0.7662037   0.47433115 -0.43352259]
0.611984403210232 2.4485888125453306 2.5908150094566396 [ 0.0232457  -0.0274631   0.00767557] [-0.43709086  0.47602898  0.76311728] [-0.43709086 -0.76311728  0.47602898] [0.76311728 0.47602898 0.43709086]
0.46520555010037534 2.70457333378463 2.4171001477764733 [0.0212376  0.0152772  0.00267092] [ 0.64566123 -0.05591517  0.76157407] [ 0.64566123 -0.76157407 -0.05591517] [ 0.76157407 -0.05591517 -0.64566123]
0.7310168305663013 2.479108653947763 2.508759226104853 [0.0212376  0.0313422  0.00814646] [-0.51529509 -0.39601017  0.76003086] [-0.51529509 -0.76003086 -0.39601017] [ 0.76003086 -0.39601017  0.51529509]
0.632462846175807 2.4354314314197216 2.576052134269397 [0.0212376  0.0313422  0.00814646] [-0.63299238  0.16938012  0.75540123] [-0.63299238 -0.75540123  0.16938012] [0.75540123 0.16938012 0.63299238]
0.690630087041276 2.5355902881406736 2.363221739610816 [0.0373026 0.0313422 0.017978 ] [0.58273763 0.30350442 0.75385802] [ 0.58273763 -0.75385802  0.30350442] [ 0.75385802  0.30350442 -0.58273763]
0.6188039644982174 2.488108604877082 2.5858686732633025 [0.02324568 0.05842448 0.02173246] [-0.22528235 -0.61908827  0.75231481] [-0.22528235 -0.75231481 -0.61908827] [ 0.75231481 -0.61908827  0.22528235]
0.7393965216018404 2.47502483426411 2.50331972794645 [ 0.02324568 -0.02957184  0.01333471] [-0.25274461  0.61029678  0.7507716 ] [-0.25274461 -0.7507716   0.61029678] [0.7507716  0.61029678 0.25274461]
0.7946230921048358 2.4685462703125314 2.4390736038476417 [-0.00744997  0.04855471  0.00561866] [ 0.6002013  -0.28002716  0.7492284 ] [ 0.6002013  -0.7492284  -0.28002716] [ 0.7492284  -0.28002716 -0.6002013 ]
0.6453149426940914 2.452177721695252 2.5669253710028657 [0.0212376  0.0313422  0.00814646] [-0.6333866  -0.19947     0.74768519] [-0.6333866  -0.74768519 -0.19947   ] [ 0.74768519 -0.19947     0.6333866 ]
0.8146099085272349 2.4564138472057664 2.3830218706744137 [ 0.03228227 -0.02306448  0.00552335] [-0.54791459  0.38426299  0.74305556] [-0.54791459 -0.74305556  0.38426299] [0.74305556 0.38426299 0.54791459]
0.6075425470017768 2.594052959182791 2.37747571355995 [0.0212376  0.0152772  0.00267092] [0.66527614 0.08698906 0.74151235] [ 0.66527614 -0.74151235  0.08698906] [ 0.74151235  0.08698906 -0.66527614]
0.8460463368890733 2.432131419809645 2.4378057237633173 [0.0212376  0.0313422  0.00814646] [-0.43288875 -0.51483299  0.73996914] [-0.43288875 -0.73996914 -0.51483299] [ 0.73996914 -0.51483299  0.43288875]
0.9693731584784404 2.364185571869295 2.370152151534478 [ 0.03328634 -0.02955782  0.01322328] [-0.02863793  0.67372622  0.73842593] [-0.02863793 -0.73842593  0.67372622] [0.73842593 0.67372622 0.02863793]
0.5426784231933339 2.4201550104088096 2.6427953340906765 [0.0212376  0.0313422  0.00814646] [-0.67701114  0.03052426  0.73533951] [-0.67701114 -0.73533951  0.03052426] [0.73533951 0.03052426 0.67701114]
0.5123372149281766 2.440706649084092 2.6665314018395034 [0.02324568 0.05897963 0.05185436] [-0.09003631 -0.67505472  0.73225309] [-0.09003631 -0.73225309 -0.67505472] [ 0.73225309 -0.67505472  0.09003631]
0.56584597584775 2.43616764494731 2.6250724237802396 [ 0.02324568 -0.02957184  0.01333471] [-0.39055002  0.55994085  0.73070988] [-0.39055002 -0.73070988  0.55994085] [0.73070988 0.55994085 0.39055002]
0.960376417372478 2.35656192389449 2.3748113166464253 [0.00517255 0.00724467 0.00444912] [ 0.6678223  -0.14943006  0.72916667] [ 0.6678223  -0.72916667 -0.14943006] [ 0.72916667 -0.14943006 -0.6678223 ]
0.6107844074444279 2.4302703721498995 2.5916885017638447 [0.0212376  0.0313422  0.00814646] [-0.59479246 -0.34173972  0.72762346] [-0.59479246 -0.72762346 -0.34173972] [ 0.72762346 -0.34173972  0.59479246]
0.8582225466543268 2.4307516505791082 2.4220387584706757 [ 0.03228227 -0.02306448  0.00552335] [-0.63760149  0.26597794  0.72299383] [-0.63760149 -0.72299383  0.26597794] [0.72299383 0.26597794 0.63760149]
0.436843471346398 2.728140744788525 2.3733536634497643 [ 0.0212376  -0.00078784  0.00171691] [0.65132868 0.23511689 0.72145062] [ 0.65132868 -0.72145062  0.23511689] [ 0.72145062  0.23511689 -0.65132868]
0.673164119444991 2.4015021314501506 2.547512639071064 [0.0212376  0.0313422  0.00814646] [-0.32219502 -0.61475499  0.71990741] [-0.32219502 -0.71990741 -0.61475499] [ 0.71990741 -0.61475499  0.32219502]
0.6826831480873703 2.424735533769635 2.540990873587399 [ 0.02324568 -0.02957184  0.01333471] [-0.17809331  0.67248469  0.7183642 ] [-0.17809331 -0.7183642   0.67248469] [0.7183642  0.67248469 0.17809331]
0.961538952961019 2.3727191474124814 2.3742069121165073 [ 0.00517255 -0.00078784  0.00460487] [ 0.58691575 -0.37642739  0.71682099] [ 0.58691575 -0.71682099 -0.37642739] [ 0.71682099 -0.37642739 -0.58691575]
0.5384191241423415 2.3999355437431396 2.646091512488007 [0.0212376  0.0313422  0.00814646] [-0.68860627 -0.11915997  0.71527778] [-0.68860627 -0.71527778 -0.11915997] [ 0.71527778 -0.11915997  0.68860627]
0.8782363812164146 2.4193399429282927 2.3828798937618663 [0.03328634 0.05884662 0.06189498] [ 0.0587651  -0.69952136  0.71219136] [ 0.0587651  -0.71219136 -0.69952136] [ 0.71219136 -0.69952136 -0.0587651 ]
0.8821636218645333 2.417127102669057 2.398143395176354 [ 0.03228227 -0.02306448  0.00552335] [-0.51699943  0.47716957  0.71064815] [-0.51699943 -0.71064815  0.47716957] [0.71064815 0.47716957 0.51699943]
0.6887213863021507 2.399941308095821 2.536883750317751 [0.0212376  0.0313422  0.00814646] [-0.52283811 -0.47539111  0.70756173] [-0.52283811 -0.70756173 -0.47539111] [ 0.70756173 -0.47539111  0.52283811]
0.17205831460329185 2.380294972401022 2.9696100254782736 [ 0.01320506 -0.02938518  0.03177308] [0.06454299 0.70524609 0.70601852] [ 0.06454299 -0.70601852  0.70524609] [ 0.70601852  0.70524609 -0.06454299]
0.5094133479312304 2.364423880169014 2.668850102601525 [0.0212376  0.0313422  0.00814646] [-0.69991777  0.12649737  0.7029321 ] [-0.69991777 -0.7029321   0.12649737] [0.7029321  0.12649737 0.69991777]
0.9171408112380194 2.397795144465356 2.3654854391718736 [0.03328634 0.05884662 0.06189498] [-0.18800321 -0.68910871  0.69984568] [-0.18800321 -0.69984568 -0.68910871] [ 0.69984568 -0.68910871  0.18800321]
0.9093893798445658 2.399873142984837 2.402021548040505 [ 0.03328633 -0.02708457  0.00767557] [-0.32754892  0.63646317  0.69830247] [-0.32754892 -0.69830247  0.63646317] [0.69830247 0.63646317 0.32754892]
0.9209743252007081 2.395716982679921 2.360465441773105 [-0.0075456  -0.01350595  0.00552063] [ 0.67285823 -0.24857259  0.69675926] [ 0.67285823 -0.69675926 -0.24857259] [ 0.69675926 -0.24857259 -0.67285823]
0.9447940450546319 2.3829807459381698 2.366657642515086 [0.0614001  0.0233097  0.00652823] [-0.66543784 -0.27178508  0.69521605] [-0.66543784 -0.69521605 -0.27178508] [ 0.69521605 -0.27178508  0.66543784]
0.8947213161831222 2.4101089647730927 2.3589588519736675 [0.00517255 0.0152772  0.00469363] [0.30772126 0.65124928 0.69367284] [ 0.30772126 -0.69367284  0.65124928] [ 0.69367284  0.65124928 -0.30772126]
0.9523043265079635 2.3790274280620136 2.364548796458002 [0.03328634 0.05849359 0.05185436] [ 0.21344705 -0.68949034  0.69212963] [ 0.21344705 -0.69212963 -0.68949034] [ 0.69212963 -0.68949034 -0.21344705]
0.7972302928644949 2.3774723968862763 2.466950186825766 [ 0.03228227 -0.02306448  0.00552335] [-0.62440811  0.36497248  0.69058642] [-0.62440811 -0.69058642  0.36497248] [0.69058642 0.36497248 0.62440811]
0.5497723098414294 2.3568210792552593 2.637331615981738 [0.0212376  0.0313422  0.00814646] [-0.41986099 -0.59250358  0.6875    ] [-0.41986099 -0.6875     -0.59250358] [ 0.6875     -0.59250358  0.41986099]
0.6802470922575847 2.360634351682471 2.5426543977957374 [ 0.01320506 -0.02938518  0.03177308] [-0.09081996  0.72195223  0.68595679] [-0.09081996 -0.68595679  0.72195223] [0.68595679 0.72195223 0.09081996]
0.9484116127823362 2.381072802378924 2.358758491788459 [-0.0075456  -0.01350595  0.00552063] [ 0.55574609 -0.47193679  0.68441358] [ 0.55574609 -0.68441358 -0.47193679] [ 0.68441358 -0.47193679 -0.55574609]
0.9554218254306864 2.3591933730491994 2.3773951049279884 [0.0533676  0.0152772  0.00436923] [-0.73002314 -0.02746394  0.68287037] [-0.73002314 -0.68287037 -0.02746394] [ 0.68287037 -0.02746394  0.73002314]
0.9626416937346169 2.3736342435253084 2.367319208532153 [0.04316951 0.05947333 0.13209381] [-0.03660742 -0.73249824  0.67978395] [-0.03660742 -0.67978395 -0.73249824] [ 0.67978395 -0.73249824  0.03660742]
0.9433387313022498 2.3729996377336855 2.383750239734573 [ 0.03228227 -0.02306448  0.00552335] [-0.46871271  0.56594867  0.67824074] [-0.46871271 -0.67824074  0.56594867] [0.67824074 0.56594867 0.46871271]
0.5577389723174155 2.3568961544584623 2.6312345822735805 [0.0212376  0.0313422  0.00814646] [-0.6070938  -0.41905102  0.67515432] [-0.6070938  -0.67515432 -0.41905102] [ 0.67515432 -0.41905102  0.6070938 ]
0.9547533369137786 2.358121486638849 2.3777446976614325 [ 0.05353566 -0.02940829  0.01320934] [0.16490165 0.72045508 0.67361111] [ 0.16490165 -0.67361111  0.72045508] [ 0.67361111  0.72045508 -0.16490165]
0.9656478835199055 2.361955688972719 2.3720762887411055 [ 0.05382586 -0.02519667  0.00750519] [-0.70594537  0.22811789  0.67052469] [-0.70594537 -0.67052469  0.22811789] [0.67052469 0.22811789 0.70594537]
0.571686647877643 2.3579287361842716 2.6206593574433836 [0.02385919 0.05981772 0.11174903] [-0.29004421 -0.6858575   0.66743827] [-0.29004421 -0.66743827 -0.6858575 ] [ 0.66743827 -0.6858575   0.29004421]
0.9414808089224384 2.384734237951502 2.3698611340333344 [ 0.0537256  -0.03114619  0.18228565] [-0.24988283  0.70295259  0.66589506] [-0.24988283 -0.66589506  0.70295259] [0.66589506 0.70295259 0.24988283]
0.7063371170992365 2.5250335869116 2.4166031897895524 [0.00517255 0.04941535 0.00557959] [ 0.66030782 -0.35018595  0.66435185] [ 0.66030782 -0.66435185 -0.35018595] [ 0.66435185 -0.35018595 -0.66030782]
0.873576038125447 2.368400810654516 2.4219770614114444 [ 0.0533676  -0.00075699  0.0036622 ] [-0.72476258 -0.18815928  0.66280864] [-0.72476258 -0.66280864 -0.18815928] [ 0.66280864 -0.18815928  0.72476258]
0.7842262598597445 2.3924419651379396 2.474951469152397 [ 0.00517255 -0.00078784  0.00460487] [0.60777771 0.45772197 0.64891975] [ 0.60777771 -0.64891975  0.45772197] [ 0.64891975  0.45772197 -0.60777771]
0.9748838558667333 2.357506638122116 2.367318933903359 [ 0.05353566 -0.02940829  0.01320934] [0.26943051 0.71851584 0.6412037 ] [ 0.26943051 -0.6412037   0.71851584] [ 0.6412037   0.71851584 -0.26943051]
0.7717496937128543 2.4612408964949166 2.4827237778449294 [-0.00486808  0.0554397   0.00658995] [ 0.63015063 -0.45117225  0.63194444] [ 0.63015063 -0.63194444 -0.45117225] [ 0.63194444 -0.45117225 -0.63015063]
0.7455702068973563 2.499339992199318 2.3977710400069787 [ 0.0614001  -0.00279596  0.00507497] [-0.6050613  -0.49614916  0.62268519] [-0.6050613  -0.62268519 -0.49614916] [ 0.62268519 -0.49614916  0.6050613 ]
0.6698839421886995 2.3779665962029313 2.5497733579993445 [-0.00486808  0.0554397   0.00658995] [ 0.58280814 -0.54853443  0.59953704] [ 0.58280814 -0.59953704 -0.54853443] [ 0.59953704 -0.54853443 -0.58280814]
0.9286664523040042 2.383986646316686 2.391570928451433 [-0.00486808  0.0554397   0.00658995] [ 0.69956454 -0.41811221  0.57947531] [ 0.69956454 -0.57947531 -0.41811221] [ 0.57947531 -0.41811221 -0.69956454]
0.7604996790001447 2.4898128931775054 2.416153739954129 [ 0.06650633 -0.01283658  0.01049591] [-0.59005959 -0.57156219  0.57021605] [-0.59005959 -0.57021605 -0.57156219] [ 0.57021605 -0.57156219  0.59005959]
0.8068371109911162 2.4611039696027692 2.3785802135591476 [-0.00687621  0.06082197  0.04181372] [ 0.65485053 -0.52142832  0.5470679 ] [ 0.65485053 -0.5470679  -0.52142832] [ 0.5470679  -0.52142832 -0.65485053]
0.730204797763846 2.3919760320159105 2.5092886542986457 [ 0.0533676  -0.00075699  0.0036622 ] [-0.6783639  -0.50058394  0.53780864] [-0.6783639  -0.53780864 -0.50058394] [ 0.53780864 -0.50058394  0.6783639 ]
0.7801242823903827 2.4774964400017576 2.416471073020049 [ 0.0614001  -0.00279596  0.00507497] [-0.56326441 -0.64394979  0.51774691] [-0.56326441 -0.51774691 -0.64394979] [ 0.51774691 -0.64394979  0.56326441]
0.7832965578794976 2.3586060989108026 2.475527392090884 [-0.00687621  0.06073997  0.05185436] [ 0.59352807 -0.61874793  0.51466049] [ 0.59352807 -0.51466049 -0.61874793] [ 0.51466049 -0.61874793 -0.59352807]
0.8981073185674562 2.4082315632104327 2.363963445986801 [-0.00486808  0.0554397   0.00658995] [ 0.72228778 -0.48339675  0.49459877] [ 0.72228778 -0.49459877 -0.48339675] [ 0.49459877 -0.48339675 -0.72228778]
0.8799305950913006 2.4183842650604648 2.374408062630251 [ 0.01083337 -0.0168528   0.0035437 ] [0.54578862 0.6786239  0.49151235] [ 0.54578862 -0.49151235  0.6786239 ] [ 0.49151235  0.6786239  -0.54578862]
0.7111719088641792 2.3830428970548376 2.5218153962639374 [ 0.0614001  -0.00279596  0.00507497] [-0.65825073 -0.57545768  0.48533951] [-0.65825073 -0.48533951 -0.57545768] [ 0.48533951 -0.57545768  0.65825073]
0.8448503917109361 2.438503156195153 2.430684097125902 [-0.00687621  0.06073997  0.05185436] [ 0.6646125  -0.58708549  0.46219136] [ 0.6646125  -0.46219136 -0.58708549] [ 0.46219136 -0.58708549 -0.6646125 ]
0.8768811141025203 2.410419977060963 2.42010558330885 [-0.0075456  -0.01350595  0.00552063] [0.64410316 0.61184456 0.45910494] [ 0.64410316 -0.45910494  0.61184456] [ 0.45910494  0.61184456 -0.64410316]
0.8754109728544625 2.3682369947393953 2.42093728439277 [ 0.03228227 -0.02306448  0.00552335] [0.56279706 0.74687713 0.35416667] [ 0.56279706 -0.35416667  0.74687713] [ 0.35416667  0.74687713 -0.56279706]
0.9282599066032562 2.3689133827309656 2.3917892614932246 [ 0.04332696 -0.03169175  0.1823826 ] [-0.61334894  0.72266915  0.31867284] [-0.61334894 -0.31867284  0.72266915] [0.31867284 0.72266915 0.61334894]
0.783120050915489 2.431351958908167 2.475636791679345 [ 0.03228227 -0.02306448  0.00552335] [0.50893626 0.80620251 0.30169753] [ 0.50893626 -0.30169753  0.80620251] [ 0.30169753  0.80620251 -0.50893626]
0.6413129107599058 2.3725276967272158 2.5697559574373887 [ 0.03228227 -0.02306448  0.00552335] [0.44758592 0.85880851 0.2492284 ] [ 0.44758592 -0.2492284   0.85880851] [ 0.2492284   0.85880851 -0.44758592]
0.960107831945539 2.3749510546034553 2.3676338525795813 [ 0.05299249 -0.02959025  0.20067479] [-0.65970972  0.72931718  0.18132716] [-0.65970972 -0.18132716  0.72931718] [0.18132716 0.72931718 0.65970972]
0.9288941554996543 2.3914486804218527 2.381318510227863 [ 0.02324568 -0.03130917  0.1623012 ] [-0.69323539  0.71936801  0.04398148] [-0.69323539 -0.04398148  0.71936801] [0.04398148 0.71936801 0.69323539]
0.9184681288896162 2.3970747021498244 2.3566275870496947 [-0.00737336 -0.02910409  0.02173246] [ 0.66085671  0.72978721 -0.17515432] [0.66085671 0.17515432 0.72978721] [-0.17515432  0.72978721 -0.66085671]
0.9592519745977293 2.3705655184351104 2.3753965849655057 [-0.00687621 -0.03051728  0.192423  ] [-0.66884038  0.72172209 -0.17824074] [-0.66884038  0.17824074  0.72172209] [-0.17824074  0.72172209  0.66884038]
0.9509907994631225 2.3797167145490428 2.3589453176204214 [ 0.00268317 -0.02907839  0.03177268] [ 0.61507109  0.72390006 -0.3125    ] [0.61507109 0.3125     0.72390006] [-0.3125      0.72390006 -0.61507109]
0.9613071419221378 2.3743273750954454 2.368592784234346 [ 0.05937377 -0.02888198  0.16227473] [-0.70562651  0.60549676 -0.36805556] [-0.70562651  0.36805556  0.60549676] [-0.36805556  0.60549676  0.70562651]
0.8559124022571707 2.432083480326993 2.3708568973781086 [ 0.00268317 -0.02907839  0.03177268] [ 0.48112449  0.71846994 -0.50231481] [0.48112449 0.50231481 0.71846994] [-0.50231481  0.71846994 -0.48112449]
0.952446377629282 2.3700945087321097 2.378952939482984 [-0.00688028 -0.03088523  0.18227414] [-0.44209145  0.73245702 -0.51774691] [-0.44209145  0.51774691  0.73245702] [-0.51774691  0.73245702  0.44209145]
0.8408906848424894 2.4408181922656293 2.362803432089186 [-0.00737336 -0.02910409  0.02173246] [ 0.40427658  0.72716932 -0.55478395] [0.40427658 0.55478395 0.72716932] [-0.55478395  0.72716932 -0.40427658]
0.8296385893034582 2.4474461943818606 2.3799062198500014 [-0.00737336 -0.02910409  0.02173246] [ 0.32740981  0.72391056 -0.60725309] [0.32740981 0.60725309 0.72391056] [-0.60725309  0.72391056 -0.32740981]
0.8561930776198597 2.361288389533685 2.4319215048511658 [ 0.01320506 -0.02938518  0.03177308] [ 0.16107936  0.76192491 -0.62731481] [0.16107936 0.62731481 0.76192491] [-0.62731481  0.76192491 -0.16107936]
0.9665929620990995 2.358014412942087 2.3715874689672725 [-0.01763453  0.03732282  0.20215727] [ 0.69928566  0.33413437 -0.63194444] [0.69928566 0.63194444 0.33413437] [-0.63194444  0.33413437 -0.69928566]
0.9530160359026483 2.3786543289831967 2.368122080833088 [ 0.00350947 -0.03069842  0.18274541] [-0.27083349  0.72345354 -0.63503086] [-0.27083349  0.63503086  0.72345354] [-0.63503086  0.72345354  0.27083349]
0.8506426738806588 2.364994963894434 2.4351329487631777 [ 0.01320506 -0.02938518  0.03177308] [-0.00614399  0.76214557 -0.64737654] [-0.00614399  0.64737654  0.76214557] [-0.64737654  0.76214557  0.00614399]
0.8645054501371614 2.3563358898277125 2.4271448195732708 [ 0.01271939 -0.03152003  0.18216743] [ 0.25209797  0.70796413 -0.65972222] [0.25209797 0.65972222 0.70796413] [-0.65972222  0.70796413 -0.25209797]
0.9388687666594722 2.360227984662943 2.3861207251624954 [-0.01744971  0.01727723  0.20291856] [ 0.71133494  0.22943239 -0.66435185] [0.71133494 0.66435185 0.22943239] [-0.66435185  0.22943239 -0.71133494]
0.8385518491774749 2.390438663946283 2.442189837592649 [ 0.01271939 -0.03152003  0.18216743] [-0.16575174  0.72598382 -0.66743827] [-0.16575174  0.66743827  0.72598382] [-0.66743827  0.72598382  0.16575174]
0.8043527994221372 2.3706614796564764 2.462610541632101 [ 0.01289745 -0.0318427   0.19272726] [ 0.47262638  0.57004302 -0.6720679 ] [0.47262638 0.6720679  0.57004302] [-0.6720679   0.57004302 -0.47262638]
0.870363097359893 2.3616312812887705 2.42380225340161 [-0.01750628  0.02741451  0.20247014] [ 0.7357255  -0.02807906 -0.67669753] [ 0.7357255   0.67669753 -0.02807906] [-0.67669753 -0.02807906 -0.7357255 ]
0.8194864729947079 2.3821262815807565 2.4534894874825794 [ 0.01271939 -0.03152003  0.18216743] [ 0.09193579  0.72762737 -0.67978395] [0.09193579 0.67978395 0.72762737] [-0.67978395  0.72762737 -0.09193579]
0.8565956930552597 2.3573824827358294 2.4316892371674776 [-0.01763453  0.03732282  0.20215727] [ 0.67076872 -0.27438802 -0.68904321] [ 0.67076872  0.68904321 -0.27438802] [-0.68904321 -0.27438802 -0.67076872]
0.8270361415867723 2.3863339249711233 2.448989627285289 [ 0.01289745 -0.0318427   0.19272726] [ 0.33062986  0.64159214 -0.69212963] [0.33062986 0.69212963 0.64159214] [-0.69212963  0.64159214 -0.33062986]
0.9556746271761432 2.377262960559377 2.3582806845792073 [-0.0241486  -0.00290907  0.19955238] [ 0.70593869  0.12718922 -0.69675926] [0.70593869 0.69675926 0.12718922] [-0.69675926  0.12718922 -0.70593869]
0.8588877049176464 2.4136774012514737 2.430368741247199 [ 0.01271939 -0.03152003  0.18216743] [-0.06471223  0.7113567  -0.69984568] [-0.06471223  0.69984568  0.7113567 ] [-0.69984568  0.7113567   0.06471223]
0.8825055201916618 2.358736858435222 2.416934864501812 [ 0.01368319 -0.01216722  0.20728619] [ 0.52180309  0.48107803 -0.70447531] [0.52180309 0.70447531 0.48107803] [-0.70447531  0.48107803 -0.52180309]
0.9198472891761863 2.3564785696829675 2.396327129329948 [-0.00285995  0.0433909   0.206872  ] [ 0.6947118  -0.12060558 -0.70910494] [ 0.6947118   0.70910494 -0.12060558] [-0.70910494 -0.12060558 -0.6947118 ]
0.8713312191835292 2.4232516757490825 2.3717003964031815 [ 0.01289745 -0.0318427   0.19272726] [ 0.18007971  0.67849449 -0.71219136] [0.18007971 0.71219136 0.67849449] [-0.71219136  0.67849449 -0.18007971]
0.8932621232820672 2.410919978458868 2.3751180682022985 [ 0.02276206 -0.00165066  0.20647356] [-0.65719526  0.23763858 -0.71527778] [-0.65719526  0.71527778  0.23763858] [-0.71527778  0.23763858  0.65719526]
0.6203580999021273 2.3789529229368203 2.5847456461998455 [ 0.02324568 -0.01283659  0.2076654 ] [ 0.64365657  0.26809307 -0.71682099] [0.64365657 0.71682099 0.26809307] [-0.71682099  0.26809307 -0.64365657]
0.6328791444304251 2.3626372424804716 2.5757548362584863 [0.02324568 0.01728532 0.20595308] [ 0.60023136 -0.34529888 -0.72145062] [ 0.60023136  0.72145062 -0.34529888] [-0.72145062 -0.34529888 -0.60023136]
0.47618858963833394 2.4254483896528263 2.6955823279364317 [ 0.02346084 -0.02991952  0.20114811] [ 0.39460315  0.56509684 -0.72453704] [0.39460315 0.72453704 0.56509684] [-0.72453704  0.56509684 -0.39460315]
0.8352117702856011 2.4441541617039 2.377304072253734 [0.02324568 0.03736656 0.20603612] [-0.52593589  0.44040384 -0.72762346] [-0.52593589  0.72762346  0.44040384] [-0.72762346  0.44040384  0.52593589]
0.9856472596036978 2.3603046084617727 2.3618299534646074 [-0.00285995  0.0433909   0.206872  ] [ 0.68365831  0.0304515  -0.72916667] [0.68365831 0.72916667 0.0304515 ] [-0.72916667  0.0304515  -0.68365831]
0.927525473134347 2.3921839092446024 2.3801661462469985 [ 0.0241063  -0.00623846  0.20692314] [-0.6719309   0.08823082 -0.73533951] [-0.6719309   0.73533951  0.08823082] [-0.73533951  0.08823082  0.6719309 ]
0.7369235520735489 2.422488862729437 2.5049204797713593 [ 0.02324568 -0.01283659  0.2076654 ] [ 0.55368541  0.38786123 -0.73688272] [0.55368541 0.73688272 0.38786123] [-0.73688272  0.38786123 -0.55368541]
0.5178146927517002 2.3947306620534268 2.662202418942579 [0.02324568 0.01728532 0.20595308] [ 0.63984479 -0.20188632 -0.74151235] [ 0.63984479  0.74151235 -0.20188632] [-0.74151235 -0.20188632 -0.63984479]
0.9605040089280356 2.371696036334839 2.374744947242416 [0.02324568 0.02732594 0.2058658 ] [-0.60662432 -0.28262232 -0.74305556] [-0.60662432  0.74305556 -0.28262232] [-0.74305556 -0.28262232  0.60662432]
0.799833714729247 2.46536045945905 2.366184313076797 [ 0.01289745 -0.0318427   0.19272726] [ 0.25573927  0.61657936 -0.74459877] [0.25573927 0.74459877 0.61657936] [-0.74459877  0.61657936 -0.25573927]
0.9056694507655076 2.404061420442702 2.3929764140421605 [0.01424157 0.02709925 0.20643388] [-0.58879338  0.3070655  -0.74768519] [-0.58879338  0.74768519  0.3070655 ] [-0.74768519  0.3070655   0.58879338]
0.6798508049143455 2.4172455795594026 2.5429253696946086 [ 0.02324568 -0.01283659  0.2076654 ] [ 0.63989498  0.17085439 -0.7492284 ] [0.63989498 0.7492284  0.17085439] [-0.7492284   0.17085439 -0.63989498]
0.7263972465043267 2.3850741446372936 2.5117765638283163 [0.02277304 0.05542582 0.20108319] [ 0.52074685 -0.40065047 -0.75385802] [ 0.52074685  0.75385802 -0.40065047] [-0.75385802 -0.40065047 -0.52074685]
0.840764776325048 2.4408919527584523 2.3748498658806065 [0.02324568 0.01728532 0.20595308] [-0.65284973 -0.05618009 -0.75540123] [-0.65284973  0.75540123 -0.05618009] [-0.75540123 -0.05618009  0.65284973]
0.49166200645516456 2.425354801282852 2.683045007440365 [0.02324568 0.01728532 0.20595308] [ 0.64549943 -0.05775309 -0.76157407] [ 0.64549943  0.76157407 -0.05775309] [-0.76157407 -0.05775309 -0.64549943]
0.9069496213807441 2.403358569438859 2.3839933895560543 [ 0.04332696 -0.02187318  0.20777515] [-0.51353832 -0.39233966 -0.76311728] [-0.51353832  0.76311728 -0.39233966] [-0.76311728 -0.39233966  0.51353832]
0.6820824199481886 2.3828874543743592 2.541400746117563 [0.02352865 0.05825529 0.19284839] [ 0.34398055 -0.5427792  -0.7662037 ] [ 0.34398055  0.7662037  -0.5427792 ] [-0.7662037  -0.5427792  -0.34398055]
0.8367835534113816 2.3609295194522106 2.443228980371068 [ 0.02276206 -0.00165066  0.20647356] [-0.61850214  0.16739109 -0.76774691] [-0.61850214  0.76774691  0.16739109] [-0.76774691  0.16739109  0.61850214]
0.7518158360261069 2.462644660259637 2.4953377687081435 [ 0.02324568 -0.01283659  0.2076654 ] [ 0.56748886  0.29351166 -0.76929012] [0.56748886 0.76929012 0.29351166] [-0.76929012  0.29351166 -0.56748886]
0.6436529458275042 2.442686981923165 2.5680996287442315 [0.02324568 0.01728532 0.20595308] [ 0.57313086 -0.26938678 -0.77391975] [ 0.57313086  0.77391975 -0.26938678] [-0.77391975 -0.26938678 -0.57313086]
0.9303795325633524 2.3906519002808597 2.389137593555863 [ 0.01368319 -0.01216722  0.20728619] [-0.60277209 -0.18794413 -0.77546296] [-0.60277209  0.77546296 -0.18794413] [-0.77546296 -0.18794413  0.60277209]
0.9098834678919266 2.4017511761114516 2.3964454752412427 [0.02324568 0.03736656 0.20603612] [-0.5112215   0.36070503 -0.78009259] [-0.5112215   0.78009259  0.36070503] [-0.78009259  0.36070503  0.5112215 ]
0.7802692022846294 2.458279791276218 2.477406355295081 [ 0.02324568 -0.01283659  0.2076654 ] [ 0.61869817  0.07910785 -0.7816358 ] [0.61869817 0.7816358  0.07910785] [-0.7816358   0.07910785 -0.61869817]
0.749229299748029 2.4268777290804184 2.49699232186577 [0.02277304 0.05542582 0.20108319] [ 0.43510328 -0.43871609 -0.78626543] [ 0.43510328  0.78626543 -0.43871609] [-0.78626543 -0.43871609 -0.43510328]
0.8568500755624391 2.391909436394082 2.4315425322613002 [0.02324568 0.01728532 0.20595308] [-0.61521353  0.02949327 -0.78780864] [-0.61521353  0.78780864  0.02949327] [-0.78780864  0.02949327  0.61521353]
0.8661813623037392 2.3698826310390526 2.426186508779221 [0.02324568 0.02732594 0.2058658 ] [ 0.47204014  0.39255797 -0.78935185] [0.47204014 0.78935185 0.39255797] [-0.78935185  0.39255797 -0.47204014]
0.5777631087119289 2.4702985346160777 2.616091650110838 [0.02324568 0.01728532 0.20595308] [ 0.59289124 -0.13443727 -0.79398148] [ 0.59289124  0.79398148 -0.13443727] [-0.79398148 -0.13443727 -0.59289124]
0.891421349354711 2.3794052738251774 2.4119447521750708 [ 0.04332696 -0.02187318  0.20777515] [-0.5262356  -0.30036071 -0.79552469] [-0.5262356   0.79552469 -0.30036071] [-0.79552469 -0.30036071  0.5262356 ]
0.8525889542661897 2.4285503384277947 2.4340048333027147 [0.02352865 0.05825529 0.19284839] [ 0.25150175 -0.5467789  -0.79861111] [ 0.25150175  0.79861111 -0.5467789 ] [-0.79861111 -0.5467789  -0.25150175]
0.5455747510617224 2.640560640463323 2.425005161161336 [0.01088799 0.00678125 0.20691338] [-0.55290071  0.23249487 -0.80015432] [-0.55290071  0.80015432  0.23249487] [-0.80015432  0.23249487  0.55290071]
0.7358211723589424 2.5056352691050536 2.4592056168243426 [ 0.02324568 -0.01283659  0.2076654 ] [ 0.5627962   0.20134922 -0.80169753] [0.5627962  0.80169753 0.20134922] [-0.80169753  0.20134922 -0.5627962 ]
0.8891234093111078 2.3598664764058848 2.4132266666133253 [0.02277304 0.05542582 0.20108319] [ 0.49695815 -0.32073215 -0.80632716] [ 0.49695815  0.80632716 -0.32073215] [-0.80632716 -0.32073215 -0.49695815]
0.4395139642225211 2.7259003999197358 2.412757817880376 [0.01088799 0.00678125 0.20691338] [-0.58101323 -0.09883871 -0.80787037] [-0.58101323  0.80787037 -0.09883871] [-0.80787037 -0.09883871  0.58101323]
0.6555867025631178 2.49714364414792 2.5597074165658853 [ 0.02346084 -0.02991952  0.20114811] [ 0.36035482  0.46367452 -0.80941358] [0.36035482 0.80941358 0.46367452] [-0.80941358  0.46367452 -0.36035482]
0.7416040763376862 2.5018939726282845 2.4330503638207857 [ 0.02324568 -0.01283659  0.2076654 ] [ 0.58079177 -0.00381796 -0.81404321] [ 0.58079177  0.81404321 -0.00381796] [-0.81404321 -0.00381796 -0.58079177]
0.8432243762583512 2.373114955087746 2.4394527102951518 [0.02324568 0.02732594 0.2058658 ] [-0.56264199  0.10334226 -0.82021605] [-0.56264199  0.82021605  0.10334226] [-0.82021605  0.10334226  0.56264199]
0.9187981049840991 2.3595242029366923 2.396895745342281 [ 0.02324568 -0.01283659  0.2076654 ] [ 0.48280126  0.30267914 -0.82175926] [0.48280126 0.82175926 0.30267914] [-0.82175926  0.30267914 -0.48280126]
0.6968972484274004 2.531359456049548 2.5306525885140267 [0.02324568 0.01728532 0.20595308] [ 0.52765044 -0.19663779 -0.82638889] [ 0.52765044  0.82638889 -0.19663779] [-0.82638889 -0.19663779 -0.52765044]
0.6437039858965141 2.5680635407316097 2.4796200512892757 [ 0.01074406 -0.01623199  0.206449  ] [-0.51979466 -0.21057529 -0.8279321 ] [-0.51979466  0.8279321  -0.21057529] [-0.8279321  -0.21057529  0.51979466]
0.7772380740666814 2.479293196040121 2.40486951087003 [0.02352865 0.05825529 0.19284839] [ 0.16298256 -0.53183165 -0.83101852] [ 0.16298256  0.83101852 -0.53183165] [-0.83101852 -0.53183165 -0.16298256]
0.6659508131683113 2.5524931510896276 2.4011205613750235 [ 0.02324568 -0.01283659  0.2076654 ] [ 0.53950695  0.11489647 -0.83410494] [0.53950695 0.83410494 0.11489647] [-0.83410494  0.11489647 -0.53950695]
0.7111710386851903 2.5218159741622594 2.3963885278654784 [0.02277304 0.05542582 0.20108319] [ 0.41406648 -0.353657   -0.83873457] [ 0.41406648  0.83873457 -0.353657  ] [-0.83873457 -0.353657   -0.41406648]
0.7340591534959948 2.357741443116349 2.506779335465964 [0.02324568 0.03736656 0.20603612] [-0.54182869 -0.01883937 -0.84027778] [-0.54182869  0.84027778 -0.01883937] [-0.84027778 -0.01883937  0.54182869]
0.6076661188332829 2.3743398079003004 2.593962706945344 [ 1.66918778e-02 -7.53496667e-05  2.06521111e-01] [-0.34001623  0.4129412  -0.84490741] [-0.34001623  0.84490741  0.4129412 ] [-0.84490741  0.4129412   0.34001623]
0.646780080143569 2.565891674899204 2.53642869418616 [0.02324568 0.01728532 0.20595308] [ 0.52723384 -0.07447032 -0.84645062] [ 0.52723384  0.84645062 -0.07447032] [-0.84645062 -0.07447032 -0.52723384]
0.6190871277040838 2.585663941487913 2.5171692664052694 [0.01570302 0.00801421 0.20650106] [-0.49675185  0.16208281 -0.85262346] [-0.49675185  0.85262346  0.16208281] [-0.85262346  0.16208281  0.49675185]
0.9123029560055758 2.400429116798978 2.3602625571041314 [ 0.02324568 -0.01283659  0.2076654 ] [ 0.47347428  0.21499166 -0.85416667] [0.47347428 0.85416667 0.21499166] [-0.85416667  0.21499166 -0.47347428]
0.8433579916278241 2.401628142458842 2.439374624710152 [0.02324568 0.01728532 0.20595308] [ 0.4519212  -0.24132168 -0.8587963 ] [ 0.4519212   0.8587963  -0.24132168] [-0.8587963  -0.24132168 -0.4519212 ]
0.6714504915790058 2.4851777998917064 2.5486928259470547 [ 0.01074406 -0.01623199  0.206449  ] [-0.49372874 -0.12668017 -0.86033951] [-0.49372874  0.86033951 -0.12668017] [-0.86033951 -0.12668017  0.49372874]
0.520240985069954 2.66029103444109 2.370322304358087 [0.01424157 0.02709925 0.20643388] [-0.3947261   0.30987046 -0.86496914] [-0.3947261   0.86496914  0.30987046] [-0.86496914  0.30987046  0.3947261 ]
0.5786999496650349 2.6153895556388354 2.5062869112837047 [0.02324568 0.01728532 0.20595308] [ 0.49771153  0.0379419  -0.86651235] [0.49771153 0.86651235 0.0379419 ] [-0.86651235  0.0379419  -0.49771153]
0.794509021654568 2.4686161949049747 2.361060254265603 [ 0.01368319 -0.01216722  0.20728619] [-0.48589292  0.04825597 -0.87268519] [-0.48589292  0.87268519  0.04825597] [-0.87268519  0.04825597  0.48589292]
0.7858646352808654 2.473937808795252 2.4013438926487245 [0.02324568 0.01728532 0.20595308] [ 0.38866261  0.29097437 -0.8742284 ] [0.38866261 0.8742284  0.29097437] [-0.8742284   0.29097437 -0.38866261]
0.8191920610305284 2.4140162448458122 2.4536656431694484 [0.02324568 0.01728532 0.20595308] [ 0.4592781  -0.12912087 -0.87885802] [ 0.4592781   0.87885802 -0.12912087] [-0.87885802 -0.12912087 -0.4592781 ]
0.9090488859164954 2.4022079485241585 2.392927178184567 [ 0.01368319 -0.01216722  0.20728619] [-0.42332973 -0.21374191 -0.88040123] [-0.42332973  0.88040123 -0.21374191] [-0.88040123 -0.21374191  0.42332973]
0.4850742501016671 2.6883641303284236 2.3777086633724633 [0.01424157 0.02709925 0.20643388] [-0.41936138  0.20212966 -0.88503086] [-0.41936138  0.88503086  0.20212966] [-0.88503086  0.20212966  0.41936138]
0.8077990754264714 2.460521582934456 2.4403580390575907 [0.02324568 0.01728532 0.20595308] [ 0.44294007  0.13338106 -0.88657407] [0.44294007 0.88657407 0.13338106] [-0.88657407  0.13338106 -0.44294007]
0.7659240419532962 2.4863851565798 2.370359120035136 [ 1.66918778e-02 -7.53496667e-05  2.06521111e-01] [ 0.36806397 -0.26511294 -0.8912037 ] [ 0.36806397  0.8912037  -0.26511294] [-0.8912037  -0.26511294 -0.36806397]
0.8557372750037494 2.432184567604093 2.397789113082494 [ 0.01368319 -0.01216722  0.20728619] [-0.44745628 -0.05278092 -0.89274691] [-0.44745628  0.89274691 -0.05278092] [-0.89274691 -0.05278092  0.44745628]
0.8020006384992856 2.464040346222914 2.3889502943843532 [ 0.02324568 -0.01283659  0.2076654 ] [ 0.43738523 -0.02524753 -0.89891975] [ 0.43738523  0.89891975 -0.02524753] [-0.89891975 -0.02524753 -0.43738523]
0.8398488816847075 2.441428783136607 2.439697340161925 [ 0.01641806 -0.02046748  0.2071798 ] [-0.33710352 -0.27482298 -0.90046296] [-0.33710352  0.90046296 -0.27482298] [-0.90046296 -0.27482298  0.33710352]
0.827509741761328 2.382926115723154 2.4487084555594167 [ 0.01368319 -0.01216722  0.20728619] [-0.41375045  0.09807123 -0.90509259] [-0.41375045  0.90509259  0.09807123] [-0.90509259  0.09807123  0.41375045]
0.7048125202662008 2.5260514534045724 2.3932348602664817 [0.02324568 0.01728532 0.20595308] [ 0.36845067  0.20556173 -0.9066358 ] [0.36845067 0.9066358  0.20556173] [-0.9066358   0.20556173 -0.36845067]
0.7280971256236044 2.5106647239160083 2.3695868839436196 [0.02324568 0.01728532 0.20595308] [ 0.37804689 -0.16332746 -0.91126543] [ 0.37804689  0.91126543 -0.16332746] [-0.91126543 -0.16332746 -0.37804689]
0.8203894672881574 2.3649589661109154 2.452949515439718 [ 0.01368319 -0.01216722  0.20728619] [-0.38584361 -0.13380992 -0.91280864] [-0.38584361  0.91280864 -0.13380992] [-0.91280864 -0.13380992  0.38584361]
0.6452153699313358 2.5669956725237233 2.3706092595641266 [ 0.01344319 -0.02987192  0.20053358] [ 0.1924738   0.35625065 -0.91435185] [0.1924738  0.91435185 0.35625065] [-0.91435185  0.35625065 -0.1924738 ]
0.6062615617188516 2.5949891260400353 2.4668450696904545 [0.01424157 0.02709925 0.20643388] [-0.33217983  0.21900589 -0.91743827] [-0.33217983  0.91743827  0.21900589] [-0.91743827  0.21900589  0.33217983]
0.720499309535476 2.5156481856120094 2.38493639932554 [0.02324568 0.01728532 0.20595308] [ 0.38934295  0.0623306  -0.91898148] [0.38934295 0.91898148 0.0623306 ] [-0.91898148  0.0623306  -0.38934295]
0.8043679951103213 2.462601315324675 2.4335570340873947 [0.01424157 0.02709925 0.20643388] [-0.37954059  0.00619853 -0.92515432] [-0.37954059  0.92515432  0.00619853] [-0.92515432  0.00619853  0.37954059]
0.6588513672864905 2.5574275219467997 2.3873643222310603 [0.02326684 0.00665033 0.2062519 ] [ 0.35753287 -0.06928178 -0.93132716] [ 0.35753287  0.93132716 -0.06928178] [-0.93132716 -0.06928178 -0.35753287]
0.7632117542769241 2.4105118318196763 2.488096850177692 [ 1.66918778e-02 -7.53496667e-05  2.06521111e-01] [-0.30704756 -0.18834721 -0.93287037] [-0.30704756  0.93287037 -0.18834721] [-0.93287037 -0.18834721  0.30704756]
0.7562061101911027 2.407427014548859 2.4925387982983955 [0.01424157 0.02709925 0.20643388] [-0.3248771   0.12469409 -0.9375    ] [-0.3248771   0.9375      0.12469409] [-0.9375      0.12469409  0.3248771 ]
0.7282083159417009 2.441149552432091 2.5105920603072094 [ 1.66918778e-02 -7.53496667e-05  2.06521111e-01] [-0.31993344 -0.06487848 -0.94521605] [-0.31993344  0.94521605 -0.06487848] [-0.94521605 -0.06487848  0.31993344]
0.9562600590913186 2.3589864597858 2.376957072053985 [0.02277304 0.05542582 0.20108319] [-0.21836916 -0.21032196 -0.9529321 ] [-0.21836916  0.9529321  -0.21032196] [-0.9529321  -0.21032196  0.21836916]
0.8972279847187896 2.379010685618406 2.4087185110236096 [0.02359778 0.04800458 0.2055441 ] [ 0.01864233  0.29770682 -0.95447531] [0.01864233 0.95447531 0.29770682] [-0.95447531  0.29770682 -0.01864233]
0.7551403126366595 2.372789762041307 2.4932172000100823 [0.02277304 0.05542582 0.20108319] [ 0.18422165 -0.22823448 -0.95601852] [ 0.18422165  0.95601852 -0.22823448] [-0.95601852 -0.22823448 -0.18422165]
0.9407963995463076 2.3581047726683178 2.3850971770146927 [0.02359778 0.04800458 0.2055441 ] [-0.03436498  0.22157755 -0.97453704] [-0.03436498  0.97453704  0.22157755] [-0.97453704  0.22157755  0.03436498]
0.8357516654854326 2.443836207780883 2.409254788087449 [0.02277304 0.05542582 0.20108319] [ 0.16969311 -0.13591027 -0.97608025] [ 0.16969311  0.97608025 -0.13591027] [-0.97608025 -0.13591027 -0.16969311]

