0.6476375109501374 2.3966719103346428 2.56528737342087 [-0.0425442 -0.0693996 -0.0108609] [-0.34166627 -0.06601447  0.9375    ] [-0.34166627 -0.9375     -0.06601447] [ 0.9375     -0.06601447  0.34166627]
0.7445496950518824 2.499996221680196 2.4267809216809737 [-0.0425442 -0.0693996 -0.0108609] [-0.26747069 -0.25290559  0.92978395] [-0.26747069 -0.92978395 -0.25290559] [ 0.92978395 -0.25290559  0.26747069]
0.8902139711707011 2.3590330809638385 2.412617927797723 [ 0.106142   0.0792866 -0.0293345] [ 0.37246409 -0.12939683  0.91898148] [ 0.37246409 -0.91898148 -0.12939683] [ 0.91898148 -0.12939683 -0.37246409]
0.7522415307371467 2.495065854371092 2.471617213958829 [-0.0425442 -0.0693996 -0.0108609] [-0.36533457 -0.15759971  0.91743827] [-0.36533457 -0.91743827 -0.15759971] [ 0.91743827 -0.15759971  0.36533457]
0.821184064460991 2.4524747580153123 2.4493489798447854 [-0.0425442 -0.0693996 -0.0108609] [-0.23341195 -0.34340114  0.90972222] [-0.23341195 -0.90972222 -0.34340114] [ 0.90972222 -0.34340114  0.23341195]
0.6500234922648455 2.5636082648129177 2.382160647301492 [-0.0425442 -0.0693996 -0.0108609] [-0.35819306 -0.25770734  0.89737654] [-0.35819306 -0.89737654 -0.25770734] [ 0.89737654 -0.25770734  0.35819306]
0.7233920368414922 2.513746583433565 2.3999348840384878 [-0.0425442 -0.0693996 -0.0108609] [-0.16961291 -0.42395244  0.88966049] [-0.16961291 -0.88966049 -0.42395244] [ 0.88966049 -0.42395244  0.16961291]
0.8159612340092895 2.4139900526333458 2.4556020894015935 [ 0.106142   0.0792866 -0.0293345] [ 0.19859171 -0.46660424  0.86188272] [ 0.19859171 -0.86188272 -0.46660424] [ 0.86188272 -0.46660424 -0.19859171]
0.6951789108110699 2.532516999719197 2.4194706301402973 [ 0.106142   0.0792866 -0.0293345] [ 0.31308691 -0.4396749   0.84182099] [ 0.31308691 -0.84182099 -0.4396749 ] [ 0.84182099 -0.4396749  -0.31308691]
0.5506390736448474 2.6158616163198865 2.636666269931432 [-0.0425442 -0.0693996 -0.0108609] [-0.16053175 -0.52281946  0.83719136] [-0.16053175 -0.83719136 -0.52281946] [ 0.83719136 -0.52281946  0.16053175]
0.83274906449264 2.4274822015828725 2.4456066372966916 [-0.0425442 -0.0693996 -0.0108609] [ 0.14825011 -0.53850963  0.82947531] [ 0.14825011 -0.82947531 -0.53850963] [ 0.82947531 -0.53850963 -0.14825011]
0.725460563252285 2.4688925230929515 2.512389988824805 [ 0.106142   0.0792866 -0.0293345] [ 0.2738001  -0.5195028   0.80941358] [ 0.2738001  -0.80941358 -0.5195028 ] [ 0.80941358 -0.5195028  -0.2738001 ]
0.3841333702041524 2.6727305226430835 2.7732461331336733 [-0.0425442 -0.0693996 -0.0108609] [-0.24833504 -0.53912197  0.80478395] [-0.24833504 -0.80478395 -0.53912197] [ 0.80478395 -0.53912197  0.24833504]
0.7626751883176609 2.4129380765706965 2.4884360018221674 [-0.0425442 -0.0693996 -0.0108609] [ 0.08121605 -0.59840347  0.7970679 ] [ 0.08121605 -0.7970679  -0.59840347] [ 0.7970679  -0.59840347 -0.08121605]
0.5962087191420925 2.6023728695815986 2.4403042598060987 [ 0.106142   0.0792866 -0.0293345] [ 0.39619284 -0.46899348  0.78935185] [ 0.39619284 -0.78935185 -0.46899348] [ 0.78935185 -0.46899348 -0.39619284]
0.6082388978940183 2.5935444998433907 2.536078710897704 [-0.0425442 -0.0693996 -0.0108609] [-0.13239606 -0.60554299  0.78472222] [-0.13239606 -0.78472222 -0.60554299] [ 0.78472222 -0.60554299  0.13239606]
0.5977071713363912 2.3874036728751635 2.6012681086454372 [ 0.106142   0.0792866 -0.0293345] [ 0.21662121 -0.59104709  0.77700617] [ 0.21662121 -0.77700617 -0.59104709] [ 0.77700617 -0.59104709 -0.21662121]
0.8011028862963498 2.372194347096245 2.464586927835015 [-0.0425442 -0.0693996 -0.0108609] [ 7.42135451e-04 -6.44432912e-01  7.64660494e-01] [ 7.42135451e-04 -7.64660494e-01 -6.44432912e-01] [ 7.64660494e-01 -6.44432912e-01 -7.42135451e-04]
0.6861799959194849 2.5253828993003915 2.538609548616321 [ 0.106142   0.0792866 -0.0293345] [ 0.35137537 -0.55097228  0.75694444] [ 0.35137537 -0.75694444 -0.55097228] [ 0.75694444 -0.55097228 -0.35137537]
0.9465484413975819 2.382054598011223 2.3678285018228475 [ 0.05525384 -0.01277746  0.03355174] [-0.63299238  0.16938012  0.75540123] [-0.63299238 -0.75540123  0.16938012] [0.75540123 0.16938012 0.63299238]
0.19621808639263666 2.5680831020947847 2.94624352616413 [ 0.0317989   0.00494349 -0.0711706 ] [-0.22528235 -0.61908827  0.75231481] [-0.22528235 -0.75231481 -0.61908827] [ 0.75231481 -0.61908827  0.22528235]
0.7346718885807276 2.5063812727178125 2.3940567480687784 [-0.0425442 -0.0693996 -0.0108609] [ 0.14407855 -0.65177761  0.74459877] [ 0.14407855 -0.74459877 -0.65177761] [ 0.74459877 -0.65177761 -0.14407855]
0.4953294304034707 2.6800958228065803 2.5873760158814196 [-0.0425442 -0.0693996 -0.0108609] [-0.09003631 -0.67505472  0.73225309] [-0.09003631 -0.73225309 -0.67505472] [ 0.73225309 -0.67505472  0.09003631]
0.6315413638319693 2.4337310554966884 2.576710605610767 [ 0.106142   0.0792866 -0.0293345] [ 0.2898014  -0.62534889  0.72453704] [ 0.2898014  -0.72453704 -0.62534889] [ 0.72453704 -0.62534889 -0.2898014 ]
0.8286294889449047 2.3659123411009113 2.4480441928198178 [ 0.05525384 -0.01277746  0.03355174] [-0.63760149  0.26597794  0.72299383] [-0.63760149 -0.72299383  0.26597794] [0.72299383 0.26597794 0.63760149]
0.8116107699454526 2.458219308620328 2.3740638728063033 [-0.0425442 -0.0693996 -0.0108609] [ 0.0587651  -0.69952136  0.71219136] [ 0.0587651  -0.71219136 -0.69952136] [ 0.71219136 -0.69952136 -0.0587651 ]
0.7815826099948963 2.4765904956628177 2.401511765171888 [ 0.05525384 -0.01277746  0.03355174] [-0.69991777  0.12649737  0.7029321 ] [-0.69991777 -0.7029321   0.12649737] [0.7029321  0.12649737 0.69991777]
0.40928212525135477 2.75151748993455 2.495307405792083 [-0.0425442 -0.0693996 -0.0108609] [-0.03660742 -0.73249824  0.67978395] [-0.03660742 -0.67978395 -0.73249824] [ 0.67978395 -0.73249824  0.03660742]
0.7576625050359951 2.4599727583451774 2.4916128977039675 [ 0.05525384 -0.01277746  0.03355174] [-0.70594537  0.22811789  0.67052469] [-0.70594537 -0.67052469  0.22811789] [0.67052469 0.22811789 0.70594537]
0.6755980440312033 2.5458395968759278 2.4766980910476324 [-0.0425442 -0.0693996 -0.0108609] [ 0.12452676 -0.74112055  0.65972222] [ 0.12452676 -0.65972222 -0.74112055] [ 0.65972222 -0.74112055 -0.12452676]
0.6456837814092468 2.566665014769576 2.413890753167461 [ 0.05525384 -0.01277746  0.03355174] [-0.75603033  0.07291141  0.65046296] [-0.75603033 -0.65046296  0.07291141] [0.65046296 0.07291141 0.75603033]
0.9354483025019322 2.38730861078873 2.387941801349938 [-0.0163779  0.0421151 -0.0476139] [ 0.73682494 -0.20488836  0.64429012] [ 0.73682494 -0.64429012 -0.20488836] [ 0.64429012 -0.20488836 -0.73682494]
0.6410178265668666 2.417045759937264 2.569965074899542 [ 0.05525384 -0.01277746  0.03355174] [-0.6945264   0.33232425  0.63811728] [-0.6945264  -0.63811728  0.33232425] [0.63811728 0.33232425 0.6945264 ]
0.8328711954458374 2.445534522912498 2.406470478491544 [-0.0425442 -0.0693996 -0.0108609] [ 0.02548026 -0.77834882  0.62731481] [ 0.02548026 -0.62731481 -0.77834882] [ 0.62731481 -0.77834882 -0.02548026]
0.6652785876216082 2.552958990003368 2.5145147295342705 [ 0.05525384 -0.01277746  0.03355174] [-0.76545277  0.17913512  0.61805556] [-0.76545277 -0.61805556  0.17913512] [0.61805556 0.17913512 0.76545277]
0.7363678345066396 2.3711130489326293 2.5052807161798394 [-0.0163779  0.0421151 -0.0476139] [ 0.72697427 -0.3116215   0.61188272] [ 0.72697427 -0.61188272 -0.3116215 ] [ 0.61188272 -0.3116215  -0.72697427]
0.5528539778204832 2.634968276225994 2.380573017451761 [-0.0425442 -0.0693996 -0.0108609] [ 0.19589408 -0.76998     0.60725309] [ 0.19589408 -0.60725309 -0.76998   ] [ 0.60725309 -0.76998    -0.19589408]
0.3189504795866314 2.8312493776003067 2.4876362357652377 [-0.0425442 -0.0693996 -0.0108609] [ 0.58280814 -0.54853443  0.59953704] [ 0.58280814 -0.59953704 -0.54853443] [ 0.59953704 -0.54853443 -0.58280814]
0.5323542394058828 2.6508052539798173 2.406052079741979 [ 0.05525384 -0.01277746  0.03355174] [-0.80142785  0.01080653  0.59799383] [-0.80142785 -0.59799383  0.01080653] [0.59799383 0.01080653 0.80142785]
0.5903226279444568 2.509632996188679 2.6067266031301575 [ 0.05525384 -0.01277746  0.03355174] [-0.75756314  0.28829557  0.58564815] [-0.75756314 -0.58564815  0.28829557] [0.58564815 0.28829557 0.75756314]
0.26281263705434676 2.882999208891044 2.3713636962414046 [-0.0425442 -0.0693996 -0.0108609] [ 0.51913223 -0.63942608  0.56712963] [ 0.51913223 -0.56712963 -0.63942608] [ 0.56712963 -0.63942608 -0.51913223]
0.5408747692142637 2.644189708605545 2.5162096454241616 [ 0.05525384 -0.01277746  0.03355174] [-0.81576707  0.12097968  0.56558642] [-0.81576707 -0.56558642  0.12097968] [0.56558642 0.12097968 0.81576707]
0.8050915959311337 2.4621621278978627 2.4237046258534445 [-0.0163779  0.0421151 -0.0476139] [ 0.78620776 -0.26255247  0.55941358] [ 0.78620776 -0.55941358 -0.26255247] [ 0.55941358 -0.26255247 -0.78620776]
0.491926512516007 2.4032196284104685 2.682832015862304 [ 0.05525384 -0.01277746  0.03355174] [-0.73208948  0.39745398  0.55324074] [-0.73208948 -0.55324074  0.39745398] [0.55324074 0.39745398 0.73208948]
0.29196553081796617 2.85593047972186 2.570586635833799 [-0.0425442 -0.0693996 -0.0108609] [ 0.65485053 -0.52142832  0.5470679 ] [ 0.65485053 -0.5470679  -0.52142832] [ 0.5470679  -0.52142832 -0.65485053]
0.5703164910000061 2.602877257643176 2.6216926249087513 [ 0.05525384 -0.01277746  0.03355174] [-0.81282715  0.23458937  0.53317901] [-0.81282715 -0.53317901  0.23458937] [0.53317901 0.23458937 0.81282715]
0.7170475407246695 2.4238940890230696 2.517924124840301 [-0.0163779  0.0421151 -0.0476139] [ 0.76300523 -0.37428266  0.52700617] [ 0.76300523 -0.52700617 -0.37428266] [ 0.52700617 -0.37428266 -0.76300523]
0.2012971922497723 2.941357451630279 2.460792531409137 [-0.0425442 -0.0693996 -0.0108609] [ 0.59352807 -0.61874793  0.51466049] [ 0.59352807 -0.51466049 -0.61874793] [ 0.51466049 -0.61874793 -0.59352807]
0.43194316557406154 2.732263158214871 2.4976904966746605 [ 0.05525384 -0.01277746  0.03355174] [-0.85652987  0.05538266  0.51311728] [-0.85652987 -0.51311728  0.05538266] [0.51311728 0.05538266 0.85652987]
0.45102766880918804 2.5330939712093667 2.7162917923735947 [ 0.05525384 -0.01277746  0.03355174] [-0.79220379  0.34877063  0.5007716 ] [-0.79220379 -0.5007716   0.34877063] [0.5007716  0.34877063 0.79220379]
0.4309863849785901 2.733069777118277 2.381119661572154 [ 0.106142   0.0421151 -0.0246004] [-0.41755027 -0.76023762  0.49768519] [-0.41755027 -0.49768519 -0.76023762] [ 0.49768519 -0.76023762  0.41755027]
0.5650598880150259 2.3620543920846138 2.625668063533401 [-0.00537264  0.0560308  -0.0476139 ] [ 0.72228778 -0.48339675  0.49459877] [ 0.72228778 -0.49459877 -0.48339675] [ 0.49459877 -0.48339675 -0.72228778]
0.17427952589608492 2.967453484196525 2.366007274902929 [-0.0425442 -0.0693996 -0.0108609] [ 0.51671258 -0.70741789  0.48225309] [ 0.51671258 -0.48225309 -0.70741789] [ 0.48225309 -0.70741789 -0.51671258]
0.4752397522538834 2.696356065435923 2.6139246687781403 [ 0.05525384 -0.01277746  0.03355174] [-0.85969284  0.17276062  0.48070988] [-0.85969284 -0.48070988  0.17276062] [0.48070988 0.17276062 0.85969284]
0.7187571737976879 2.5167959399024715 2.429157776853801 [-0.0163779  0.0421151 -0.0476139] [ 0.81958396 -0.32108681  0.47453704] [ 0.81958396 -0.47453704 -0.32108681] [ 0.47453704 -0.32108681 -0.81958396]
0.36675767157830574 2.441981709726311 2.7884749885515516 [ 0.05525384 -0.01277746  0.03355174] [-0.75394379  0.46065577  0.4683642 ] [-0.75394379 -0.4683642   0.46065577] [0.4683642  0.46065577 0.75394379]
0.1826726826457505 2.9593194679741743 2.4880519113814454 [-0.0425442 -0.0693996 -0.0108609] [ 0.6646125  -0.58708549  0.46219136] [ 0.6646125  -0.46219136 -0.58708549] [ 0.46219136 -0.58708549 -0.6646125 ]
0.33771924336650505 2.814307333945081 2.4614149662760174 [ 0.05525384 -0.01277746  0.03355174] [-0.88743761 -0.01605525  0.46064815] [-0.88743761 -0.46064815 -0.01605525] [ 0.46064815 -0.01605525  0.88743761]
0.4407663604782537 2.6260629918679235 2.724851248795659 [ 0.05525384 -0.01277746  0.03355174] [-0.84505161  0.2913978   0.44830247] [-0.84505161 -0.44830247  0.2913978 ] [0.44830247 0.2913978  0.84505161]
0.49504482288209467 2.680324384619187 2.4024301542846747 [ 0.106142   0.0421151 -0.0246004] [-0.36478919 -0.81774783  0.44521605] [-0.36478919 -0.44521605 -0.81774783] [ 0.44521605 -0.81774783  0.36478919]
0.6956343255324211 2.4561069508172277 2.5322100317489062 [-0.00537264  0.0560308  -0.0476139 ] [ 0.78406042 -0.43562673  0.44212963] [ 0.78406042 -0.44212963 -0.43562673] [ 0.44212963 -0.43562673 -0.78406042]
0.09708978222015818 3.0432135737581754 2.461645654959558 [-0.0425442 -0.0693996 -0.0108609] [ 0.59096211 -0.68267821  0.42978395] [ 0.59096211 -0.42978395 -0.68267821] [ 0.42978395 -0.68267821 -0.59096211]
0.36573455079843287 2.7893771030646186 2.5850307883282606 [ 0.05525384 -0.01277746  0.03355174] [-0.89762761  0.10428108  0.42824074] [-0.89762761 -0.42824074  0.10428108] [0.42824074 0.10428108 0.89762761]
0.3291091763525734 2.5361902420036735 2.822055992359185 [ 0.05525384 -0.01277746  0.03355174] [-0.81252383  0.40845602  0.41589506] [-0.81252383 -0.41589506  0.40845602] [0.41589506 0.40845602 0.81252383]
0.557746857815848 2.6312285677546208 2.4864964529656275 [ 0.106142   0.0421151 -0.0246004] [-0.47866601 -0.77489862  0.41280864] [-0.47866601 -0.41280864 -0.77489862] [ 0.41280864 -0.77489862  0.47866601]
0.5886820315339681 2.374422044513917 2.6079441026444807 [-0.00537264  0.0560308  -0.0476139 ] [ 0.73120008 -0.54541191  0.40972222] [ 0.73120008 -0.40972222 -0.54541191] [ 0.40972222 -0.54541191 -0.73120008]
0.4981956854665688 2.6777968841499833 2.357917317602405 [ 0.106142   0.0421151 -0.0246004] [-0.71975776 -0.56707864  0.40046296] [-0.71975776 -0.40046296 -0.56707864] [ 0.40046296 -0.56707864  0.71975776]
0.44633882911581657 2.7201948743004434 2.7075084962539573 [ 0.05525384 -0.01277746  0.03355174] [-0.88990988  0.22666359  0.39583333] [-0.88990988 -0.39583333  0.22666359] [0.39583333 0.22666359 0.88990988]
0.5077510212727221 2.382099949906011 2.670170818363161 [-0.0425442 -0.0693996 -0.0108609] [ 0.83922781 -0.37929063  0.38966049] [ 0.83922781 -0.38966049 -0.37929063] [ 0.38966049 -0.37929063 -0.83922781]
0.6743267788411 2.5467129739734915 2.3821185984677378 [ 0.106142   0.0421151 -0.0246004] [-0.87564654 -0.28741628  0.38811728] [-0.87564654 -0.38811728 -0.28741628] [ 0.38811728 -0.28741628  0.87564654]
0.25923377808685333 2.3882072668066954 2.8863497803262264 [ 0.04558493 -0.0120935   0.0225828 ] [-0.76246951  0.52113095  0.38348765] [-0.76246951 -0.38348765  0.52113095] [0.38348765 0.52113095 0.76246951]
0.4466039255219066 2.719973838449796 2.3823342113739505 [ 0.106142   0.0421151 -0.0246004] [-0.58660408 -0.71497591  0.38040123] [-0.58660408 -0.38040123 -0.71497591] [ 0.38040123 -0.71497591  0.58660408]
0.2655021984671191 2.880485082200151 2.538530982154212 [ 0.05525384 -0.01277746  0.03355174] [-0.92620787  0.03057268  0.3757716 ] [-0.92620787 -0.3757716   0.03057268] [0.3757716  0.03057268 0.92620787]
0.893893976837072 2.4105686523636454 2.3574596068823874 [ 0.106142   0.0278852 -0.0476139] [-0.80056379 -0.47289822  0.36805556] [-0.80056379 -0.36805556 -0.47289822] [ 0.36805556 -0.47289822  0.80056379]
0.32606112525042985 2.4538008685034227 2.8248086489832653 [ 0.05525384 -0.01277746  0.03355174] [-0.86407389  0.3482785   0.36342593] [-0.86407389 -0.36342593  0.3482785 ] [0.36342593 0.3482785  0.86407389]
0.7245410199152263 2.4687375806172502 2.512992720597884 [-0.00537264  0.0560308  -0.0476139 ] [ 0.79222393 -0.49472364  0.35725309] [ 0.79222393 -0.35725309 -0.49472364] [ 0.35725309 -0.49472364 -0.79222393]
0.7434786551385959 2.5006856330615452 2.4160822133666597 [ 0.106142   0.0421151 -0.0246004] [-0.91892122 -0.17045314  0.35570988] [-0.91892122 -0.35570988 -0.17045314] [ 0.35570988 -0.17045314  0.91892122]
0.5255896819603024 2.6560908415744775 2.4222416126725217 [ 0.106142   0.0421151 -0.0246004] [-0.68597992 -0.63900848  0.34799383] [-0.68597992 -0.34799383 -0.63900848] [ 0.34799383 -0.63900848  0.68597992]
0.5111595355177204 2.556593419591935 2.667464670787137 [ 0.05525384 -0.01277746  0.03355174] [-0.92617631  0.15587965  0.3433642 ] [-0.92617631 -0.3433642   0.15587965] [0.3433642  0.15587965 0.92617631]
0.3988349408511326 2.403909196961423 2.7604983875435893 [-0.0425442 -0.0693996 -0.0108609] [ 0.88697145 -0.31556876  0.33719136] [ 0.88697145 -0.33719136 -0.31556876] [ 0.33719136 -0.31556876 -0.88697145]
0.6299906082259004 2.577819979425821 2.4266285518311497 [ 0.106142   0.0421151 -0.0246004] [-0.8676966  -0.36666461  0.33564815] [-0.8676966  -0.33564815 -0.36666461] [ 0.33564815 -0.36666461  0.8676966 ]
0.21834091878731024 2.4760254106754793 2.925032733589818 [ 0.05525384 -0.01277746  0.03355174] [-0.82034863  0.46632056  0.33101852] [-0.82034863 -0.33101852  0.46632056] [0.33101852 0.46632056 0.82034863]
0.6154143400430215 2.3698531056086134 2.5883234578121352 [-0.00537264  0.0560308  -0.0476139 ] [ 0.72823366 -0.60344927  0.32484568] [ 0.72823366 -0.32484568 -0.60344927] [ 0.32484568 -0.60344927 -0.72823366]
0.304538870177871 2.8443843238504867 2.4785080762870324 [ 0.05525384 -0.01277746  0.03355174] [-0.94512895 -0.0469763   0.32330247] [-0.94512895 -0.32330247 -0.0469763 ] [ 0.32330247 -0.0469763   0.94512895]
0.9100085049042064 2.4016827751835543 2.375324589280062 [ 0.106142   0.0278852 -0.0476139] [-0.77436679 -0.54841707  0.31558642] [-0.77436679 -0.31558642 -0.54841707] [ 0.31558642 -0.54841707  0.77436679]
0.35804036886170443 2.5415368420319413 2.79618030272099 [ 0.05525384 -0.01277746  0.03355174] [-0.90783783  0.28131184  0.31095679] [-0.90783783 -0.31095679  0.28131184] [0.31095679 0.28131184 0.90783783]
0.5368136113633138 2.384315746583924 2.64733703125711 [-0.06953175 -0.08519838  0.01001314] [0.85989009 0.40602003 0.30941358] [ 0.85989009 -0.30941358  0.40602003] [ 0.30941358  0.40602003 -0.85989009]
0.7599335975943992 2.4901716427088534 2.4749537371554977 [ 0.106142   0.0421151 -0.0246004] [-0.91938325 -0.25055837  0.30324074] [-0.91938325 -0.30324074 -0.25055837] [ 0.30324074 -0.25055837  0.91938325]
0.8497343650778018 2.3658440400008476 2.4356601707329686 [ 0.143314   0.0792866 -0.019641 ] [-0.95337488  0.08035174  0.29089506] [-0.95337488 -0.29089506  0.08035174] [0.29089506 0.08035174 0.95337488]
0.6332145656449449 2.575515377670606 2.45847922885986 [ 0.106142   0.0421151 -0.0246004] [-0.84959031 -0.44497859  0.28317901] [-0.84959031 -0.28317901 -0.44497859] [ 0.28317901 -0.44497859  0.84959031]
0.7499578322789436 2.496525879094434 2.4027798936661338 [ 0.05525384 -0.01277746  0.03355174] [-0.8712882   0.40406325  0.27854938] [-0.8712882  -0.27854938  0.40406325] [0.27854938 0.40406325 0.8712882 ]
0.580986017048023 2.613678706373247 2.4975193099787223 [ 0.106142   0.0421151 -0.0246004] [-0.95421119 -0.12700515  0.27083333] [-0.95421119 -0.27083333 -0.12700515] [ 0.27083333 -0.12700515  0.95421119]
0.6957430552477074 2.532136762895195 2.379740150219083 [ 0.106142   0.0278852 -0.0476139] [-0.73858999 -0.62068843  0.26311728] [-0.73858999 -0.26311728 -0.62068843] [ 0.26311728 -0.62068843  0.73858999]
0.5656156889886773 2.625246876732189 2.3770514019546107 [ 0.05525384 -0.01277746  0.03355174] [-0.9431868   0.2087649   0.25848765] [-0.9431868  -0.25848765  0.2087649 ] [0.25848765 0.2087649  0.9431868 ]
0.4666127454294821 2.4045478473355044 2.703417119489583 [-0.05856803 -0.09545197  0.01982124] [0.83685169 0.48338267 0.25694444] [ 0.83685169 -0.25694444  0.48338267] [ 0.25694444  0.48338267 -0.83685169]
0.709757041440091 2.477336564161008 2.522755657630222 [ 0.106142   0.0421151 -0.0246004] [-0.90977827 -0.33078257  0.2507716 ] [-0.90977827 -0.2507716  -0.33078257] [ 0.2507716  -0.33078257  0.90977827]
0.11503740754009624 2.4625874623114328 3.025466054106731 [ 0.04558493 -0.0120935   0.0225828 ] [-0.8170548   0.52137854  0.24614198] [-0.8170548  -0.24614198  0.52137854] [0.24614198 0.52137854 0.8170548 ]
0.48093593372914173 2.6917196282710067 2.491561804679354 [ 0.106142   0.0421151 -0.0246004] [-0.9711597   0.00138242  0.23842593] [-0.9711597  -0.23842593  0.00138242] [0.23842593 0.00138242 0.9711597 ]
0.7820165400003379 2.439399142564518 2.4763211764228403 [ 0.106142   0.0278852 -0.0476139] [-0.82173553 -0.52107933  0.23070988] [-0.82173553 -0.23070988 -0.52107933] [ 0.23070988 -0.52107933  0.82173553]
0.6144842794254293 2.5889983132945042 2.4453381451663483 [ 0.05525384 -0.01277746  0.03355174] [-0.91452444  0.33545904  0.22608025] [-0.91452444 -0.22608025  0.33545904] [0.22608025 0.33545904 0.91452444]
0.3654745685109006 2.4832683355749565 2.7896064317449234 [-0.05856803 -0.09545197  0.01982124] [0.90127126 0.37053102 0.22453704] [ 0.90127126 -0.22453704  0.37053102] [ 0.22453704  0.37053102 -0.90127126]
0.6263632990845218 2.580420935377338 2.561664683440288 [ 0.106142   0.0421151 -0.0246004] [-0.9534033  -0.20818075  0.2183642 ] [-0.9534033  -0.2183642  -0.20818075] [ 0.2183642  -0.20818075  0.9534033 ]
0.7225308134580669 2.5143121830539426 2.371008462155015 [ 0.106142   0.0278852 -0.0476139] [-0.69390551 -0.68856553  0.21064815] [-0.69390551 -0.21064815 -0.68856553] [ 0.21064815 -0.68856553  0.69390551]
0.4676581300039317 2.7025589917301183 2.3933053984686357 [ 0.05525384 -0.01277746  0.03355174] [-0.96962236  0.1318668   0.20601852] [-0.96962236 -0.20601852  0.1318668 ] [0.20601852 0.1318668  0.96962236]
0.18735943947981745 2.411525348173341 2.9547878402273593 [-0.05002324 -0.104363    0.01989982] [0.80431001 0.55792047 0.20447531] [ 0.80431001 -0.20447531  0.55792047] [ 0.20447531  0.55792047 -0.80431001]
0.6592481888151609 2.47497032670773 2.5571508652958306 [ 0.106142   0.0421151 -0.0246004] [-0.89034747 -0.4098262   0.19830247] [-0.89034747 -0.19830247 -0.4098262 ] [ 0.19830247 -0.4098262   0.89034747]
0.1299362854866873 2.5530101102035387 3.010787652095237 [ 0.04558493 -0.0120935   0.0225828 ] [-0.86777883  0.45765788  0.19367284] [-0.86777883 -0.19367284  0.45765788] [0.19367284 0.45765788 0.86777883]
0.4309566175296662 2.5413714952264073 2.733094881726727 [-0.05856803 -0.09545197  0.01982124] [0.94931003 0.24879041 0.19212963] [ 0.94931003 -0.19212963  0.24879041] [ 0.19212963  0.24879041 -0.94931003]
0.8479902350202085 2.3581694174041097 2.436673865650895 [-0.0425442  -0.00781095 -0.0476139 ] [ 0.77574424 -0.60254845  0.1875    ] [ 0.77574424 -0.1875     -0.60254845] [ 0.1875     -0.60254845 -0.77574424]
0.7768849701039311 2.4320084866695617 2.4795133597425005 [ 0.106142   0.0278852 -0.0476139] [-0.78465006 -0.59376302  0.17824074] [-0.78465006 -0.17824074 -0.59376302] [ 0.17824074 -0.59376302  0.78465006]
0.4963486248996626 2.6792777553878464 2.4757787593755647 [ 0.05525384 -0.01277746  0.03355174] [-0.94942001  0.26165021  0.17361111] [-0.94942001 -0.17361111  0.26165021] [0.17361111 0.26165021 0.94942001]
0.43265066921433215 2.5044813189762976 2.731667054768333 [-0.05856803 -0.09545197  0.01982124] [0.87705605 0.44851458 0.1720679 ] [ 0.87705605 -0.1720679   0.44851458] [ 0.1720679   0.44851458 -0.87705605]
0.5794975753139553 2.552546425013776 2.6147922422472307 [ 0.106142   0.0421151 -0.0246004] [-0.94278385 -0.28920139  0.16589506] [-0.94278385 -0.16589506 -0.28920139] [ 0.16589506 -0.28920139  0.94278385]
0.4404606256301032 2.572511258882998 2.725107278058039 [-0.0643003  -0.08043497  0.02167063] [0.97975658 0.12068911 0.15972222] [ 0.97975658 -0.15972222  0.12068911] [ 0.15972222  0.12068911 -0.97975658]
0.189341124179768 2.405400490333773 2.952874049383942 [-0.05002324 -0.104363    0.01989982] [0.76283728 0.6284691  0.15200617] [ 0.76283728 -0.15200617  0.6284691 ] [ 0.15200617  0.6284691  -0.76283728]
0.6323576789755445 2.4632450407447566 2.576127256770662 [ 0.106142   0.0421151 -0.0246004] [-0.86145361 -0.48644662  0.14583333] [-0.86145361 -0.14583333 -0.48644662] [ 0.14583333 -0.48644662  0.86145361]
0.5730815338117892 2.619608693695648 2.539086171401523 [ 0.05525384 -0.01277746  0.03355174] [-0.91080395  0.3879403   0.1412037 ] [-0.91080395 -0.1412037   0.3879403 ] [0.1412037  0.3879403  0.91080395]
0.4717274389621244 2.579900745208994 2.699225164127248 [-0.05856803 -0.09545197  0.01982124] [0.93385483 0.3292569  0.13966049] [ 0.93385483 -0.13966049  0.3292569 ] [ 0.13966049  0.3292569  -0.93385483]
0.8077477527773997 2.4058916799140695 2.4605526405530056 [-0.01107787 -0.1075665   0.02043379] [-0.72368687  0.67799183  0.12885802] [-0.72368687 -0.12885802  0.67799183] [0.12885802 0.67799183 0.72368687]
0.9638863800115395 2.3634091833330757 2.3729886183305435 [0.154761  0.0607008 0.0174363] [-0.97546719  0.18381618  0.12114198] [-0.97546719 -0.12114198  0.18381618] [0.12114198 0.18381618 0.97546719]
0.29015189952204173 2.5111124933426052 2.85760246792804 [-0.05002324 -0.104363    0.01989982] [0.84360418 0.52347695 0.11959877] [ 0.84360418 -0.11959877  0.52347695] [ 0.11959877  0.52347695 -0.84360418]
0.30497301178147707 2.3587277773550768 2.8439870770205005 [-0.06294761 -0.0028533   0.01109052] [ 0.92922472 -0.35117448  0.11496914] [ 0.92922472 -0.11496914 -0.35117448] [ 0.11496914 -0.35117448 -0.92922472]
0.5036642989955329 2.6300253500124797 2.673425250542245 [-0.0643003  -0.08043497  0.02167063] [0.97336806 0.20261145 0.10725309] [ 0.97336806 -0.10725309  0.20261145] [ 0.10725309  0.20261145 -0.97336806]
0.8697903967383623 2.4241282008653675 2.4061304609184435 [-0.0425442  -0.00781095 -0.0476139 ] [ 0.75339756 -0.64950793  0.10262346] [ 0.75339756 -0.10262346 -0.64950793] [ 0.10262346 -0.64950793 -0.75339756]
0.2359313800047091 2.3870422021362625 2.9083055864554606 [-0.05002324 -0.104363    0.01989982] [0.71311205 0.69394782 0.09953704] [ 0.71311205 -0.09953704  0.69394782] [ 0.09953704  0.69394782 -0.71311205]
0.6343644358824214 2.5746950315431794 2.5728409757549384 [ 0.04920547 -0.01518787  0.02962555] [-0.94549086  0.31332606  0.08873457] [-0.94549086 -0.08873457  0.31332606] [0.08873457 0.31332606 0.94549086]
0.18930482323658793 2.6033513374167776 2.9529090942088576 [-0.05068857 -0.09639975  0.02923872] [0.90894858 0.40768878 0.08719136] [ 0.90894858 -0.08719136  0.40768878] [ 0.08719136  0.40768878 -0.90894858]
0.2483041102948108 2.379110594458784 2.8966181041664774 [-0.05861048  0.00155374  0.00996317] [ 0.87692878 -0.47347594  0.08256173] [ 0.87692878 -0.08256173 -0.47347594] [ 0.08256173 -0.47347594 -0.87692878]
0.7669653067684997 2.485729215867948 2.3842480071359713 [-0.0119128  -0.10355688  0.02818565] [-0.78143835  0.61928899  0.07638889] [-0.78143835 -0.07638889  0.61928899] [0.07638889 0.61928899 0.78143835]
0.8699167797525459 2.396625786438544 2.4240562551989475 [-0.0425442  -0.00781095 -0.0476139 ] [ 0.66192498 -0.7462741   0.07021605] [ 0.66192498 -0.07021605 -0.7462741 ] [ 0.07021605 -0.7462741  -0.66192498]
0.30797183809535805 2.8412457336805765 2.420825253456586 [0.14155755 0.04305551 0.03002071] [-0.99229064  0.10316651  0.06867284] [-0.99229064 -0.06867284  0.10316651] [0.06867284 0.10316651 0.99229064]
0.29271481688195833 2.5032455171508365 2.855240187933349 [-0.05002324 -0.104363    0.01989982] [0.80145658 0.59427348 0.06712963] [ 0.80145658 -0.06712963  0.59427348] [ 0.06712963  0.59427348 -0.80145658]
0.5464447764917029 2.639890424334254 2.397662400685409 [0.157307   0.0607008  0.00814342] [-0.89738453  0.43763941  0.05632716] [-0.89738453 -0.05632716  0.43763941] [0.05632716 0.43763941 0.89738453]
0.5027051149235167 2.6741906415437167 2.6067710745844206 [-0.0563241  -0.09299597  0.02535755] [0.95740693 0.28349724 0.05478395] [ 0.95740693 -0.05478395  0.28349724] [ 0.05478395  0.28349724 -0.95740693]
0.8091615897256151 2.3783866184678644 2.459697634551524 [-0.04750446  0.00999003  0.00913655] [ 0.80770393 -0.5874512   0.05015432] [ 0.80770393 -0.05015432 -0.5874512 ] [ 0.05015432 -0.5874512  -0.80770393]
0.3106657408410628 2.3578855412065813 2.8387870720125807 [-0.05002324 -0.104363    0.01989982] [0.65591461 0.7533662  0.0470679 ] [ 0.65591461 -0.0470679   0.7533662 ] [ 0.0470679   0.7533662  -0.65591461]
0.3450873087605085 2.8077084291821377 2.4569870652426786 [0.14624945 0.04523992 0.02501534] [-0.97132718  0.23496454  0.03626543] [-0.97132718 -0.03626543  0.23496454] [0.03626543 0.23496454 0.97132718]
0.4000743083797802 2.610246379178302 2.759429565581014 [-0.05002324 -0.104363    0.01989982] [0.87499068 0.48289303 0.03472222] [ 0.87499068 -0.03472222  0.48289303] [ 0.03472222  0.48289303 -0.87499068]
0.3275510916851985 2.441434512850824 2.823462458816624 [-0.05861048  0.00155374  0.00996317] [ 0.91574013 -0.40064255  0.03009259] [ 0.91574013 -0.03009259 -0.40064255] [ 0.03009259 -0.40064255 -0.91574013]
0.5394307362436116 2.6453075845009724 2.3776679023545277 [0.157307   0.0607008  0.00814342] [-0.83209576  0.55411596  0.02391975] [-0.83209576 -0.02391975  0.55411596] [0.02391975 0.55411596 0.83209576]
0.3893854684088248 2.3571452738804983 2.7686774383450716 [-0.04075187  0.01463443  0.01069931] [ 0.72295193 -0.69067037  0.01774691] [ 0.72295193 -0.01774691 -0.69067037] [ 0.01774691 -0.69067037 -0.72295193]
0.32805622617578833 2.48197638044857 2.8230063370096614 [-0.05002324 -0.104363    0.01989982] [0.751268   0.65983442 0.01466049] [ 0.751268   -0.01466049  0.65983442] [ 0.01466049  0.65983442 -0.751268  ]
0.528538913469784 2.356328859927297 2.653782781833267 [-0.02047624 -0.1116494   0.018357  ] [-0.59165175  0.80611057  0.01157407] [-0.59165175 -0.01157407  0.80611057] [0.01157407 0.80611057 0.59165175]
0.659486441633181 2.5569848082930378 2.4702193551800278 [0.157307   0.0607008  0.00814342] [-0.93192694  0.36262556  0.00385802] [-0.93192694 -0.00385802  0.36262556] [0.00385802 0.36262556 0.93192694]
0.27391380484966354 2.7014641497544694 2.8726438962444707 [-0.05068857 -0.09639975  0.02923872] [0.93212841 0.36212053 0.00231481] [ 0.93212841 -0.00231481  0.36212053] [ 0.00231481  0.36212053 -0.93212841]
0.337280102815121 2.451889509296954 2.814701568769271 [-0.05861048  0.00155374  0.00996317] [ 0.85452227 -0.5194096  -0.00231481] [ 0.85452227  0.00231481 -0.5194096 ] [-0.00231481 -0.5194096  -0.85452227]
0.3966661360605474 2.762370943385173 2.5096354097889875 [0.14995633 0.04400674 0.01966703] [-0.98793085  0.1540457  -0.0162037 ] [-0.98793085  0.0162037   0.1540457 ] [-0.0162037   0.1540457   0.98793085]
0.4027756727615072 2.6005366538025223 2.7571030941428214 [-0.05002324 -0.104363    0.01989982] [ 0.83250402  0.55373469 -0.01774691] [0.83250402 0.01774691 0.55373469] [-0.01774691  0.55373469 -0.83250402]
0.6318933493219228 2.576459019706763 2.4597601410453693 [0.157307   0.0607008  0.00814342] [-0.874899    0.4834632  -0.02854938] [-0.874899    0.02854938  0.4834632 ] [-0.02854938  0.4834632   0.874899  ]
0.42512040718345206 2.4396323399471305 2.7380273710122043 [-0.04075187  0.01463443  0.01069931] [ 0.77716235 -0.62834151 -0.03472222] [ 0.77716235  0.03472222 -0.62834151] [-0.03472222 -0.62834151 -0.77716235]
0.24195141329285427 2.9026107044953 2.4869815463877214 [0.13870585 0.03541209 0.02744075] [-0.99743921 -0.06164277 -0.03626543] [-0.99743921  0.03626543 -0.06164277] [-0.03626543 -0.06164277  0.99743921]
0.3901299218214785 2.449156034555479 2.768031161541402 [-0.05002324 -0.104363    0.01989982] [ 0.69380183  0.71917281 -0.03780864] [0.69380183 0.03780864 0.71917281] [-0.03780864  0.71917281 -0.69380183]
0.6424658671410339 2.4409654677046193 2.5689394287952454 [-0.0216352 -0.1099415  0.0220828] [-0.65568323  0.75392778 -0.04089506] [-0.65568323  0.04089506  0.75392778] [-0.04089506  0.75392778  0.65568323]
0.3404483889029271 2.7092300882231695 2.811859621928108 [-0.04824257 -0.10187533  0.02490613] [ 0.89791824  0.43729553 -0.05015432] [0.89791824 0.05015432 0.43729553] [-0.05015432  0.43729553 -0.89791824]
0.5069246410902616 2.4065000549116204 2.670828036151499 [-0.04075187  0.01463443  0.01069931] [ 0.6852992  -0.7251611  -0.06712963] [ 0.6852992   0.06712963 -0.7251611 ] [-0.06712963 -0.7251611  -0.6852992 ]
0.43260984499292193 2.575713235716143 2.73170144264697 [-0.05002324 -0.104363    0.01989982] [ 0.78213068  0.61914562 -0.07021605] [0.78213068 0.07021605 0.61914562] [-0.07021605  0.61914562 -0.78213068]
0.8923772174311203 2.381469031443972 2.4114123787698425 [-0.00335184 -0.10322975  0.01933314] [-0.54827452  0.83307971 -0.07330247] [-0.54827452  0.07330247  0.83307971] [-0.07330247  0.83307971  0.54827452]
0.6868764994407637 2.500576457611789 2.5381361621084415 [0.157307   0.0607008  0.00814342] [-0.90920205  0.40839642 -0.08101852] [-0.90920205  0.08101852  0.40839642] [-0.08101852  0.40839642  0.90920205]
0.48484743620550863 2.5186927513488255 2.688547757497759 [-0.04750446  0.00999003  0.00913655] [ 0.82373742 -0.56022704 -0.08719136] [ 0.82373742  0.08719136 -0.56022704] [-0.08719136 -0.56022704 -0.82373742]
0.243440224351953 2.901204708570325 2.503406278767387 [0.13219824 0.03274761 0.03119829] [-0.98569141 -0.14331304 -0.08873457] [-0.98569141  0.08873457 -0.14331304] [-0.08873457 -0.14331304  0.98569141]
0.4043840633441039 2.4069902555832856 2.7557199806641615 [-0.05002324 -0.104363    0.01989982] [ 0.62992388  0.77139213 -0.09027778] [0.62992388 0.09027778 0.77139213] [-0.09027778  0.77139213 -0.62992388]
0.7437810673754939 2.3748387355744893 2.5004909034502676 [-0.0715913  -0.00316732 -0.0104424 ] [ 0.99501723 -0.0305499  -0.09490741] [ 0.99501723  0.09490741 -0.0305499 ] [-0.09490741 -0.0305499  -0.99501723]
0.2377728210920984 2.6971366921942166 2.906561961243088 [-0.04824257 -0.10187533  0.02490613] [ 0.85528956  0.507886   -0.10262346] [0.85528956 0.10262346 0.507886  ] [-0.10262346  0.507886   -0.85528956]
0.5394455970258302 2.493624011557879 2.645296073380422 [-0.04750446  0.00999003  0.00913655] [ 0.7391679  -0.66281743 -0.11959877] [ 0.7391679   0.11959877 -0.66281743] [-0.11959877 -0.66281743 -0.7391679 ]
0.3480133402216064 2.8050961285833282 2.583936854200968 [0.1431585  0.0336763  0.02208125] [-0.99257904 -0.01055781 -0.12114198] [-0.99257904  0.12114198 -0.01055781] [-0.12114198 -0.01055781  0.99257904]
0.3241772600092054 2.538324087080701 2.8265124209726147 [-0.05002324 -0.104363    0.01989982] [ 0.7246268   0.67813299 -0.12268519] [0.7246268  0.12268519 0.67813299] [-0.12268519  0.67813299 -0.7246268 ]
0.9370978846481961 2.3870627776381994 2.358161390795267 [-0.01107787 -0.1075665   0.02043379] [-0.61194707  0.78083436 -0.1257716 ] [-0.61194707  0.1257716   0.78083436] [-0.1257716   0.78083436  0.61194707]
0.5838840303490221 2.4196533308393735 2.6115147673067263 [0.157307   0.0607008  0.00814342] [-0.93447812  0.33004802 -0.13348765] [-0.93447812  0.13348765  0.33004802] [-0.13348765  0.33004802  0.93447812]
0.3444038400191985 2.8083192966141537 2.734320772710211 [-0.05068857 -0.09639975  0.02923872] [ 0.91180691  0.38778193 -0.13503086] [0.91180691 0.13503086 0.38778193] [-0.13503086  0.38778193 -0.91180691]
0.7317706300664376 2.434924832263495 2.508268131282691 [0.13631    0.02657772 0.02549442] [-0.96457443 -0.22284002 -0.1412037 ] [-0.96457443  0.1412037  -0.22284002] [-0.1412037  -0.22284002  0.96457443]
0.4350379271907062 2.3576916832970807 2.7296579521874462 [-0.05002324 -0.104363    0.01989982] [ 0.56059553  0.81569355 -0.14274691] [0.56059553 0.14274691 0.81569355] [-0.14274691  0.81569355 -0.56059553]
0.6724689860801364 2.4481419754374993 2.5479911562656117 [-0.04075187  0.01463443  0.01069931] [ 0.64129935 -0.75208328 -0.15200617] [ 0.64129935  0.15200617 -0.75208328] [-0.15200617 -0.75208328 -0.64129935]
0.29797803933391914 2.6674325071295137 2.8503992460694416 [-0.05002324 -0.104363    0.01989982] [ 0.80487889  0.57281433 -0.15509259] [0.80487889 0.15509259 0.57281433] [-0.15509259  0.57281433 -0.80487889]
0.4355161521209502 2.3634135925796524 2.7292559021189655 [ 0.00055378 -0.10781033  0.00814342] [-0.87775405  0.44947376 -0.16589506] [-0.87775405  0.16589506  0.44947376] [-0.16589506  0.44947376  0.87775405]
0.4303139290393031 2.4912658703404804 2.7336370304901036 [-0.05002324 -0.104363    0.01989982] [ 0.66085671  0.72978721 -0.17515432] [0.66085671 0.17515432 0.72978721] [-0.17515432  0.72978721 -0.66085671]
0.6659425577426278 2.38692982201373 2.5524988701831774 [-0.0371447   0.02181717  0.00039935] [ 0.53228877 -0.82623259 -0.18441358] [ 0.53228877  0.18441358 -0.82623259] [-0.18441358 -0.82623259 -0.53228877]
0.3394404654237122 2.7923983824646084 2.812763133558538 [-0.0434892  -0.09997406  0.03235062] [ 0.86908789  0.45774447 -0.1875    ] [0.86908789 0.1875     0.45774447] [-0.1875      0.45774447 -0.86908789]
0.6699658615688753 2.539406219302009 2.5497168150565157 [-0.05017115  0.01118674  0.00099773] [ 0.69446025 -0.68986579 -0.20447531] [ 0.69446025  0.20447531 -0.68986579] [-0.20447531 -0.68986579 -0.69446025]
0.38110829195680657 2.623920043895307 2.7758848985666407 [-0.04824257 -0.10187533  0.02490613] [ 0.74744151  0.63106997 -0.20756173] [0.74744151 0.20756173 0.63106997] [-0.20756173  0.63106997 -0.74744151]
0.564348723058456 2.4739574083055293 2.6262072779046663 [-0.0239584 -0.116095  -0.0104424] [-0.56292797  0.79921177 -0.21064815] [-0.56292797  0.21064815  0.79921177] [-0.21064815  0.79921177  0.56292797]
0.5082452043238234 2.4206031592918293 2.6697780054356444 [ 0.05562654 -0.00551102  0.0333697 ] [ 0.95461927 -0.20899012 -0.21219136] [ 0.95461927  0.21219136 -0.20899012] [-0.21219136 -0.20899012 -0.95461927]
0.500139336291939 2.398710051837045 2.676240928178431 [ 0.00055378 -0.10781033  0.00814342] [-0.90236587  0.37155473 -0.2183642 ] [-0.90236587  0.2183642   0.37155473] [-0.2183642   0.37155473  0.90236587]
0.38433134803071095 2.437258317591261 2.7730736236585 [-0.05002324 -0.104363    0.01989982] [ 0.5917868   0.77328904 -0.22762346] [0.5917868  0.22762346 0.77328904] [-0.22762346  0.77328904 -0.5917868 ]
0.8756235932886848 2.375180671691069 2.420816923927442 [-0.02047624 -0.1116494   0.018357  ] [-0.71805453  0.65663586 -0.23070988] [-0.71805453  0.23070988  0.65663586] [-0.23070988  0.65663586  0.71805453]
0.77358733585418 2.481573105858866 2.472036295820045 [-0.0422041   0.01723608  0.0016384 ] [ 0.5917997  -0.77049315 -0.23688272] [ 0.5917997   0.23688272 -0.77049315] [-0.23688272 -0.77049315 -0.5917997 ]
0.3892712934615349 2.755231023571837 2.768776584983175 [-0.0434892  -0.09997406  0.03235062] [ 0.81864249  0.52176554 -0.23996914] [0.81864249 0.23996914 0.52176554] [-0.23996914  0.52176554 -0.81864249]
0.8948666463252212 2.356441271094545 2.410028255231399 [-0.03012071 -0.10430581  0.02900329] [-0.44784266  0.8604423  -0.24305556] [-0.44784266  0.24305556  0.8604423 ] [-0.24305556  0.8604423   0.44784266]
0.5708285348613802 2.4262190267620167 2.6213063379295676 [ 0.05562654 -0.00551102  0.0333697 ] [ 0.9110811  -0.33181722 -0.24459877] [ 0.9110811   0.24459877 -0.33181722] [-0.24459877 -0.33181722 -0.9110811 ]
0.5600569126986662 2.6294683533893872 2.5570605343875266 [-0.04083107  0.00436793  0.01799475] [ 0.73952444 -0.62216008 -0.25694444] [ 0.73952444  0.25694444 -0.62216008] [-0.25694444 -0.62216008 -0.73952444]
0.4805307225612457 2.570573352552616 2.6920487726742492 [-0.04096677 -0.10742656  0.02126056] [ 0.68384642  0.68171697 -0.26003086] [0.68384642 0.26003086 0.68171697] [-0.26003086  0.68171697 -0.68384642]
0.9213857828168991 2.395494401430821 2.3723576086250624 [-0.01107787 -0.1075665   0.02043379] [-0.61878444  0.74018586 -0.26311728] [-0.61878444  0.26311728  0.74018586] [-0.26311728  0.74018586  0.61878444]
0.518139343521272 2.661946445812993 2.6446058440693387 [ 0.05562654 -0.00551102  0.0333697 ] [ 0.95584227 -0.1277512  -0.26466049] [ 0.95584227  0.26466049 -0.1277512 ] [-0.26466049 -0.1277512  -0.95584227]
0.6823001081728074 2.4066145075494947 2.5412521925043157 [ 0.05562654 -0.00551102  0.0333697 ] [ 0.85094327 -0.44627697 -0.27700617] [ 0.85094327  0.27700617 -0.44627697] [-0.27700617 -0.44627697 -0.85094327]
0.30385807952838473 2.3786183608532845 2.845007452232381 [-0.0239584 -0.116095  -0.0104424] [ 0.51847906  0.80791559 -0.28009259] [0.51847906 0.28009259 0.80791559] [-0.28009259  0.80791559 -0.51847906]
0.46339475331270347 2.7030817099899034 2.7060629968817205 [-0.04096677 -0.10742656  0.02126056] [ 0.76122846  0.57880142 -0.29243827] [0.76122846 0.29243827 0.57880142] [-0.29243827  0.57880142 -0.76122846]
0.5637972792544834 2.4330933970504662 2.6266256156837247 [-0.0239584 -0.116095  -0.0104424] [-0.50952795  0.80811288 -0.29552469] [-0.50952795  0.29552469  0.80811288] [-0.29552469  0.80811288  0.50952795]
0.38361100356605904 2.773701410996974 2.569292444767402 [ 0.05562654 -0.00551102  0.0333697 ] [ 0.92112063 -0.25156996 -0.2970679 ] [ 0.92112063  0.2970679  -0.25156996] [-0.2970679  -0.25156996 -0.92112063]
0.17678573284818294 2.9650221906615406 2.490311617313611 [ 0.05562654 -0.00551102  0.0333697 ] [ 0.77572507 -0.55001259 -0.30941358] [ 0.77572507  0.30941358 -0.55001259] [-0.30941358 -0.55001259 -0.77572507]
0.5949388398143587 2.5107588857884604 2.6033102518180913 [-0.04096677 -0.10742656  0.02126056] [ 0.61507109  0.72390006 -0.3125    ] [0.61507109 0.3125     0.72390006] [-0.3125      0.72390006 -0.61507109]
0.82869815408917 2.448003482671797 2.436303528604707 [-0.0239584  -0.115291    0.00814342] [-0.66663801  0.67527696 -0.31558642] [-0.66663801  0.31558642  0.67527696] [-0.31558642  0.67527696  0.66663801]
0.285729775605159 2.86168602021098 2.5220368192422096 [ 0.05562654 -0.00551102  0.0333697 ] [ 0.86950173 -0.36798472 -0.32947531] [ 0.86950173  0.32947531 -0.36798472] [-0.32947531 -0.36798472 -0.86950173]
0.5442996238500014 2.6415438092611074 2.631417701342448 [-0.04096677 -0.10742656  0.02126056] [ 0.69772243  0.62787124 -0.34490741] [0.69772243 0.34490741 0.62787124] [-0.34490741  0.62787124 -0.69772243]
0.9454103414788547 2.3612549715046423 2.3826552174556213 [ 0.00879628 -0.08559625  0.02678772] [-0.56378276  0.74903224 -0.34799383] [-0.56378276  0.34799383  0.74903224] [-0.34799383  0.74903224  0.56378276]
0.49599253449676484 2.6795634997456244 2.5458952985855263 [ 0.05562654 -0.00551102  0.0333697 ] [ 0.92111528 -0.17137824 -0.34953704] [ 0.92111528  0.34953704 -0.17137824] [-0.34953704 -0.17137824 -0.92111528]
0.24491600236942795 2.8998119699361347 2.439415724224421 [ 0.05562654 -0.00551102  0.0333697 ] [ 0.80238936 -0.47456528 -0.36188272] [ 0.80238936  0.36188272 -0.47456528] [-0.36188272 -0.47456528 -0.80238936]
0.3435872290545315 2.4470808885534843 2.809049500403184 [-0.04096677 -0.10742656  0.02126056] [ 0.54219648  0.75684906 -0.36496914] [0.54219648 0.36496914 0.75684906] [-0.36496914  0.75684906 -0.54219648]
0.21379875159500486 2.770252385884713 2.929372297039463 [-0.03012071 -0.10430581  0.02900329] [ 0.76484974  0.52214788 -0.37731481] [0.76484974 0.37731481 0.52214788] [-0.37731481  0.52214788 -0.76484974]
0.3917233879327623 2.7666489328071133 2.653727136689491 [ 0.05562654 -0.00551102  0.0333697 ] [ 0.87793655 -0.28869681 -0.38194444] [ 0.87793655  0.38194444 -0.28869681] [-0.38194444 -0.28869681 -0.87793655]
0.27897948555358276 2.8679378701878626 2.4075799016004935 [ 0.05562654 -0.00551102  0.0333697 ] [ 0.7215481  -0.56912533 -0.39429012] [ 0.7215481   0.39429012 -0.56912533] [-0.39429012 -0.56912533 -0.7215481 ]
0.3337592639892004 2.5746350060974215 2.8178661570081585 [-0.03012071 -0.10430581  0.02900329] [ 0.62911597  0.66806061 -0.39737654] [0.62911597 0.39737654 0.66806061] [-0.39737654  0.66806061 -0.62911597]
0.8021592032938559 2.4639438564232665 2.368375171125366 [-0.01107787 -0.1075665   0.02043379] [-0.60960844  0.68411035 -0.40046296] [-0.60960844  0.40046296  0.68411035] [-0.40046296  0.68411035  0.60960844]
0.7107491017356555 2.510641334032218 2.522096244490145 [-0.0371447   0.02181717  0.00039935] [ 0.91094367 -0.09258874 -0.40200617] [ 0.91094367  0.40200617 -0.09258874] [-0.40200617 -0.09258874 -0.91094367]
0.33405795156502816 2.8175974310257432 2.54677641458062 [ 0.05562654 -0.00551102  0.0333697 ] [ 0.8189401  -0.39705119 -0.41435185] [ 0.8189401   0.41435185 -0.39705119] [-0.41435185 -0.39705119 -0.8189401 ]
0.3195177896837825 2.3815154210298637 2.8307345353122155 [-0.0239584 -0.116095  -0.0104424] [ 0.46640287  0.77988054 -0.41743827] [0.46640287 0.41743827 0.77988054] [-0.41743827  0.77988054 -0.46640287]
0.2918040532122667 2.698495284586503 2.8560792800275965 [-0.03012071 -0.10430581  0.02900329] [ 0.70114802  0.56892637 -0.42978395] [0.70114802 0.42978395 0.56892637] [-0.42978395  0.56892637 -0.70114802]
0.8771642298944725 2.4199455557309326 2.363621928826664 [ 0.08957273 -0.01934661  0.02241957] [-0.50462359  0.74697943 -0.43287037] [-0.50462359  0.43287037  0.74697943] [-0.43287037  0.74697943  0.50462359]
0.46259671966562455 2.671841746274817 2.7067201581163176 [ 0.06086216 -0.00551102  0.03596485] [ 0.87594885 -0.2097581  -0.43441358] [ 0.87594885  0.43441358 -0.2097581 ] [-0.43441358 -0.2097581  -0.87594885]
0.9723402848610948 2.3686247221629873 2.3674472087730942 [ 0.143314   0.0792866 -0.019641 ] [-0.78693474 -0.43666393 -0.43595679] [-0.78693474  0.43595679 -0.43666393] [-0.43595679 -0.43666393  0.78693474]
0.3355113059160753 2.8162905527106297 2.431928327460535 [ 0.06086216 -0.00551102  0.03596485] [ 0.74579119 -0.49416765 -0.44675926] [ 0.74579119  0.44675926 -0.49416765] [-0.44675926 -0.49416765 -0.74579119]
0.1516935755328165 2.5050682965138495 2.9894541567159467 [-0.02047624 -0.1116494   0.018357  ] [ 0.5565123   0.69852196 -0.44984568] [0.5565123  0.44984568 0.69852196] [-0.44984568  0.69852196 -0.5565123 ]
0.6837736628157107 2.5402474089263483 2.357583117677116 [0.14711    0.03633256 0.0185401 ] [-0.64606246  0.61437432 -0.4529321 ] [-0.64606246  0.4529321   0.61437432] [-0.4529321   0.61437432  0.64606246]
0.976996361145937 2.3644080597565327 2.3662369621135433 [0.15221113 0.05373115 0.02141315] [-0.66732362 -0.5888347  -0.45601852] [-0.66732362  0.45601852 -0.5888347 ] [-0.45601852 -0.5888347   0.66732362]
0.2743097721593935 2.7981876787646094 2.872275601593773 [ 0.03914526 -0.00488915  0.02589129] [-0.87098248  0.17085903 -0.46064815] [-0.87098248  0.46064815  0.17085903] [-0.46064815  0.17085903  0.87098248]
0.314766614852227 2.8154425871409936 2.835051507485521 [-0.03012071 -0.10430581  0.02900329] [ 0.75696386  0.46193599 -0.46219136] [0.75696386 0.46219136 0.46193599] [-0.46219136  0.46193599 -0.75696386]
0.4361411302277279 2.7287306868712804 2.5505460273200384 [ 0.06086216 -0.00551102  0.03596485] [ 0.82489387 -0.3187919  -0.46682099] [ 0.82489387  0.46682099 -0.3187919 ] [-0.46682099 -0.3187919  -0.82489387]
0.9518733028555459 2.35813665319511 2.3792535123708234 [-0.08779355 -0.02683998  0.00117376] [ 0.86307707  0.17295254 -0.47453704] [0.86307707 0.47453704 0.17295254] [-0.47453704  0.17295254 -0.86307707]
0.39404873360985326 2.764634529718626 2.372239359184376 [0.06183675 0.00277983 0.03536548] [ 0.66049489 -0.57805347 -0.47916667] [ 0.66049489  0.47916667 -0.57805347] [-0.47916667 -0.57805347 -0.66049489]
0.3864897025374273 2.6234355575684356 2.7711944102550907 [-0.03012071 -0.10430581  0.02900329] [ 0.632363    0.60625819 -0.48225309] [0.632363   0.48225309 0.60625819] [-0.48225309  0.60625819 -0.632363  ]
0.8696568766417948 2.4213540947380974 2.4242042192192597 [0.14711    0.03633256 0.0185401 ] [-0.5475835   0.68161417 -0.48533951] [-0.5475835   0.48533951  0.68161417] [-0.48533951  0.68161417  0.5475835 ]
0.449471814848548 2.5776982928001955 2.7175853998861337 [ 0.06086216 -0.00551102  0.03596485] [ 0.86334631 -0.13258343 -0.48688272] [ 0.86334631  0.48688272 -0.13258343] [-0.48688272 -0.13258343 -0.86334631]
0.15947552888149225 2.756484340102405 2.981856159409659 [ 0.03914526 -0.00488915  0.02589129] [-0.82376994  0.27982012 -0.49305556] [-0.82376994  0.49305556  0.27982012] [-0.49305556  0.27982012  0.82376994]
0.4163947675336644 2.745440580030351 2.4470372969493006 [ 0.06086216 -0.00551102  0.03596485] [ 0.75934646 -0.41732956 -0.4992284 ] [ 0.75934646  0.4992284  -0.41732956] [-0.4992284  -0.41732956 -0.75934646]
0.13040109631048077 2.434717642475813 3.010330585759959 [-0.02047624 -0.1116494   0.018357  ] [ 0.48112449  0.71846994 -0.50231481] [0.48112449 0.50231481 0.71846994] [-0.50231481  0.71846994 -0.48112449]
0.6690344659337394 2.5503599417314264 2.391823050208737 [0.14711    0.03633256 0.0185401 ] [-0.67225368  0.54096635 -0.50540123] [-0.67225368  0.50540123  0.54096635] [-0.50540123  0.54096635  0.67225368]
0.9755528647484292 2.3669760372055375 2.3650250464590044 [-0.080057  -0.0131594 -0.0104424] [ 0.86021258  0.05515113 -0.50694444] [0.86021258 0.50694444 0.05515113] [-0.50694444  0.05515113 -0.86021258]
0.35952641813312525 2.7301510462489844 2.7948637300832786 [ 0.0418489  -0.00820495  0.02253726] [-0.85303158  0.09511981 -0.51311728] [-0.85303158  0.51311728  0.09511981] [-0.51311728  0.09511981  0.85303158]
0.5501257096734103 2.637060280050753 2.5348457936507542 [ 0.06086216 -0.00551102  0.03596485] [ 0.81985431 -0.24119841 -0.51929012] [ 0.81985431  0.51929012 -0.24119841] [-0.51929012 -0.24119841 -0.81985431]
0.8954596983928439 2.361438132815603 2.4096990227639736 [ 0.150824   0.0792866 -0.0104424] [-0.76661841 -0.37553808 -0.52083333] [-0.76661841  0.52083333 -0.37553808] [-0.52083333 -0.37553808  0.76661841]
0.1019299687949235 2.675104635598701 3.038420854709178 [ 0.03914526 -0.00488915  0.02589129] [-0.76192275  0.37863228 -0.52546296] [-0.76192275  0.52546296  0.37863228] [-0.52546296  0.37863228  0.76192275]
0.9603001320144133 2.374851002105592 2.359630271744109 [-0.0739077  -0.04461862  0.02360837] [ 0.81666284  0.23521544 -0.52700617] [0.81666284 0.52700617 0.23521544] [-0.52700617  0.23521544 -0.81666284]
0.448446344676675 2.7184388458360638 2.357776263687946 [ 0.06086216 -0.00551102  0.03596485] [ 0.68123338 -0.50327373 -0.5316358 ] [ 0.68123338  0.5316358  -0.50327373] [-0.5316358  -0.50327373 -0.68123338]
0.5871061310150727 2.5304487017264705 2.609115236522339 [ 0.03953797 -0.01637546  0.02910107] [-0.84131158 -0.08896608 -0.53317901] [-0.84131158  0.53317901 -0.08896608] [-0.53317901 -0.08896608  0.84131158]
0.24074568710062322 2.5473877118972172 2.9037500638944693 [-0.02047624 -0.1116494   0.018357  ] [ 0.55961586  0.63316841 -0.53472222] [0.55961586 0.53472222 0.63316841] [-0.53472222  0.63316841 -0.55961586]
0.8019971751656704 2.4454638066185073 2.4640424538962833 [0.14711    0.03633256 0.0185401 ] [-0.58046905  0.61140621 -0.53780864] [-0.58046905  0.53780864  0.61140621] [-0.53780864  0.61140621  0.58046905]
0.4677922931695631 2.484525938623694 2.702448910656784 [ 0.06008735 -0.01643954  0.03690815] [ 0.84003473 -0.05866198 -0.53935185] [ 0.84003473  0.53935185 -0.05866198] [-0.53935185 -0.05866198 -0.84003473]
0.9124524796220453 2.3946671527504892 2.400347518394869 [0.13671133 0.07950723 0.02464747] [-0.65826593 -0.52356327 -0.54089506] [-0.65826593  0.54089506 -0.52356327] [-0.54089506 -0.52356327  0.65826593]
0.25257055647609344 2.6977223040332494 2.8926034567390646 [ 0.03914526 -0.00488915  0.02589129] [-0.81310874  0.20311816 -0.54552469] [-0.81310874  0.54552469  0.20311816] [-0.54552469  0.20311816  0.81310874]
0.5156509214078588 2.663910192731136 2.444614546089044 [ 0.06086216 -0.00551102  0.03596485] [ 0.76160096 -0.33999091 -0.55169753] [ 0.76160096  0.55169753 -0.33999091] [-0.55169753 -0.33999091 -0.76160096]
0.725392793271891 2.512434391938836 2.369381688374129 [0.15131967 0.06486733 0.02197992] [-0.79027105 -0.26343188 -0.55324074] [-0.79027105  0.55324074 -0.26343188] [-0.55324074 -0.26343188  0.79027105]
0.16918793170903965 2.3649726023146753 2.972399207314837 [-0.0146655  -0.113932    0.00814342] [ 0.40427658  0.72716932 -0.55478395] [0.40427658 0.55478395 0.72716932] [-0.55478395  0.72716932 -0.40427658]
0.7154090713713495 2.5190070646052325 2.382200491420066 [0.15131967 0.06486733 0.02197992] [-0.68732953  0.46514381 -0.55787037] [-0.68732953  0.55787037  0.46514381] [-0.55787037  0.46514381  0.68732953]
0.9360223907184617 2.3566164639931952 2.3876357190145434 [-0.0739077  -0.04461862  0.02360837] [ 0.81998728  0.12114993 -0.55941358] [0.81998728 0.55941358 0.12114993] [-0.55941358  0.12114993 -0.81998728]
0.8789812781419556 2.379963146484882 2.418919561157418 [ 0.08802092 -0.02480042  0.01942822] [-0.48112185  0.66586442 -0.57021605] [-0.48112185  0.57021605  0.66586442] [-0.57021605  0.66586442  0.48112185]
0.5834250766626498 2.5442436038809793 2.611857103325409 [ 0.06086216 -0.00551102  0.03596485] [ 0.80349805 -0.16577768 -0.57175926] [ 0.80349805  0.57175926 -0.16577768] [-0.57175926 -0.16577768 -0.80349805]
0.5307231945810748 2.652076990670309 2.37219666846744 [0.14711    0.03633256 0.0185401 ] [-0.7583103   0.30159572 -0.5779321 ] [-0.7583103   0.5779321   0.30159572] [-0.5779321   0.30159572  0.7583103 ]
0.52835067583556 2.653929928255117 2.382972080248141 [ 0.06008735 -0.01643954  0.03690815] [ 0.69043737 -0.42675245 -0.58410494] [ 0.69043737  0.58410494 -0.42675245] [-0.58410494 -0.42675245 -0.69043737]
0.6447975677502821 2.5672907236136755 2.3901365130691246 [0.15131967 0.06486733 0.02197992] [-0.79628102 -0.15150178 -0.58564815] [-0.79628102  0.58564815 -0.15150178] [-0.58564815 -0.15150178  0.79628102]
0.24347286089177936 2.471807828203355 2.901173898194974 [-0.02047624 -0.1116494   0.018357  ] [ 0.48414661  0.64869744 -0.58719136] [0.48414661 0.58719136 0.64869744] [-0.58719136  0.64869744 -0.48414661]
0.7416423188942953 2.4578532433319875 2.501869300090184 [0.14711    0.03633256 0.0185401 ] [-0.60220965  0.53750878 -0.59027778] [-0.60220965  0.59027778  0.53750878] [-0.59027778  0.53750878  0.60220965]
0.5165218748107109 2.3926082476138513 2.663222423380117 [ 0.06008735 -0.01643954  0.03690815] [ 0.80600195  0.0104299  -0.59182099] [0.80600195 0.59182099 0.0104299 ] [-0.59182099  0.0104299  -0.80600195]
0.35025770006973567 2.6349246651094975 2.803095622163225 [ 0.03028043 -0.00560798  0.03061809] [-0.79098889  0.12938302 -0.59799383] [-0.79098889  0.59799383  0.12938302] [-0.59799383  0.12938302  0.79098889]
0.6320487022682051 2.576348004737772 2.4240246104313132 [ 0.06086216 -0.00551102  0.03596485] [ 0.75197998 -0.26364512 -0.60416667] [ 0.75197998  0.60416667 -0.26364512] [-0.60416667 -0.26364512 -0.75197998]
0.8383521682922758 2.4203339291162917 2.442307089899052 [0.15131967 0.06486733 0.02197992] [-0.73149853 -0.31309015 -0.60570988] [-0.73149853  0.60570988 -0.31309015] [-0.60570988 -0.31309015  0.73149853]
0.779841051594794 2.4776725377123596 2.42443245214724 [0.15131967 0.06486733 0.02197992] [-0.69045024  0.3882836  -0.61033951] [-0.69045024  0.61033951  0.3882836 ] [-0.61033951  0.3882836   0.69045024]
0.6089749486294369 2.5930073942864054 2.407650851422212 [0.15131967 0.06486733 0.02197992] [-0.78497707 -0.04264191 -0.61805556] [-0.78497707  0.61805556 -0.04264191] [-0.61805556 -0.04264191  0.78497707]
0.9900939469328458 2.3595794766122227 2.356532449340154 [0.12987646 0.01333482 0.02004019] [-0.50906877  0.5942324  -0.62268519] [-0.50906877  0.62268519  0.5942324 ] [-0.62268519  0.5942324   0.50906877]
0.6127884476577729 2.451127178307098 2.59023025714302 [ 0.06008735 -0.01643954  0.03690815] [ 0.77554809 -0.09414916 -0.6242284 ] [ 0.77554809  0.6242284  -0.09414916] [-0.6242284  -0.09414916 -0.77554809]
0.7552788953474425 2.400343034390131 2.493128949965878 [0.14339667 0.07703787 0.02215267] [-0.63445687 -0.45373382 -0.6257716 ] [-0.63445687  0.6257716  -0.45373382] [-0.6257716  -0.45373382  0.63445687]
0.6924568328069881 2.5343545244542947 2.390832541187765 [0.156937   0.0514079  0.00814342] [-0.74253722  0.22634655 -0.63040123] [-0.74253722  0.63040123  0.22634655] [-0.63040123  0.22634655  0.74253722]
0.6311438633265536 2.5769948200784847 2.364310933968526 [ 0.06086216 -0.00551102  0.03596485] [ 0.68725722 -0.34992994 -0.63657407] [ 0.68725722  0.63657407 -0.34992994] [-0.63657407 -0.34992994 -0.68725722]
0.7854074249852019 2.47422052183081 2.4673022242762492 [0.15131967 0.06486733 0.02197992] [-0.74190644 -0.20586685 -0.63811728] [-0.74190644  0.63811728 -0.20586685] [-0.63811728 -0.20586685  0.74190644]
0.289310299019163 2.3977478298949544 2.8583788921583784 [-0.02047624 -0.1116494   0.018357  ] [ 0.40731852  0.65186354 -0.63966049] [0.40731852 0.63966049 0.65186354] [-0.63966049  0.65186354 -0.40731852]
0.7513451459295991 2.4052579784655164 2.495638553518453 [0.156937   0.0514079  0.00814342] [-0.6116982   0.46119596 -0.64274691] [-0.6116982   0.64274691  0.46119596] [-0.64274691  0.46119596  0.6116982 ]
0.3164888110479714 2.833485334978026 2.459071437539294 [-0.02055662 -0.04631891  0.02980244] [ 0.76128912  0.07300081 -0.64429012] [0.76128912 0.64429012 0.07300081] [-0.64429012  0.07300081 -0.76128912]
0.773318935079385 2.4817410421488972 2.4226464499361753 [0.15131967 0.06486733 0.02197992] [-0.75714044  0.06030167 -0.65046296] [-0.75714044  0.65046296  0.06030167] [-0.65046296  0.06030167  0.75714044]
0.7678519675070018 2.485171187157168 2.4572241259167193 [ 0.06086216 -0.00551102  0.03596485] [ 0.72990453 -0.18991787 -0.6566358 ] [ 0.72990453  0.6566358  -0.18991787] [-0.6566358  -0.18991787 -0.72990453]
0.9118908170614768 2.400654093207539 2.356928989002939 [0.1166674  0.10027224 0.01518068] [-0.66530679 -0.35237375 -0.65817901] [-0.66530679  0.65817901 -0.35237375] [-0.65817901 -0.35237375  0.66530679]
0.784356952112741 2.474870550834668 2.360927756279413 [0.15131967 0.06486733 0.02197992] [-0.68074005  0.31189371 -0.66280864] [-0.68074005  0.66280864  0.31189371] [-0.66280864  0.31189371  0.68074005]
0.7407791564313058 2.502426397145758 2.4888721834659235 [0.15131967 0.06486733 0.02197992] [-0.73494312 -0.10126824 -0.67052469] [-0.73494312  0.67052469 -0.10126824] [-0.67052469 -0.10126824  0.73494312]
0.5746460071999232 2.3691187038606216 2.618431795864557 [0.14711    0.03633256 0.0185401 ] [-0.5245404   0.51867525 -0.67515432] [-0.5245404   0.67515432  0.51867525] [-0.67515432  0.51867525  0.5245404 ]
0.6737551370121301 2.3582071504368103 2.5471060356272237 [ 0.06008735 -0.01643954  0.03690815] [ 0.7357255  -0.02807906 -0.67669753] [ 0.7357255   0.67669753 -0.02807906] [-0.67669753 -0.02807906 -0.7357255 ]
0.7999471673370039 2.465291273645117 2.4360077580295587 [0.15131967 0.06486733 0.02197992] [-0.71399596  0.1545892  -0.68287037] [-0.71399596  0.68287037  0.1545892 ] [-0.68287037  0.1545892   0.71399596]
0.757764605920524 2.4915480359101885 2.3614959208455053 [ 0.06086216 -0.00551102  0.03596485] [ 0.67076872 -0.27438802 -0.68904321] [ 0.67076872  0.68904321 -0.27438802] [-0.68904321 -0.27438802 -0.67076872]
0.6737402371911468 2.380981346762441 2.54711628354841 [0.15131967 0.06486733 0.02197992] [-0.67857088 -0.25026379 -0.69058642] [-0.67857088  0.69058642 -0.25026379] [-0.69058642 -0.25026379  0.67857088]
0.6795790149769039 2.3593851021832566 2.5431112709533137 [0.154761  0.0607008 0.0174363] [-0.60771693  0.38386818 -0.69521605] [-0.60771693  0.69521605  0.38386818] [-0.69521605  0.38386818  0.60771693]
0.3827507252294163 2.7744515484482744 2.5047376367805323 [-0.01143719 -0.06606565  0.03686799] [ 0.70593869  0.12718922 -0.69675926] [0.70593869 0.69675926 0.12718922] [-0.69675926  0.12718922 -0.70593869]
0.7325893577516922 2.392837243732749 2.5077351358160467 [0.15131967 0.06486733 0.02197992] [-0.71125336 -0.00226391 -0.7029321 ] [-0.71125336  0.7029321  -0.00226391] [-0.7029321  -0.00226391  0.71125336]
0.8122334393095436 2.3720098030917987 2.4578440296893014 [ 0.08802092 -0.02480042  0.01942822] [-0.43173709  0.55942782 -0.70756173] [-0.43173709  0.70756173  0.55942782] [-0.70756173  0.55942782  0.43173709]
0.7906352478114567 2.3916171748071466 2.4709954145556505 [ 0.06008735 -0.01643954  0.03690815] [ 0.6947118  -0.12060558 -0.70910494] [ 0.6947118   0.70910494 -0.12060558] [-0.70910494 -0.12060558 -0.6947118 ]
0.6593651933510587 2.38069666969534 2.5570693111495206 [0.14872785 0.07265045 0.02024068] [-0.59241706 -0.37950129 -0.71064815] [-0.59241706  0.71064815 -0.37950129] [-0.71064815 -0.37950129  0.59241706]
0.8274207481440405 2.4165320251891913 2.4487612802073135 [0.15131967 0.06486733 0.02197992] [-0.65719526  0.23763858 -0.71527778] [-0.65719526  0.71527778  0.23763858] [-0.71527778  0.23763858  0.65719526]
0.635940468979814 2.408748123954193 2.573572035817075 [0.15131967 0.06486733 0.02197992] [-0.67426526 -0.15048681 -0.72299383] [-0.67426526  0.72299383 -0.15048681] [-0.72299383 -0.15048681  0.67426526]
0.5218023222049343 2.3819953101652627 2.659063050294857 [0.14711    0.03633256 0.0185401 ] [-0.52593589  0.44040384 -0.72762346] [-0.52593589  0.72762346  0.44040384] [-0.72762346  0.44040384  0.52593589]
0.45766928895056946 2.7107866244227963 2.507122076376171 [-0.01143719 -0.06606565  0.03686799] [ 0.68365831  0.0304515  -0.72916667] [0.68365831 0.72916667 0.0304515 ] [-0.72916667  0.0304515  -0.68365831]
0.706641431094146 2.4268851128411337 2.5248305927848422 [0.15131967 0.06486733 0.02197992] [-0.6719309   0.08823082 -0.73533951] [-0.6719309   0.73533951  0.08823082] [-0.73533951  0.08823082  0.6719309 ]
0.6591599492757643 2.3646686405049695 2.5572123755527887 [ 0.08802092 -0.02480042  0.01942822] [-0.33628008  0.58254732 -0.73996914] [-0.33628008  0.73996914  0.58254732] [-0.73996914  0.58254732  0.33628008]
0.913446489356922 2.3998053736606533 2.3834246580659633 [ 0.06008735 -0.01643954  0.03690815] [ 0.63984479 -0.20188632 -0.74151235] [ 0.63984479  0.74151235 -0.20188632] [-0.74151235 -0.20188632 -0.63984479]
0.9496269093293069 2.361197961787502 2.38043338714038 [0.1166674  0.10027224 0.01518068] [-0.60662432 -0.28262232 -0.74305556] [-0.60662432  0.74305556 -0.28262232] [-0.74305556 -0.28262232  0.60662432]
0.6104494622779281 2.4213171131207076 2.591932479201094 [0.14711    0.03633256 0.0185401 ] [-0.58879338  0.3070655  -0.74768519] [-0.58879338  0.74768519  0.3070655 ] [-0.74768519  0.3070655   0.58879338]
0.9411991361348497 2.384883577679355 2.3774055710099877 [0.12730906 0.09217854 0.01866373] [-0.65284973 -0.05618009 -0.75540123] [-0.65284973  0.75540123 -0.05618009] [-0.75540123 -0.05618009  0.65284973]
0.7313787674953212 2.5085233828325504 2.42103850182114 [ 0.07971071 -0.02606053  0.02226311] [-0.43817931  0.47994998 -0.76003086] [-0.43817931  0.76003086  0.47994998] [-0.76003086  0.47994998  0.43817931]
0.6577576430050711 2.4638781372683294 2.5581905686470834 [0.14711    0.03633256 0.0185401 ] [-0.61850214  0.16739109 -0.76774691] [-0.61850214  0.76774691  0.16739109] [-0.76774691  0.16739109  0.61850214]
0.5165754442331968 2.441674954969989 2.6631801369337222 [0.15131967 0.06486733 0.02197992] [-0.60277209 -0.18794413 -0.77546296] [-0.60277209  0.77546296 -0.18794413] [-0.77546296 -0.18794413  0.60277209]
0.47289566115437415 2.37229963774744 2.698270014928637 [0.14711    0.03633256 0.0185401 ] [-0.5112215   0.36070503 -0.78009259] [-0.5112215   0.78009259  0.36070503] [-0.78009259  0.36070503  0.5112215 ]
0.5739180344787056 2.386962747504415 2.6189792261615263 [0.156937   0.0514079  0.00814342] [-0.61521353  0.02949327 -0.78780864] [-0.61521353  0.78780864  0.02949327] [-0.78780864  0.02949327  0.61521353]
0.7268785969559928 2.4220793712757356 2.511461544448008 [ 0.08802092 -0.02480042  0.01942822] [-0.34751376  0.50127415 -0.79243827] [-0.34751376  0.79243827  0.50127415] [-0.79243827  0.50127415  0.34751376]
0.5421181424923915 2.3818416400690383 2.6432282520910455 [0.14711    0.03633256 0.0185401 ] [-0.55290071  0.23249487 -0.80015432] [-0.55290071  0.80015432  0.23249487] [-0.80015432  0.23249487  0.55290071]
0.47957468227096145 2.43221807879295 2.6928257565512896 [0.154761  0.0607008 0.0174363] [-0.58101323 -0.09883871 -0.80787037] [-0.58101323  0.80787037 -0.09883871] [-0.80787037 -0.09883871  0.58101323]
0.6766466798079812 2.545119944164916 2.3871874945886935 [ 0.08802092 -0.02480042  0.01942822] [-0.42725958  0.39660182 -0.8125    ] [-0.42725958  0.8125      0.39660182] [-0.8125      0.39660182  0.42725958]
0.5872080787677837 2.432822701854092 2.6090394250406783 [0.156937   0.0514079  0.00814342] [-0.56264199  0.10334226 -0.82021605] [-0.56264199  0.82021605  0.10334226] [-0.82021605  0.10334226  0.56264199]
0.44574880500097624 2.39671236009235 2.7206869895736236 [0.156937   0.0514079  0.00814342] [-0.54182869 -0.01883937 -0.84027778] [-0.54182869  0.84027778 -0.01883937] [-0.84027778 -0.01883937  0.54182869]
0.7974033179656905 2.4590145986110796 2.4668444072750546 [ 0.08802092 -0.02480042  0.01942822] [-0.34001623  0.4129412  -0.84490741] [-0.34001623  0.84490741  0.4129412 ] [-0.84490741  0.4129412   0.34001623]
0.47257218946223645 2.3578010283037774 2.6985344020771027 [0.154595   0.0421151  0.00814342] [-0.49675185  0.16208281 -0.85262346] [-0.49675185  0.85262346  0.16208281] [-0.85262346  0.16208281  0.49675185]
0.9680151845245148 2.370852727367333 2.3627543315911006 [0.05960099 0.0840047  0.01889877] [-0.44745628 -0.05278092 -0.89274691] [-0.44745628  0.89274691 -0.05278092] [-0.89274691 -0.05278092  0.44745628]
131.38713431358337
314
(699, 3)
