[-0.018583 -0.092945 -0.00155 ] [ 0.01423268 -0.03660663  0.9992284 ]
[-0.018583 -0.092945 -0.00155 ] [-0.06098302  0.03008891  0.99768519]
[-0.018583 -0.092945 -0.00155 ] [0.08425872 0.02452821 0.99614198]
[-0.018583 -0.092945 -0.00155 ] [-0.05388788 -0.08870959  0.99459877]
[-0.018583 -0.092945 -0.00155 ] [-0.0228813   0.11539978  0.99305556]
[-0.018583 -0.092945 -0.00155 ] [ 0.10479061 -0.07695581  0.99151235]
[-0.018583 -0.092945 -0.00155 ] [-0.14045754 -0.01525742  0.98996914]
[-0.018583 -0.092945 -0.00155 ] [0.10014145 0.1139556  0.98842593]
[-0.018583 -0.092945 -0.00155 ] [ 0.00333586 -0.16140439  0.98688272]
[-0.018583 -0.092945 -0.00155 ] [-0.11781682  0.12339066  0.98533951]
[-0.018583 -0.092945 -0.00155 ] [ 0.1788891  -0.01198066  0.9837963 ]
[-0.018583 -0.092945 -0.00155 ] [-0.14645815 -0.11717032  0.98225309]
[-0.018583 -0.092945 -0.00155 ] [0.03006261 0.19314341 0.98070988]
[-0.018583 -0.092945 -0.00155 ] [ 0.11250405 -0.16904283  0.97916667]
[-0.018583 -0.092945 -0.00155 ] [-0.2042353   0.05040159  0.97762346]
[-0.018583 -0.092945 -0.00155 ] [0.19082888 0.10417145 0.97608025]
[-0.018583 -0.092945 -0.00155 ] [-0.07254983 -0.21216523  0.97453704]
[-0.018583 -0.092945 -0.00155 ] [-0.09246518  0.21150225  0.97299383]
[-0.018583 -0.092945 -0.00155 ] [ 0.21690998 -0.09609245  0.97145062]
[-0.018583 -0.092945 -0.00155 ] [-0.23075892 -0.07765269  0.96990741]
[-0.018583 -0.092945 -0.00155 ] [0.12063377 0.21844513 0.9683642 ]
[-0.018583 -0.092945 -0.00155 ] [ 0.05999484 -0.24830988  0.96682099]
[-0.018583 -0.092945 -0.00155 ] [-0.21675765  0.14579072  0.96527778]
[-0.018583 -0.092945 -0.00155 ] [0.26388473 0.03975593 0.96373457]
[-0.018583 -0.092945 -0.00155 ] [-0.17118979 -0.21185336  0.96219136]
[-0.018583 -0.092945 -0.00155 ] [-0.01720904  0.27723453  0.96064815]
[-0.018583 -0.092945 -0.00155 ] [ 0.20376146 -0.19646624  0.95910494]
[-0.018583 -0.092945 -0.00155 ] [-0.28813425  0.00736144  0.95756173]
[-0.018583 -0.092945 -0.00155 ] [0.22126458 0.19253721 0.95601852]
[-0.018583 -0.092945 -0.00155 ] [-0.03365896 -0.29638482  0.95447531]
[-0.018583 -0.092945 -0.00155 ] [-0.17826345  0.24523979  0.9529321 ]
[-0.018583 -0.092945 -0.00155 ] [ 0.30181497 -0.06137515  0.95138889]
[-0.018583 -0.092945 -0.00155 ] [-0.26805907 -0.16105129  0.94984568]
[-0.018583 -0.092945 -0.00155 ] [0.09019099 0.30428278 0.94830247]
[-0.018583 -0.092945 -0.00155 ] [ 0.14104005 -0.28940388  0.94675926]
[-0.018583 -0.092945 -0.00155 ] [-0.30367703  0.11977847  0.94521605]
[-0.018583 -0.092945 -0.00155 ] [0.30897213 0.11839676 0.94367284]
[-0.018583 -0.092945 -0.00155 ] [-0.14980273 -0.29991816  0.94212963]
[-0.018583 -0.092945 -0.00155 ] [-0.09331518  0.32648042  0.94058642]
[-0.018583 -0.092945 -0.00155 ] [ 0.29295911 -0.17992446  0.93904321]
[-0.018583 -0.092945 -0.00155 ] [-0.34166627 -0.06601447  0.9375    ]
[-0.018583 -0.092945 -0.00155 ] [0.20980251 0.28278578 0.93595679]
[-0.018275 -0.092783 -0.001622] [ 0.03673751 -0.3542903   0.93441358]
[-0.018583 -0.092945 -0.00155 ] [-0.26941722  0.2390967   0.93287037]
[-0.018583 -0.092945 -0.00155 ] [0.36413826 0.00574895 0.93132716]
[-0.018583 -0.092945 -0.00155 ] [-0.26747069 -0.25290559  0.92978395]
[-0.018583 -0.092945 -0.00155 ] [0.02666704 0.37102291 0.92824074]
[-0.018275 -0.092783 -0.001622] [ 0.23333572 -0.29459485  0.92669753]
[-0.018583 -0.092945 -0.00155 ] [-0.37478573  0.06020913  0.92515432]
[-0.018583 -0.092945 -0.00155 ] [0.32014926 0.2108245  0.92361111]
[-0.018622 -0.092312 -0.00178 ] [-0.09456155 -0.37529841  0.9220679 ]
[-0.018583 -0.092945 -0.00155 ] [-0.18551989  0.3438265   0.92052469]
[-0.018583 -0.092945 -0.00155 ] [ 0.37246409 -0.12939683  0.91898148]
[-0.018583 -0.092945 -0.00155 ] [-0.36533457 -0.15759971  0.91743827]
[-0.018583 -0.092945 -0.00155 ] [0.16437874 0.36621833 0.91589506]
[-0.018622 -0.092312 -0.00178 ] [ 0.12727013 -0.38439954  0.91435185]
[-0.018583 -0.092945 -0.00155 ] [-0.3565299   0.1991653   0.91280864]
[-0.045262 -0.065385  0.003882] [0.40076815 0.09476392 0.91126543]
[-0.018275 -0.092783 -0.001622] [-0.23341195 -0.34340114  0.90972222]
[-0.018583 -0.092945 -0.00155 ] [-0.06033844  0.41421028  0.90817901]
[-0.018275 -0.092783 -0.001622] [ 0.3268682  -0.26677463  0.9066358 ]
[-0.018583 -0.092945 -0.00155 ] [-0.42452114 -0.02427339  0.90509259]
[-0.018583 -0.092945 -0.00155 ] [0.29891302 0.30700085 0.90354938]
[-0.018622 -0.092312 -0.00178 ] [-0.01313159 -0.43152338  0.90200617]
[-0.018583 -0.092945 -0.00155 ] [-0.28390207  0.32949365  0.90046296]
[-0.04523  -0.064785  0.003838] [ 0.43506883 -0.05155959  0.89891975]
[-0.018275 -0.092783 -0.001622] [-0.35819306 -0.25770734  0.89737654]
[-0.018583 -0.092945 -0.00155 ] [0.09067919 0.43504014 0.89583333]
[-0.018622 -0.092312 -0.00178 ] [ 0.2285836  -0.38470081  0.89429012]
[-0.018583 -0.092945 -0.00155 ] [-0.43135205  0.13014745  0.89274691]
[-0.045262 -0.065385  0.003882] [0.40872247 0.19672799 0.8912037 ]
[-0.018622 -0.092312 -0.00178 ] [-0.16961291 -0.42395244  0.88966049]
[-0.018583 -0.092945 -0.00155 ] [-0.16236625  0.42998243  0.88811728]
[-0.045262 -0.065385  0.003882] [ 0.41282306 -0.20871879  0.88657407]
[-0.018583 -0.092945 -0.00155 ] [-0.44822659 -0.12575093  0.88503086]
[-0.018583 -0.092945 -0.00155 ] [0.24710618 0.39798002 0.88348765]
[-0.018622 -0.092312 -0.00178 ] [ 0.08715928 -0.46322484  0.88194444]
[-0.018583 -0.092945 -0.00155 ] [-0.37947392  0.28441731  0.88040123]
[-0.04523  -0.064785  0.003838] [0.47477343 0.04689097 0.87885802]
[-0.018622 -0.092312 -0.00178 ] [-0.3202988  -0.3573897   0.87731481]
[-0.018583 -0.092945 -0.00155 ] [-0.00526557  0.48269698  0.8757716 ]
[-0.018622 -0.092312 -0.00178 ] [ 0.33184619 -0.35440488  0.8742284 ]
[-0.018583 -0.092945 -0.00155 ] [-0.48685038  0.03738019  0.87268519]
[-0.018583 -0.092945 -0.00155 ] [0.38640066 0.30299536 0.87114198]
[-0.018515 -0.091911 -0.001841] [-0.08069521 -0.48712039  0.86959877]
[-0.018583 -0.092945 -0.00155 ] [-0.27102127  0.41596517  0.86805556]
[-0.04523  -0.064785  0.003838] [ 0.48342694 -0.12431714  0.86651235]
[-0.018275 -0.092783 -0.001622] [-0.44279441 -0.23613874  0.86496914]
[-0.018583 -0.092945 -0.00155 ] [0.16787543 0.4757242  0.86342593]
[-0.018515 -0.091911 -0.001841] [ 0.19859171 -0.46660424  0.86188272]
[-0.018583 -0.092945 -0.00155 ] [-0.4640013   0.21099462  0.86033951]
[-0.045363 -0.065087  0.004227] [0.48713311 0.15865135 0.8587963 ]
[-0.018515 -0.091911 -0.001841] [-0.2532976  -0.4482828   0.85725309]
[-0.018583 -0.092945 -0.00155 ] [-0.11661398  0.50414461  0.85570988]
[-0.045262 -0.065385  0.003882] [ 0.42862883 -0.29440896  0.85416667]
[-0.018583 -0.092945 -0.00155 ] [-0.51742981 -0.0727986   0.85262346]
[-0.018583 -0.092945 -0.00155 ] [0.33395829 0.40513488 0.85108025]
[-0.018515 -0.091911 -0.001841] [ 0.02754442 -0.52680938  0.84953704]
[-0.018583 -0.092945 -0.00155 ] [-0.37793139  0.37158355  0.84799383]
[-0.045363 -0.065087  0.004227] [ 0.53213552 -0.01879202  0.84645062]
[-0.018622 -0.092312 -0.00178 ] [-0.4069343  -0.34718287  0.84490741]
[-0.018583 -0.092945 -0.00155 ] [0.06583975 0.5332935  0.8433642 ]
[-0.018515 -0.091911 -0.001841] [ 0.31308691 -0.4396749   0.84182099]
[-0.018583 -0.092945 -0.00155 ] [-0.53020307  0.11321646  0.84027778]
[-0.04523  -0.064785  0.003838] [0.46948758 0.27587268 0.83873457]
[-0.018515 -0.091911 -0.001841] [-0.16053175 -0.52281946  0.83719136]
[-0.018583 -0.092945 -0.00155 ] [-0.23579938  0.49607542  0.83564815]
[-0.045363 -0.065087  0.004227] [ 0.51113419 -0.20739042  0.83410494]
[-0.018275 -0.092783 -0.001622] [-0.51916513 -0.19315418  0.83256173]
[-0.018583 -0.092945 -0.00155 ] [0.25339588 0.49517548 0.83101852]
[-0.018515 -0.091911 -0.001841] [ 0.14825011 -0.53850963  0.82947531]
[-0.018583 -0.092945 -0.00155 ] [-0.47500835  0.29815349  0.8279321 ]
[-0.045363 -0.065087  0.004227] [0.55389048 0.10142356 0.82638889]
[-0.018515 -0.091911 -0.001841] [-0.34127408 -0.45073452  0.82484568]
[-0.018583 -0.092945 -0.00155 ] [-0.05303166  0.56512006  0.82330247]
[-0.045272 -0.064193  0.003935] [ 0.42249183 -0.38237727  0.82175926]
[-0.018583 -0.092945 -0.00155 ] [-0.57204347 -0.00344941  0.82021605]
[-0.018583 -0.092945 -0.00155 ] [0.42109487 0.39045344 0.81867284]
[-0.018515 -0.091911 -0.001841] [-0.04693336 -0.57454019  0.81712963]
[-0.018583 -0.092945 -0.00155 ] [-0.35482674  0.45707415  0.81558642]
[-0.045363 -0.065087  0.004227] [ 0.57252546 -0.09771515  0.81404321]
[-0.018515 -0.091911 -0.001841] [-0.48998095 -0.31585189  0.8125    ]
[-0.018583 -0.092945 -0.00155 ] [0.14848613 0.56595137 0.81095679]
[-0.017947 -0.091578 -0.001863] [ 0.2738001  -0.5195028   0.80941358]
[-0.018583 -0.092945 -0.00155 ] [-0.55480762  0.19883152  0.80787037]
[-0.045363 -0.065087  0.004227] [0.54535172 0.22897165 0.80632716]
[-0.018515 -0.091911 -0.001841] [-0.24833504 -0.53912197  0.80478395]
[-0.018583 -0.092945 -0.00155 ] [-0.18169364  0.5672669   0.80324074]
[-0.045363 -0.065087  0.004227] [ 0.51896042 -0.29658245  0.80169753]
[-0.018275 -0.092783 -0.001622] [-0.58501723 -0.13231745  0.80015432]
[-0.018583 -0.092945 -0.00155 ] [0.34316506 0.49442698 0.79861111]
[-0.017947 -0.091578 -0.001863] [ 0.08121605 -0.59840347  0.7970679 ]
[-0.018583 -0.092945 -0.00155 ] [-0.46566316  0.38768323  0.79552469]
[-0.045363 -0.065087  0.004227] [0.60726029 0.02878106 0.79398148]
[-0.018515 -0.091911 -0.001841] [-0.4297498  -0.43284719  0.79243827]
[-0.018583 -0.092945 -0.00155 ] [0.02458037 0.61145794 0.79089506]
[-0.044992 -0.063766  0.003466] [ 0.39619284 -0.46899348  0.78935185]
[-0.018583 -0.092945 -0.00155 ] [-0.61090369  0.07844884  0.78780864]
[-0.04523  -0.064785  0.003838] [0.5050621  0.35594795 0.78626543]
[-0.017577 -0.091308 -0.001866] [-0.13239606 -0.60554299  0.78472222]
[-0.018583 -0.092945 -0.00155 ] [-0.31239272  0.53762573  0.78317901]
[-0.045363 -0.065087  0.004227] [ 0.59536023 -0.18598835  0.7816358 ]
[-0.018515 -0.091911 -0.001841] [-0.56637964 -0.26583764  0.78009259]
[-0.018583 -0.092945 -0.00155 ] [0.23879024 0.58037926 0.77854938]
[-0.017577 -0.091308 -0.001866] [ 0.21662121 -0.59104709  0.77700617]
[-0.018583 -0.092945 -0.00155 ] [-0.56066354  0.29036802  0.77546296]
[-0.045363 -0.065087  0.004227] [0.61138186 0.16510735 0.77391975]
[-0.017577 -0.091308 -0.001866] [-0.34029343 -0.536316    0.77237654]
[-0.018583 -0.092945 -0.00155 ] [-0.11168265  0.6271706   0.77083333]
[-0.04523  -0.064785  0.003838] [ 0.50747854 -0.38814719  0.76929012]
[-0.018275 -0.092783 -0.001622] [-0.63823486 -0.05675335  0.76774691]
[-0.018583 -0.092945 -0.00155 ] [0.43352259 0.47433115 0.7662037 ]
[-0.017577 -0.091308 -0.001866] [ 7.42135451e-04 -6.44432912e-01  7.64660494e-01]
[-0.018583 -0.092945 -0.00155 ] [-0.43709086  0.47602898  0.76311728]
[-0.045363 -0.065087  0.004227] [ 0.64566123 -0.05591517  0.76157407]
[-0.017947 -0.091578 -0.001863] [-0.51529509 -0.39601017  0.76003086]
[-0.018583 -0.092945 -0.00155 ] [0.11277309 0.64185568 0.75848765]
[-0.017577 -0.091308 -0.001866] [ 0.35137537 -0.55097228  0.75694444]
[-0.018583 -0.092945 -0.00155 ] [-0.63299238  0.16938012  0.75540123]
[-0.045363 -0.065087  0.004227] [0.58273763 0.30350442 0.75385802]
[-0.017577 -0.091308 -0.001866] [-0.22528235 -0.61908827  0.75231481]
[-0.018583 -0.092945 -0.00155 ] [-0.25274461  0.61029678  0.7507716 ]
[-0.045363 -0.065087  0.004227] [ 0.6002013  -0.28002716  0.7492284 ]
[-0.018515 -0.091911 -0.001841] [-0.6333866  -0.19947     0.74768519]
[-0.018583 -0.092945 -0.00155 ] [0.33316698 0.57643032 0.74614198]
[-0.017129 -0.090925 -0.001844] [ 0.14407855 -0.65177761  0.74459877]
[-0.018583 -0.092945 -0.00155 ] [-0.54791459  0.38426299  0.74305556]
[-0.045363 -0.065087  0.004227] [0.66527614 0.08698906 0.74151235]
[-0.017577 -0.091308 -0.001866] [-0.43288875 -0.51483299  0.73996914]
[-0.018583 -0.092945 -0.00155 ] [-0.02863793  0.67372622  0.73842593]
[-0.045262 -0.065385  0.003882] [ 0.47740289 -0.47863383  0.73688272]
[-0.018275 -0.092783 -0.001622] [-0.67701114  0.03052426  0.73533951]
[-0.04523  -0.064785  0.003838] [0.52110725 0.43587869 0.7337963 ]
[-0.017129 -0.090925 -0.001844] [-0.09003631 -0.67505472  0.73225309]
[-0.018583 -0.092945 -0.00155 ] [-0.39055002  0.55994085  0.73070988]
[-0.045363 -0.065087  0.004227] [ 0.6678223  -0.14943006  0.72916667]
[-0.017577 -0.091308 -0.001866] [-0.59479246 -0.34173972  0.72762346]
[-0.018583 -0.092945 -0.00155 ] [0.20823419 0.65532129 0.72608025]
[-0.016221 -0.090775 -0.001862] [ 0.2898014  -0.62534889  0.72453704]
[-0.018583 -0.092945 -0.00155 ] [-0.63760149  0.26597794  0.72299383]
[-0.045363 -0.065087  0.004227] [0.65132868 0.23511689 0.72145062]
[-0.017129 -0.090925 -0.001844] [-0.32219502 -0.61475499  0.71990741]
[-0.018583 -0.092945 -0.00155 ] [-0.17809331  0.67248469  0.7183642 ]
[-0.045363 -0.065087  0.004227] [ 0.58691575 -0.37642739  0.71682099]
[-0.018515 -0.091911 -0.001841] [-0.68860627 -0.11915997  0.71527778]
[-0.018583 -0.092945 -0.00155 ] [0.428229   0.55425886 0.71373457]
[-0.016466 -0.086806 -0.003131] [ 0.0587651  -0.69952136  0.71219136]
[-0.018583 -0.092945 -0.00155 ] [-0.51699943  0.47716957  0.71064815]
[-0.045568 -0.083242  0.033652] [ 0.70509807 -0.00262769  0.70910494]
[-0.017129 -0.090925 -0.001844] [-0.52283811 -0.47539111  0.70756173]
[-0.018583 -0.092945 -0.00155 ] [0.06454299 0.70524609 0.70601852]
[-0.044992 -0.063766  0.003466] [ 0.42972438 -0.56484644  0.70447531]
[-0.018275 -0.092783 -0.001622] [-0.69991777  0.12649737  0.7029321 ]
[-0.045363 -0.065087  0.004227] [0.60283242 0.38032446 0.70138889]
[-0.015982 -0.086074 -0.003162] [-0.18800321 -0.68910871  0.69984568]
[-0.018583 -0.092945 -0.00155 ] [-0.32754892  0.63646317  0.69830247]
[-0.045363 -0.065087  0.004227] [ 0.67285823 -0.24857259  0.69675926]
[-0.014019 -0.090674 -0.001826] [-0.66543784 -0.27178508  0.69521605]
[-0.018583 -0.092945 -0.00155 ] [0.30772126 0.65124928 0.69367284]
[-0.015982 -0.086074 -0.003162] [ 0.21344705 -0.68949034  0.69212963]
[-0.018583 -0.092945 -0.00155 ] [-0.62440811  0.36497248  0.69058642]
[-0.045568 -0.083242  0.033652] [0.70839172 0.15297263 0.68904321]
[-0.011753 -0.089906 -0.001791] [-0.41986099 -0.59250358  0.6875    ]
[-0.018583 -0.092945 -0.00155 ] [-0.09081996  0.72195223  0.68595679]
[-0.045363 -0.065087  0.004227] [ 0.55574609 -0.47193679  0.68441358]
[-0.017577 -0.091308 -0.001866] [-0.73002314 -0.02746394  0.68287037]
[-0.045262 -0.065385  0.003882] [0.52076884 0.51438616 0.68132716]
[-0.015591 -0.086051 -0.003179] [-0.03660742 -0.73249824  0.67978395]
[-0.018583 -0.092945 -0.00155 ] [-0.46871271  0.56594867  0.67824074]
[-0.045568 -0.083242  0.033652] [ 0.72931494 -0.10089683  0.67669753]
[-0.011753 -0.089906 -0.001791] [-0.6070938  -0.41905102  0.67515432]
[-0.018583 -0.092945 -0.00155 ] [0.16490165 0.72045508 0.67361111]
[-0.010328 -0.090357 -0.0017  ] [ 0.36576034 -0.643851    0.6720679 ]
[-0.018583 -0.092945 -0.00155 ] [-0.70594537  0.22811789  0.67052469]
[-0.045568 -0.083242  0.033652] [0.67589925 0.30923128 0.66898148]
[-0.01067  -0.090564 -0.001747] [-0.29004421 -0.6858575   0.66743827]
[-0.018583 -0.092945 -0.00155 ] [-0.24988283  0.70295259  0.66589506]
[-0.045363 -0.065087  0.004227] [ 0.66030782 -0.35018595  0.66435185]
[-0.011753 -0.089906 -0.001791] [-0.72476258 -0.18815928  0.66280864]
[-0.018583 -0.092945 -0.00155 ] [0.40805913 0.62945673 0.66126543]
[-0.010328 -0.090357 -0.0017  ] [ 0.12452676 -0.74112055  0.65972222]
[-0.018583 -0.092945 -0.00155 ] [-0.59350767  0.46319438  0.65817901]
[-0.045568 -0.083242  0.033652] [0.75185955 0.05946971 0.6566358 ]
[-0.01067  -0.090564 -0.001747] [-0.51514079 -0.55270577  0.65509259]
[-0.018583 -0.092945 -0.00155 ] [0.00651289 0.75685586 0.65354938]
[-0.04523  -0.064785  0.003838] [ 0.50733616 -0.56346958  0.65200617]
[-0.014136 -0.089435 -0.001902] [-0.75603033  0.07291141  0.65046296]
[-0.045363 -0.065087  0.004227] [0.60777771 0.45772197 0.64891975]
[-0.010328 -0.090357 -0.0017  ] [-0.13920953 -0.74934926  0.64737654]
[-0.018583 -0.092945 -0.00155 ] [-0.40422195  0.64769122  0.64583333]
[-0.045568 -0.083242  0.033652] [ 0.73682494 -0.20488836  0.64429012]
[-0.011195 -0.090001 -0.001756] [-0.68286838 -0.34722786  0.64274691]
[-0.018583 -0.092945 -0.00155 ] [0.26943051 0.71851584 0.6412037 ]
[-0.009939 -0.090158 -0.001661] [ 0.28716155 -0.71300259  0.63966049]
[-0.018583 -0.092945 -0.00155 ] [-0.6945264   0.33232425  0.63811728]
[-0.045568 -0.083242  0.033652] [0.73782509 0.22447179 0.63657407]
[-0.010328 -0.090357 -0.0017  ] [-0.39306757 -0.66500653  0.63503086]
[-0.018583 -0.092945 -0.00155 ] [-0.15963085  0.75710725  0.63348765]
[-0.045363 -0.065087  0.004227] [ 0.63015063 -0.45117225  0.63194444]
[-0.011195 -0.090001 -0.001756] [-0.77066265 -0.09313091  0.63040123]
[-0.018583 -0.092945 -0.00155 ] [0.50616782 0.59019634 0.62885802]
[-0.038541 -0.076664 -0.002264] [ 0.02548026 -0.77834882  0.62731481]
[-0.018583 -0.092945 -0.00155 ] [-0.5454229   0.55760538  0.6257716 ]
[-0.045568 -0.083242  0.033652] [ 0.7800686  -0.04280067  0.6242284 ]
[-0.002969 -0.08622  -0.002963] [-0.6050613  -0.49614916  0.62268519]
[-0.018583 -0.092945 -0.00155 ] [0.11118331 0.77577118 0.62114198]
[-0.009615 -0.09026  -0.0017  ] [ 0.44273129 -0.64814071  0.61959877]
[-0.014437 -0.089345 -0.001958] [-0.76545277  0.17913512  0.61805556]
[-0.045568 -0.083242  0.033652] [0.68648079 0.38556019 0.61651235]
[-0.003042 -0.08358  -0.002991] [-0.2461238  -0.74915688  0.61496914]
[-0.018583 -0.092945 -0.00155 ] [-0.32505853  0.71975384  0.61342593]
[-0.045363 -0.065087  0.004227] [ 0.72697427 -0.3116215   0.61188272]
[-0.002969 -0.08622  -0.002963] [-0.74767004 -0.26167765  0.61033951]
[-0.018583 -0.092945 -0.00155 ] [0.37510899 0.69904243 0.6087963 ]
[-0.042512 -0.091081 -0.001495] [ 0.19589408 -0.76998     0.60725309]
[-0.018583 -0.092945 -0.00155 ] [-0.66554481  0.43607987  0.60570988]
[-0.045568 -0.083242  0.033652] [0.78647687 0.12820596 0.60416667]
[-0.002873 -0.085703 -0.002928] [-0.49404458 -0.6267096   0.60262346]
[-0.018583 -0.092945 -0.00155 ] [-0.0591292   0.79699829  0.60108025]
[-0.045363 -0.065087  0.004227] [ 0.58280814 -0.54853443  0.59953704]
[-0.011619 -0.089315 -0.001795] [-0.80142785  0.01080653  0.59799383]
[-0.045363 -0.065087  0.004227] [0.59910534 0.53415303 0.59645062]
[-0.03782  -0.057943 -0.002338] [-0.08106186 -0.79969629  0.59490741]
[-0.018583 -0.092945 -0.00155 ] [-0.48109587  0.64534153  0.5933642 ]
[-0.045568 -0.083242  0.033652] [ 0.79178225 -0.15109198  0.59182099]
[-0.002969 -0.08622  -0.002963] [-0.68685894 -0.4240247   0.59027778]
[-0.018583 -0.092945 -0.00155 ] [0.22035085 0.77771274 0.58873457]
[-0.042652 -0.091456 -0.001465] [ 0.36336109 -0.72330839  0.58719136]
[-0.018079 -0.093326 -0.00127 ] [-0.75756314  0.28829557  0.58564815]
[-0.045568 -0.083242  0.033652] [0.75437855 0.29955704 0.58410494]
[-0.002025 -0.085345 -0.002375] [-0.35439064 -0.73145684  0.58256173]
[-0.018583 -0.092945 -0.00155 ] [-0.23309151  0.77979858  0.58101852]
[-0.045363 -0.065087  0.004227] [ 0.69956454 -0.41811221  0.57947531]
[-0.002969 -0.08622  -0.002963] [-0.79934045 -0.16446682  0.5779321 ]
[-0.018583 -0.092945 -0.00155 ] [0.47895228 0.66210313 0.57638889]
[-0.019079  0.066262  0.012824] [ 0.0942048  -0.81282095  0.57484568]
[-0.018583 -0.092945 -0.00155 ] [-0.6193342   0.53642281  0.57330247]
[-0.045568 -0.083242  0.033652] [0.82010338 0.02284276 0.57175926]
[-0.002873 -0.085703 -0.002928] [-0.59005959 -0.57156219  0.57021605]
[-0.018583 -0.092945 -0.00155 ] [0.04907064 0.82109882 0.56867284]
[-0.045272 -0.064193  0.003935] [ 0.51913223 -0.63942608  0.56712963]
[-0.002892 -0.087658 -0.002425] [-0.81576707  0.12097968  0.56558642]
[-0.045568 -0.083242  0.033652] [0.68411693 0.4624276  0.56404321]
[ 0.015229 -0.090672 -0.001081] [-0.19232589 -0.80411722  0.5625    ]
[-0.018583 -0.092945 -0.00155 ] [-0.40186689  0.72376134  0.56095679]
[-0.045568 -0.083242  0.033652] [ 0.78620776 -0.26255247  0.55941358]
[-0.002969 -0.08622  -0.002963] [-0.75802615 -0.33790089  0.55787037]
[-0.018583 -0.092945 -0.00155 ] [0.33110863 0.76214642 0.55632716]
[-0.042512 -0.091081 -0.001495] [ 0.27100918 -0.78661858  0.55478395]
[-0.018348 -0.093159 -0.001417] [-0.73208948  0.39745398  0.55324074]
[-0.045568 -0.083242  0.033652] [0.8092888  0.2016965  0.55169753]
[-0.002492 -0.085659 -0.00276 ] [-0.46106282 -0.69624083  0.55015432]
[-0.018583 -0.092945 -0.00155 ] [-0.13048891  0.825832    0.54861111]
[-0.045363 -0.065087  0.004227] [ 0.65485053 -0.52142832  0.5470679 ]
[-0.00264  -0.087082 -0.002643] [-0.83609028 -0.05792973  0.54552469]
[-0.04523  -0.064785  0.003838] [0.5780666  0.60821309 0.54398148]
[-0.019079  0.066262  0.012824] [-0.01542461 -0.83995405  0.54243827]
[-0.018583 -0.092945 -0.00155 ] [-0.55666532  0.63052062  0.54089506]
[-0.045568 -0.083242  0.033652] [ 0.83736312 -0.08900895  0.53935185]
[-0.002873 -0.085703 -0.002928] [-0.6783639  -0.50058394  0.53780864]
[-0.018583 -0.092945 -0.00155 ] [0.1622537  0.82830739 0.53626543]
[-0.044159 -0.057453  0.002056] [ 0.44038271 -0.721204    0.53472222]
[-0.011049 -0.087992 -0.002813] [-0.81282715  0.23458937  0.53317901]
[-0.045568 -0.083242  0.033652] [0.75868573 0.37650942 0.5316358 ]
[-0.002061 -0.049797 -0.00236 ] [-0.30545101 -0.79101297  0.53009259]
[-0.018583 -0.092945 -0.00155 ] [-0.30944247  0.79049409  0.52854938]
[-0.045568 -0.083242  0.033652] [ 0.76300523 -0.37428266  0.52700617]
[-0.002969 -0.08622  -0.002963] [-0.81635696 -0.23968729  0.52546296]
[-0.018583 -0.092945 -0.00155 ] [0.44054172 0.7289932  0.52391975]
[-0.019079  0.066262  0.012824] [ 0.16777246 -0.83604734  0.52237654]
[-0.018583 -0.092945 -0.00155 ] [-0.68921377  0.50370331  0.52083333]
[-0.045568 -0.083242  0.033652] [0.84938538 0.09424569 0.51929012]
[-0.002379 -0.086161 -0.002712] [-0.56326441 -0.64394979  0.51774691]
[-0.018583 -0.092945 -0.00155 ] [-0.01966959  0.85623995  0.5162037 ]
[-0.045363 -0.065087  0.004227] [ 0.59352807 -0.61874793  0.51466049]
[-0.00264  -0.087082 -0.002643] [-0.85652987  0.05538266  0.51311728]
[-0.045568 -0.083242  0.033652] [0.66970651 0.53831697 0.51157407]
[-0.019079  0.066262  0.012824] [-0.13033178 -0.85022476  0.51003086]
[-0.018583 -0.092945 -0.00155 ] [-0.47872367  0.71572617  0.50848765]
[-0.045568 -0.083242  0.033652] [ 0.83734548 -0.20459688  0.50694444]
[-0.002873 -0.085703 -0.002928] [-0.75642969 -0.41519118  0.50540123]
[-0.018583 -0.092945 -0.00155 ] [0.27759999 0.81796414 0.50385802]
[-0.042842 -0.091    -0.001193] [ 0.34819499 -0.79147968  0.50231481]
[-0.013877 -0.089194 -0.001936] [-0.79220379  0.34877063  0.5007716 ]
[-0.045568 -0.083242  0.033652] [0.82058138 0.27823947 0.4992284 ]
[-0.002395 -0.083378 -0.002584] [-0.41755027 -0.76023762  0.49768519]
[-0.018583 -0.092945 -0.00155 ] [-0.20585407  0.84348518  0.49614198]
[-0.045363 -0.065087  0.004227] [ 0.72228778 -0.48339675  0.49459877]
[-0.002969 -0.08622  -0.002963] [-0.85998866 -0.13158922  0.49305556]
[-0.018583 -0.092945 -0.00155 ] [0.54578862 0.6786239  0.49151235]
[-0.019079  0.066262  0.012824] [ 0.05601217 -0.86993844  0.48996914]
[-0.018583 -0.092945 -0.00155 ] [-0.62956109  0.60422922  0.48842593]
[-0.045568 -0.083242  0.033652] [ 0.87323149 -0.02029744  0.48688272]
[-0.002379 -0.086161 -0.002712] [-0.65825073 -0.57545768  0.48533951]
[-0.018583 -0.092945 -0.00155 ] [0.09675203 0.86981618 0.4837963 ]
[-0.044992 -0.063766  0.003466] [ 0.51671258 -0.70741789  0.48225309]
[-0.00264  -0.087082 -0.002643] [-0.85969284  0.17276062  0.48070988]
[-0.045568 -0.083242  0.033652] [0.75133153 0.45376231 0.47916667]
[-0.019079  0.066262  0.012824] [-0.24773351 -0.84291396  0.47762346]
[-0.018583 -0.092945 -0.00155 ] [-0.38707772  0.78963184  0.47608025]
[-0.045568 -0.083242  0.033652] [ 0.81958396 -0.32108681  0.47453704]
[-0.002446 -0.086783 -0.002671] [-0.82200127 -0.31716044  0.47299383]
[-0.018583 -0.092945 -0.00155 ] [0.39224707 0.78985856 0.47145062]
[-0.019079  0.066262  0.012824] [ 0.24453908 -0.84816724  0.46990741]
[-0.018079 -0.093326 -0.00127 ] [-0.75394379  0.46065577  0.4683642 ]
[-0.045568 -0.083242  0.033652] [0.86790434 0.16976519 0.46682099]
[-0.002025 -0.085345 -0.002375] [-0.52577375 -0.71209448  0.46527778]
[-0.018583 -0.092945 -0.00155 ] [-0.09340905  0.88103632  0.46373457]
[-0.045363 -0.065087  0.004227] [ 0.6646125  -0.58708549  0.46219136]
[-0.002969 -0.08622  -0.002963] [-0.88743761 -0.01605525  0.46064815]
[-0.045363 -0.065087  0.004227] [0.64410316 0.61184456 0.45910494]
[-0.019079  0.066262  0.012824] [-0.06170179 -0.88703447  0.45756173]
[-0.018583 -0.092945 -0.00155 ] [-0.55417964  0.69637062  0.45601852]
[-0.045568 -0.083242  0.033652] [ 0.87980576 -0.13926241  0.45447531]
[-0.002658 -0.086101 -0.002854] [-0.74346698 -0.4920461   0.4529321 ]
[-0.018583 -0.092945 -0.00155 ] [0.21602644 0.86578326 0.45138889]
[-0.042842 -0.091    -0.001193] [ 0.42590849 -0.78501008  0.44984568]
[-0.010788 -0.088559 -0.002021] [-0.84505161  0.2913978   0.44830247]
[-0.045568 -0.083242  0.033652] [0.82065956 0.35626403 0.44675926]
[-0.019079  0.066262  0.012824] [-0.36478919 -0.81774783  0.44521605]
[-0.018583 -0.092945 -0.00155 ] [-0.28363885  0.85011965  0.44367284]
[-0.045568 -0.083242  0.033652] [ 0.78406042 -0.43562673  0.44212963]
[-0.002446 -0.086783 -0.002671] [-0.87314165 -0.20858397  0.44058642]
[-0.018583 -0.092945 -0.00155 ] [0.50335442 0.74422805 0.43904321]
[-0.019079  0.066262  0.012824] [ 0.13167112 -0.88952598  0.4375    ]
[-0.018348 -0.093159 -0.001417] [-0.69853785  0.56743858  0.43595679]
[-0.045568 -0.083242  0.033652] [0.89912393 0.05348829 0.43441358]
[-0.002492 -0.085659 -0.00276 ] [-0.62737204 -0.64732338  0.43287037]
[-0.018583 -0.092945 -0.00155 ] [0.02536475 0.90183896 0.43132716]
[-0.04523  -0.064785  0.003838] [ 0.59096211 -0.68267821  0.42978395]
[-0.002446 -0.086783 -0.002671] [-0.89762761  0.10428108  0.42824074]
[-0.045568 -0.083242  0.033652] [0.73291487 0.52987264 0.42669753]
[-0.019079  0.066262  0.012824] [-0.18265139 -0.88650001  0.42515432]
[-0.018583 -0.092945 -0.00155 ] [-0.46451159  0.7776777   0.42361111]
[-0.045568 -0.083242  0.033652] [ 0.86851998 -0.25986867  0.4220679 ]
[-0.002658 -0.086101 -0.002854] [-0.8166036  -0.39537014  0.42052469]
[-0.018583 -0.092945 -0.00155 ] [0.33533296 0.84380467 0.41898148]
[ 0.016852 -0.092833  0.001243] [ 0.32297031 -0.84937358  0.41743827]
[-0.011049 -0.087992 -0.002813] [-0.81252383  0.40845602  0.41589506]
[-0.045568 -0.083242  0.033652] [0.87571541 0.24786097 0.41435185]
[ 1.7589e-02 -8.8944e-02 -2.0000e-05] [-0.47866601 -0.77489862  0.41280864]
[-0.018583 -0.092945 -0.00155 ] [-0.1706137   0.89540589  0.41126543]
[-0.045363 -0.065087  0.004227] [ 0.73120008 -0.54541191  0.40972222]
[-0.002446 -0.086783 -0.002671] [-0.90827269 -0.09181835  0.40817901]
[-0.045262 -0.065385  0.003882] [0.6081679  0.68174711 0.4066358 ]
[-0.019079  0.066262  0.012824] [ 0.01207853 -0.91419588  0.40509259]
[-0.018348 -0.093159 -0.001417] [-0.6269042   0.66643756  0.40354938]
[-0.045568 -0.083242  0.033652] [ 0.91310897 -0.06799304  0.40200617]
[-0.002492 -0.085659 -0.00276 ] [-0.71975776 -0.56707864  0.40046296]
[-0.018583 -0.092945 -0.00155 ] [0.14777929 0.90499962 0.39891975]
[-0.044159 -0.057453  0.002056] [ 0.50271754 -0.76770239  0.39737654]
[-0.00264  -0.087082 -0.002643] [-0.88990988  0.22666359  0.39583333]
[-0.045568 -0.083242  0.033652] [0.80988576 0.43430444 0.39429012]
[-0.019079  0.066262  0.012824] [-0.30403451 -0.86793599  0.39274691]
[-0.018583 -0.092945 -0.00155 ] [-0.36235564  0.84596575  0.3912037 ]
[-0.045568 -0.083242  0.033652] [ 0.83922781 -0.37929063  0.38966049]
[-0.002658 -0.086101 -0.002854] [-0.87564654 -0.28741628  0.38811728]
[-0.018348 -0.093159 -0.001417] [0.45184525 0.80398778 0.38657407]
[-0.019079  0.066262  0.012824] [ 0.2100562  -0.89868105  0.38503086]
[-0.015472 -0.088815 -0.002534] [-0.76246951  0.52113095  0.38348765]
[-0.045568 -0.083242  0.033652] [0.91487303 0.13086553 0.38194444]
[-0.002395 -0.083378 -0.002584] [-0.58660408 -0.71497591  0.38040123]
[-0.018583 -0.092945 -0.00155 ] [-0.05045022  0.92407866  0.37885802]
[-0.045363 -0.065087  0.004227] [ 0.66185702 -0.64774904  0.37731481]
[-0.002446 -0.086783 -0.002671] [-0.92620787  0.03057268  0.3757716 ]
[-0.045568 -0.083242  0.033652] [0.70408238 0.60350735 0.3742284 ]
[-0.019079  0.066262  0.012824] [-0.11157978 -0.92122511  0.37268519]
[-0.018348 -0.093159 -0.001417] [-0.54036296  0.75515661  0.37114198]
[-0.045568 -0.083242  0.033652] [ 0.90914984 -0.19194615  0.36959877]
[-0.002492 -0.085659 -0.00276 ] [-0.80056379 -0.47289822  0.36805556]
[-0.018583 -0.092945 -0.00155 ] [0.2710502  0.89005645 0.36651235]
[ 0.016852 -0.092833  0.001243] [ 0.40162212 -0.83993881  0.36496914]
[-0.00264  -0.087082 -0.002643] [-0.86407389  0.3482785   0.36342593]
[-0.045568 -0.083242  0.033652] [0.8729623  0.32707449 0.36188272]
[-0.019079  0.066262  0.012824] [-0.42303059 -0.83138472  0.36033951]
[-0.018583 -0.092945 -0.00155 ] [-0.24982188  0.89936325  0.3587963 ]
[-0.045568 -0.083242  0.033652] [ 0.79222393 -0.49472364  0.35725309]
[-0.002379 -0.086161 -0.002712] [-0.91892122 -0.17045314  0.35570988]
[-0.017477 -0.093584 -0.001007] [0.56279706 0.74687713 0.35416667]
[-0.019079  0.066262  0.012824] [ 0.08957502 -0.9314682   0.35262346]
[-0.016922 -0.093698 -0.000867] [-0.69567854  0.62671686  0.35108025]
[-0.045568 -0.083242  0.033652] [0.93689002 0.0078074  0.34953704]
[-0.002278 -0.084188 -0.002517] [-0.68597992 -0.63900848  0.34799383]
[-0.018583 -0.092945 -0.00155 ] [0.07422143 0.93512734 0.34645062]
[-0.044917 -0.061357  0.003368] [ 0.57729052 -0.74011792  0.34490741]
[-0.002446 -0.086783 -0.002671] [-0.92617631  0.15587965  0.3433642 ]
[-0.045568 -0.083242  0.033652] [0.78870107 0.51098829 0.34182099]
[-0.019079  0.066262  0.012824] [-0.23653683 -0.91008866  0.34027778]
[-0.018348 -0.093159 -0.001417] [-0.440602    0.83134155  0.33873457]
[-0.045568 -0.083242  0.033652] [ 0.88697145 -0.31556876  0.33719136]
[-0.002379 -0.086161 -0.002712] [-0.8676966  -0.36666461  0.33564815]
[-0.018348 -0.093159 -0.001417] [0.39236239 0.85698637 0.33410494]
[-0.019079  0.066262  0.012824] [ 0.28973779 -0.89747129  0.33256173]
[-0.010795 -0.088293 -0.002413] [-0.82034863  0.46632056  0.33101852]
[-0.045568 -0.083242  0.033652] [0.92042092 0.2104076  0.32947531]
[ 0.0211   -0.04531   0.043966] [-0.53686668 -0.77732535  0.3279321 ]
[-0.018583 -0.092945 -0.00155 ] [-0.12928002  0.93635302  0.32638889]
[-0.045363 -0.065087  0.004227] [ 0.72823366 -0.60344927  0.32484568]
[-0.002379 -0.086161 -0.002712] [-0.94512895 -0.0469763   0.32330247]
[-0.045568 -0.083242  0.033652] [0.66554627 0.6734383  0.32175926]
[-0.019079  0.066262  0.012824] [-0.03587187 -0.94666514  0.32021605]
[-0.018079 -0.093326 -0.00127 ] [-0.61334894  0.72266915  0.31867284]
[-0.045568 -0.083242  0.033652] [ 0.94093378 -0.1186272   0.31712963]
[-0.002124 -0.085872 -0.0025  ] [-0.77436679 -0.54841707  0.31558642]
[-0.018348 -0.093159 -0.001417] [0.20065174 0.92796322 0.31404321]
[ 0.01721  -0.092741  0.000714] [ 0.47913257 -0.82022907  0.3125    ]
[-0.002446 -0.086783 -0.002671] [-0.90783783  0.28131184  0.31095679]
[-0.045568 -0.083242  0.033652] [0.85989009 0.40602003 0.30941358]
[-0.019079  0.066262  0.012824] [-0.35998307 -0.88069747  0.30787037]
[-0.018348 -0.093159 -0.001417] [-0.32963472  0.89303114  0.30632716]
[-0.045568 -0.083242  0.033652] [ 0.84673652 -0.43605505  0.30478395]
[-0.002379 -0.086161 -0.002712] [-0.91938325 -0.25055837  0.30324074]
[-0.017477 -0.093584 -0.001007] [0.50893626 0.80620251 0.30169753]
[-0.019079  0.066262  0.012824] [ 0.16939469 -0.93872937  0.30015432]
[-0.011049 -0.087992 -0.002813] [-0.75939424  0.57805864  0.29861111]
[-0.045568 -0.083242  0.033652] [0.95090617 0.08676474 0.2970679 ]
[ 0.017422 -0.091413 -0.000381] [-0.64288204 -0.70665963  0.29552469]
[-0.018348 -0.093159 -0.001417] [-0.00330216  0.95580541  0.29398148]
[-0.04523  -0.064785  0.003838] [ 0.64839309 -0.70289847  0.29243827]
[-0.002379 -0.086161 -0.002712] [-0.95337488  0.08035174  0.29089506]
[-0.045568 -0.083242  0.033652] [0.75763608 0.58503254 0.28935185]
[-0.019079  0.066262  0.012824] [-0.16355289 -0.9436189   0.28780864]
[-0.018348 -0.093159 -0.001417] [-0.51705614  0.80666291  0.28626543]
[-0.045568 -0.083242  0.033652] [ 0.92659843 -0.24565953  0.28472222]
[-0.002025 -0.085345 -0.002375] [-0.84959031 -0.44497859  0.28317901]
[-0.018079 -0.093326 -0.00127 ] [0.32603711 0.90243065 0.2816358 ]
[-0.019079  0.066262  0.012824] [ 0.36934728 -0.88607603  0.28009259]
[-0.002446 -0.086783 -0.002671] [-0.8712882   0.40406325  0.27854938]
[-0.045568 -0.083242  0.033652] [0.91582692 0.29073808 0.27700617]
[-0.019079  0.066262  0.012824] [-0.47913258 -0.83339794  0.27546296]
[-0.018348 -0.093159 -0.001417] [-0.20975091  0.93860137  0.27391975]
[-0.045568 -0.083242  0.033652] [ 0.78903924 -0.55066151  0.27237654]
[-0.002492 -0.085659 -0.00276 ] [-0.95421119 -0.12700515  0.27083333]
[-0.017477 -0.093584 -0.001007] [0.61809269 0.73854198 0.26929012]
[-0.019079  0.066262  0.012824] [ 0.04313489 -0.96252323  0.26774691]
[-0.016922 -0.093698 -0.000867] [-0.68228403  0.68089947  0.2662037 ]
[-0.045568 -0.083242  0.033652] [ 0.96346046 -0.041216    0.26466049]
[-0.00213  -0.058183 -0.002484] [-0.73858999 -0.62068843  0.26311728]
[-0.018348 -0.093159 -0.001417] [0.12539877 0.95700269 0.26157407]
[-0.045835 -0.058363  0.006932] [ 0.55422016 -0.79071105  0.26003086]
[-0.002456 -0.085101 -0.002696] [-0.9431868   0.2087649   0.25848765]
[-0.045568 -0.083242  0.033652] [0.83685169 0.48338267 0.25694444]
[-0.019079  0.066262  0.012824] [-0.29067104 -0.92210658  0.25540123]
[-0.018348 -0.093159 -0.001417] [-0.40871397  0.87664645  0.25385802]
[-0.045568 -0.083242  0.033652] [ 0.89391207 -0.37048406  0.25231481]
[-0.002025 -0.085345 -0.002375] [-0.90977827 -0.33078257  0.2507716 ]
[-0.017477 -0.093584 -0.001007] [0.44758592 0.85880851 0.2492284 ]
[-0.019079  0.066262  0.012824] [ 0.2501831  -0.93598102  0.24768519]
[-0.010795 -0.088293 -0.002413] [-0.8170548   0.52137854  0.24614198]
[-0.045568 -0.083242  0.033652] [0.95504165 0.16753177 0.24459877]
[ 0.021148 -0.045639  0.043701] [-0.59128841 -0.76896164  0.24305556]
[-0.018348 -0.093159 -0.001417] [-0.0834616   0.96680192  0.24151235]
[-0.045363 -0.065087  0.004227] [ 0.71488917 -0.6567711   0.23996914]
[-0.002456 -0.085101 -0.002696] [-0.9711597   0.00138242  0.23842593]
[-0.045568 -0.083242  0.033652] [0.71731552 0.65524425 0.23688272]
[-0.019079  0.066262  0.012824] [-0.08634832 -0.96806988  0.23533951]
[-0.017477 -0.093584 -0.001007] [-0.59047739  0.77244789  0.2337963 ]
[-0.045568 -0.083242  0.033652] [ 0.95754474 -0.17078222  0.23225309]
[-0.002395 -0.083378 -0.002584] [-0.82173553 -0.52107933  0.23070988]
[-0.017477 -0.093584 -0.001007] [0.25403333 0.93965403 0.22916667]
[ 0.016852 -0.092833  0.001243] [ 0.44757731 -0.86479021  0.22762346]
[-0.002183 -0.086534 -0.002565] [-0.91452444  0.33545904  0.22608025]
[-0.045568 -0.083242  0.033652] [0.90127126 0.37053102 0.22453704]
[-0.019079  0.066262  0.012824] [-0.41442989 -0.88233872  0.22299383]
[-0.017999 -0.093117 -0.001404] [-0.29052833  0.93088824  0.22145062]
[-0.045568 -0.083242  0.033652] [ 0.84333437 -0.49033445  0.21990741]
[-0.002124 -0.085872 -0.0025  ] [-0.9534033  -0.20818075  0.2183642 ]
[-0.017477 -0.093584 -0.001007] [0.56258411 0.79780184 0.21682099]
[-0.019079  0.066262  0.012824] [ 0.12411879 -0.96863306  0.21527778]
[-0.011766 -0.088613 -0.002204] [-0.7460824   0.63061762  0.21373457]
[-0.045568 -0.083242  0.033652] [0.97645012 0.03898704 0.21219136]
[ 0.014931 -0.092352  0.105519] [-0.69390551 -0.68856553  0.21064815]
[-0.018079 -0.093326 -0.00127 ] [0.04656077 0.97678412 0.20910494]
[-0.04637  -0.061529  0.008576] [ 0.62568598 -0.75195424  0.20756173]
[-0.002574 -0.084394 -0.002798] [-0.96962236  0.1318668   0.20601852]
[-0.045568 -0.083242  0.033652] [0.80431001 0.55792047 0.20447531]
[-0.019079  0.066262  0.012824] [-0.21627422 -0.95500996  0.2029321 ]
[-0.017477 -0.093584 -0.001007] [-0.48578406  0.85056238  0.20138889]
[-0.045568 -0.083242  0.033652] [ 0.93304961 -0.29913229  0.19984568]
[-0.002278 -0.084188 -0.002517] [-0.89034747 -0.4098262   0.19830247]
[-0.017477 -0.093584 -0.001007] [0.37980135 0.90390084 0.19675926]
[-0.019079  0.066262  0.012824] [ 0.33062652 -0.92335085  0.19521605]
[-0.002587 -0.080248 -0.002679] [-0.86777883  0.45765788  0.19367284]
[-0.045568 -0.083242  0.033652] [0.94931003 0.24879041 0.19212963]
[ 0.0211   -0.04531   0.043966] [-0.53209924 -0.82495285  0.19058642]
[-0.018079 -0.093326 -0.00127 ] [-0.16494434  0.96801654  0.18904321]
[-0.045568 -0.083242  0.033652] [ 0.77574424 -0.60254845  0.1875    ]
[-0.00227  -0.084847 -0.002538] [-0.97931764 -0.07973103  0.18595679]
[-0.045568 -0.083242  0.033652] [0.66845859 0.72052393 0.18441358]
[-0.019079  0.066262  0.012824] [-0.00619546 -0.98311751  0.18287037]
[-0.016922 -0.093698 -0.000867] [-0.65970972  0.72931718  0.18132716]
[-0.045568 -0.083242  0.033652] [ 0.97937814 -0.09217482  0.17978395]
[ 0.019053 -0.067224  0.044872] [-0.78465006 -0.59376302  0.17824074]
[-0.017477 -0.093584 -0.001007] [0.17754558 0.96811959 0.17669753]
[-0.046196 -0.056362  0.008892] [ 0.52318536 -0.8340252   0.17515432]
[-0.002341 -0.081663 -0.002441] [-0.94942001  0.26165021  0.17361111]
[-0.045568 -0.083242  0.033652] [0.87705605 0.44851458 0.1720679 ]
[-0.019079  0.066262  0.012824] [-0.34384021 -0.92341499  0.17052469]
[-0.017477 -0.093584 -0.001007] [-0.37032066  0.91340455  0.16898148]
[-0.045568 -0.083242  0.033652] [ 0.89029664 -0.42348119  0.16743827]
[-0.002278 -0.084188 -0.002517] [-0.94278385 -0.28920139  0.16589506]
[-0.017477 -0.093584 -0.001007] [0.49995769 0.85031217 0.16435185]
[-0.019079  0.066262  0.012824] [ 0.20577774 -0.96496055  0.16280864]
[-0.002176 -0.061082 -0.002542] [-0.80376197  0.57267806  0.16126543]
[-0.045568 -0.083242  0.033652] [0.97975658 0.12068911 0.15972222]
[ 0.014636 -0.091627  0.109676] [-0.64107899 -0.75099742  0.15817901]
[-0.017477 -0.093584 -0.001007] [-0.03458838  0.98705059  0.1566358 ]
[-0.045363 -0.065087  0.004227] [ 0.69241817 -0.70462995  0.15509259]
[-0.002278 -0.084188 -0.002517] [-0.98677901  0.0518631   0.15354938]
[-0.045568 -0.083242  0.033652] [0.76283728 0.6284691  0.15200617]
[-0.019079  0.066262  0.012824] [-0.13800065 -0.97893652  0.15046296]
[-0.016922 -0.093698 -0.000867] [-0.55963697  0.81524804  0.14891975]
[-0.045568 -0.083242  0.033652] [ 0.96357624 -0.22316135  0.14737654]
[ 0.019053 -0.067224  0.044872] [-0.86145361 -0.48644662  0.14583333]
[-0.017477 -0.093584 -0.001007] [0.30668924 0.94080926 0.14429012]
[-0.019079  0.066262  0.012824] [ 0.40945701 -0.90109282  0.14274691]
[-0.002309 -0.080207 -0.002461] [-0.91080395  0.3879403   0.1412037 ]
[-0.045568 -0.083242  0.033652] [0.93385483 0.3292569  0.13966049]
[-0.019079  0.066262  0.012824] [-0.46628754 -0.87378461  0.13811728]
[-0.017477 -0.093584 -0.001007] [-0.24646034  0.95948154  0.13657407]
[-0.045568 -0.083242  0.033652] [ 0.83002985 -0.54112578  0.13503086]
[-0.002377 -0.079421 -0.002595] [-0.97776967 -0.16170191  0.13348765]
[-0.0165   -0.093795 -0.000702] [0.61187641 0.77987046 0.13194444]
[-0.019079  0.066262  0.012824] [ 0.07563188 -0.98857237  0.13040123]
[-0.014976 -0.09391  -0.00024 ] [-0.72368687  0.67799183  0.12885802]
[-0.045568 -0.083242  0.033652] [ 0.99180037 -0.01108885  0.12731481]
[ 0.019109 -0.067316  0.045522] [-0.73895978 -0.6619063   0.1257716 ]
[-0.017477 -0.093584 -0.001007] [0.09779382 0.98742274 0.1242284 ]
[-0.045835 -0.058363  0.006932] [ 0.59499946 -0.79430724  0.12268519]
[-0.002309 -0.080207 -0.002461] [-0.97546719  0.18381618  0.12114198]
[-0.045568 -0.083242  0.033652] [0.84360418 0.52347695 0.11959877]
[-0.019079  0.066262  0.012824] [-0.26849381 -0.95601985  0.11805556]
[-0.017477 -0.093584 -0.001007] [-0.44788534  0.88646692  0.11651235]
[-0.045568 -0.083242  0.033652] [ 0.92922472 -0.35117448  0.11496914]
[-0.002301 -0.04802  -0.002378] [-0.92256106 -0.36880299  0.11342593]
[-0.017477 -0.093584 -0.001007] [0.4312209  0.89528252 0.11188272]
[-0.019079  0.066262  0.012824] [ 0.28683558 -0.9516042   0.11033951]
[ 0.019053 -0.067224  0.044872] [-0.85444925  0.5080156   0.1087963 ]
[-0.045568 -0.083242  0.033652] [0.97336806 0.20261145 0.10725309]
[ 0.0211   -0.04531   0.043966] [-0.5809658  -0.80703418  0.10570988]
[-0.017477 -0.093584 -0.001007] [-0.11677677  0.98768036  0.10416667]
[-0.045363 -0.065087  0.004227] [ 0.75339756 -0.64950793  0.10262346]
[-0.002586 -0.076045 -0.002599] [-0.99442614 -0.02999057  0.10108025]
[-0.045568 -0.083242  0.033652] [0.71311205 0.69394782 0.09953704]
[-0.019079  0.066262  0.012824] [-0.0570804  -0.99354871  0.09799383]
[-0.0165   -0.093795 -0.000702] [-0.62913849  0.77128597  0.09645062]
[-0.045568 -0.083242  0.033652] [ 0.9850501  -0.14376675  0.09490741]
[ 0.019053 -0.067224  0.044872] [-0.82357904 -0.55946465  0.0933642 ]
[-0.017477 -0.093584 -0.001007] [0.22940167 0.96899112 0.09182099]
[-0.019079  0.066262  0.012824] [ 0.48545922 -0.86958569  0.09027778]
[-0.002586 -0.076045 -0.002599] [-0.94549086  0.31332606  0.08873457]
[-0.045568 -0.083242  0.033652] [0.90894858 0.40768878 0.08719136]
[-0.019079  0.066262  0.012824] [-0.39489364 -0.91472587  0.08564815]
[-0.017477 -0.093584 -0.001007] [-0.32674927  0.94136139  0.08410494]
[-0.045568 -0.083242  0.033652] [ 0.87692878 -0.47347594  0.08256173]
[-0.002301 -0.04802  -0.002378] [-0.96657121 -0.24326137  0.08101852]
[-0.016922 -0.093698 -0.000867] [0.5484672  0.83238658 0.07947531]
[-0.019079  0.066262  0.012824] [ 0.1578657  -0.98438052  0.0779321 ]
[-0.041586 -0.093626  0.000931] [-0.78143835  0.61928899  0.07638889]
[-0.045568 -0.083242  0.033652] [0.99464875 0.07121795 0.07484568]
[ 0.014931 -0.092352  0.105519] [-0.68539477 -0.72447274  0.07330247]
[-0.017477 -0.093584 -0.001007] [0.01601627 0.99729338 0.07175926]
[-0.04637  -0.061529  0.008576] [ 0.66192498 -0.7462741   0.07021605]
[-0.002586 -0.076045 -0.002599] [-0.99229064  0.10316651  0.06867284]
[-0.045568 -0.083242  0.033652] [0.80145658 0.59427348 0.06712963]
[-0.019079  0.066262  0.012824] [-0.18956266 -0.97967567  0.06558642]
[-0.016922 -0.093698 -0.000867] [-0.52203623  0.85051552  0.06404321]
[-0.045568 -0.083242  0.033652] [ 0.95954231 -0.27454018  0.0625    ]
[ 0.019053 -0.067224  0.044872] [-0.89307126 -0.44576676  0.06095679]
[-0.016922 -0.093698 -0.000867] [0.35744515 0.93204238 0.05941358]
[-0.019079  0.066262  0.012824] [ 0.36604989 -0.92879411  0.05787037]
[ 0.019053 -0.067224  0.044872] [-0.89738453  0.43763941  0.05632716]
[-0.045568 -0.083242  0.033652] [0.95740693 0.28349724 0.05478395]
[ 0.021022 -0.045412  0.045259] [-0.51450545 -0.85583267  0.05324074]
[-0.017477 -0.093584 -0.001007] [-0.19874249  0.97868728  0.05169753]
[-0.045568 -0.083242  0.033652] [ 0.80770393 -0.5874512   0.05015432]
[-0.002301 -0.04802  -0.002378] [-0.99246914 -0.11243652  0.04861111]
[-0.045568 -0.083242  0.033652] [0.65591461 0.7533662  0.0470679 ]
[-0.019079  0.066262  0.012824] [ 0.02524235 -0.99864424  0.04552469]
[-0.040248 -0.093458  0.085944] [-0.69323539  0.71936801  0.04398148]
[-0.045568 -0.083242  0.033652] [ 0.99716292 -0.06216996  0.04243827]
[ 0.019078 -0.067266  0.044537] [-0.77732217 -0.62777212  0.04089506]
[-0.017477 -0.093584 -0.001007] [0.14912846 0.98803448 0.03935185]
[-0.046196 -0.056362  0.008892] [ 0.55747826 -0.82933015  0.03780864]
[ 0.019053 -0.067224  0.044872] [-0.97132718  0.23496454  0.03626543]
[-0.045568 -0.083242  0.033652] [0.87499068 0.48289303 0.03472222]
[-0.019079  0.066262  0.012824] [-0.31901808 -0.94716768  0.03317901]
[-0.016922 -0.093698 -0.000867] [-0.40458883  0.91395134  0.0316358 ]
[-0.045568 -0.083242  0.033652] [ 0.91574013 -0.40064255  0.03009259]
[ 0.019053 -0.067224  0.044872] [-0.94591126 -0.32316686  0.02854938]
[-0.016922 -0.093698 -0.000867] [0.47921001 0.8772847  0.02700617]
[-0.019079  0.066262  0.012824] [ 0.23925245 -0.97062346  0.02546296]
[ 0.019053 -0.067224  0.044872] [-0.83209576  0.55411596  0.02391975]
[-0.045568 -0.083242  0.033652] [0.98789677 0.15349024 0.02237654]
[ 0.014636 -0.091627  0.109676] [-0.62478401 -0.78051964  0.02083333]
[-0.017477 -0.093584 -0.001007] [-0.06653922  0.99759733  0.01929012]
[-0.045388 -0.065663  0.004237] [ 0.72295193 -0.69067037  0.01774691]
[ 0.019053 -0.067224  0.044872] [-0.99964958  0.02093238  0.0162037 ]
[-0.045568 -0.083242  0.033652] [0.751268   0.65983442 0.01466049]
[-0.019079  0.066262  0.012824] [-0.10825221 -0.99403692  0.01311728]
[-0.0165   -0.093795 -0.000702] [-0.59165175  0.80611057  0.01157407]
[-0.045568 -0.083242  0.033652] [ 0.9808018  -0.19474908  0.01003086]
[ 0.019053 -0.067224  0.044872] [-0.85477605 -0.51892761  0.00848765]
[-0.016922 -0.093698 -0.000867] [0.27975803 0.96004543 0.00694444]
[-0.019079  0.066262  0.012824] [ 0.44222072 -0.89689     0.00540123]
[ 0.019053 -0.067224  0.044872] [-0.93192694  0.36262556  0.00385802]
[-0.045568 -0.083242  0.033652] [0.93212841 0.36212053 0.00231481]
[-0.019079  0.066262  0.012824] [-4.42714631e-01 -8.96662233e-01  7.71604938e-04]
[-0.016922 -0.093698 -0.000867] [-2.79242645e-01  9.60220261e-01 -7.71604938e-04]
[-0.045568 -0.083242  0.033652] [ 0.85452227 -0.5194096  -0.00231481]
[ 0.019053 -0.067224  0.044872] [-0.9809496  -0.1942241  -0.00385802]
[-0.0165   -0.093795 -0.000702] [ 0.59212098  0.80583098 -0.00540123]
[-0.019079  0.066262  0.012824] [ 0.10771839 -0.99415719 -0.00694444]
[-0.041469 -0.093625  0.089894] [-0.75096278  0.66028998 -0.00848765]
[-0.045568 -0.083242  0.033652] [ 0.99974177  0.0203905  -0.01003086]
[ 0.018592 -0.073953  0.03963 ] [-0.72339282 -0.69033967 -0.01157407]
[-0.016922 -0.093698 -0.000867] [ 0.06708833  0.99766081 -0.01311728]
[-0.045835 -0.058363  0.006932] [ 0.62442796 -0.78094481 -0.01466049]
[ 0.019053 -0.067224  0.044872] [-0.98793085  0.1540457  -0.0162037 ]
[-0.045568 -0.083242  0.033652] [ 0.83250402  0.55373469 -0.01774691]
[-0.019079  0.066262  0.012824] [-0.23981329 -0.97062736 -0.01929012]
[-0.016922 -0.093698 -0.000867] [-0.47880367  0.87767478 -0.02083333]
[-0.045568 -0.083242  0.033652] [ 0.94588417 -0.32373203 -0.02237654]
[ 0.019053 -0.067224  0.044872] [-0.91611065 -0.40021135 -0.02391975]
[-0.016922 -0.093698 -0.000867] [ 0.40515715  0.9138924  -0.02546296]
[-0.019079  0.066262  0.012824] [ 0.31856226 -0.94751715 -0.02700617]
[ 0.019053 -0.067224  0.044872] [-0.874899    0.4834632  -0.02854938]
[-0.045568 -0.083242  0.033652] [ 0.97165399  0.23448445 -0.03009259]
[ 0.0211   -0.04531   0.043966] [-0.55804884 -0.82920484 -0.0316358 ]
[-0.016922 -0.093698 -0.000867] [-0.14862453  0.98833694 -0.03317901]
[-0.045568 -0.083242  0.033652] [ 0.77716235 -0.62834151 -0.03472222]
[ 0.019053 -0.067224  0.044872] [-0.99743921 -0.06164277 -0.03626543]
[-0.045568 -0.083242  0.033652] [ 0.69380183  0.71917281 -0.03780864]
[-0.019079  0.066262  0.012824] [-0.02579209 -0.99889249 -0.03935185]
[-0.040248 -0.093458  0.085944] [-0.65568323  0.75392778 -0.04089506]
[-0.045568 -0.083242  0.033652] [ 0.99268736 -0.11300794 -0.04243827]
[ 0.019053 -0.067224  0.044872] [-0.80825854 -0.58718291 -0.04398148]
[-0.016922 -0.093698 -0.000867] [ 0.19933454  0.97887346 -0.04552469]
[-0.019079  0.066262  0.012824] [ 0.51419962 -0.85637805 -0.0470679 ]
[ 0.019053 -0.067224  0.044872] [-0.957559    0.28410865 -0.04861111]
[-0.045568 -0.083242  0.033652] [ 0.89791824  0.43729553 -0.05015432]
[-0.019079  0.066262  0.012824] [-0.36667919 -0.92890997 -0.05169753]
[-0.016922 -0.093698 -0.000867] [-0.35706285  0.93256182 -0.05324074]
[-0.045568 -0.083242  0.033652] [ 0.89314883 -0.44641225 -0.05478395]
[ 0.019053 -0.067224  0.044872] [-0.96004472 -0.27411929 -0.05632716]
[-0.0165   -0.093795 -0.000702] [ 0.52269597  0.85055273 -0.05787037]
[-0.019079  0.066262  0.012824] [ 0.1891032  -0.98015815 -0.05941358]
[-0.041586 -0.093626  0.000931] [-0.80145142  0.59494528 -0.06095679]
[-0.045568 -0.083242  0.033652] [ 0.99275016  0.1026687  -0.0625    ]
[ 0.014931 -0.092352  0.105519] [-0.6626064  -0.74622465 -0.06404321]
[-0.016922 -0.093698 -0.000867] [-0.01548062  0.9977268  -0.06558642]
[-0.04637  -0.061529  0.008576] [ 0.6852992  -0.7251611  -0.06712963]
[ 0.019053 -0.067224  0.044872] [-0.99505283  0.0717907  -0.06867284]
[-0.045568 -0.083242  0.033652] [ 0.78213068  0.61914562 -0.07021605]
[-0.019079  0.066262  0.012824] [-0.15847452 -0.98475197 -0.07175926]
[-0.0165   -0.093795 -0.000702] [-0.54827452  0.83307971 -0.07330247]
[-0.045568 -0.083242  0.033652] [ 0.96690668 -0.24390489 -0.07484568]
[ 0.019053 -0.067224  0.044872] [-0.87761927 -0.47323266 -0.07638889]
[-0.016922 -0.093698 -0.000867] [ 0.32742585  0.94165753 -0.0779321 ]
[-0.019079  0.066262  0.012824] [ 0.39459866 -0.91541006 -0.07947531]
[ 0.019053 -0.067224  0.044872] [-0.90920205  0.40839642 -0.08101852]
[-0.045568 -0.083242  0.033652] [ 0.94616487  0.31297858 -0.08256173]
[ 0.021022 -0.045412  0.045259] [-0.48619557 -0.86979321 -0.08410494]
[-0.016922 -0.093698 -0.000867] [-0.22900117  0.96965089 -0.08564815]
[-0.045568 -0.083242  0.033652] [ 0.82373742 -0.56022704 -0.08719136]
[ 0.019053 -0.067224  0.044872] [-0.98569141 -0.14331304 -0.08873457]
[-0.0165   -0.093795 -0.000702] [ 0.62992388  0.77139213 -0.09027778]
[-0.019079  0.066262  0.012824] [ 0.05657362 -0.99416716 -0.09182099]
[-0.039947 -0.093461  0.08475 ] [-0.7131631   0.69475285 -0.0933642 ]
[-0.045568 -0.083242  0.033652] [ 0.99501723 -0.0305499  -0.09490741]
[ 0.019109 -0.067316  0.045522] [-0.7542185  -0.64950114 -0.09645062]
[-0.016922 -0.093698 -0.000867] [ 0.11738775  0.98823951 -0.09799383]
[-0.046196 -0.056362  0.008892] [ 0.5808987  -0.80786699 -0.09953704]
[ 0.019053 -0.067224  0.044872] [-0.97389064  0.20327275 -0.10108025]
[-0.045568 -0.083242  0.033652] [ 0.85528956  0.507886   -0.10262346]
[-0.019079  0.066262  0.012824] [-0.28754546 -0.95208556 -0.10416667]
[-0.0165   -0.093795 -0.000702] [-0.43102689  0.89612568 -0.10570988]
[-0.045568 -0.083242  0.033652] [ 0.9229966  -0.36955928 -0.10725309]
[ 0.019053 -0.067224  0.044872] [-0.93006578 -0.35091454 -0.1087963 ]
[-0.0165   -0.093795 -0.000702] [ 0.4486854   0.88685208 -0.11033951]
[-0.019079  0.066262  0.012824] [ 0.26816676 -0.95685362 -0.11188272]
[ 0.019053 -0.067224  0.044872] [-0.84393454  0.5243177  -0.11342593]
[-0.045568 -0.083242  0.033652] [ 0.97628824  0.18342128 -0.11496914]
[ 0.019659 -0.058667  0.045824] [-0.59587739 -0.79457851 -0.11651235]
[-0.016922 -0.093698 -0.000867] [-0.09733077  0.98822548 -0.11805556]
[-0.045441 -0.064878  0.004712] [ 0.7391679  -0.66281743 -0.11959877]
[ 0.019053 -0.067224  0.044872] [-0.99257904 -0.01055781 -0.12114198]
[-0.045568 -0.083242  0.033652] [ 0.7246268   0.67813299 -0.12268519]
[-0.019079  0.066262  0.012824] [-0.07623024 -0.98932111 -0.1242284 ]
[-0.040248 -0.093458  0.085944] [-0.61194707  0.78083436 -0.1257716 ]
[-0.045568 -0.083242  0.033652] [ 0.97848254 -0.16236642 -0.12731481]
[ 0.019053 -0.067224  0.044872] [-0.8310125  -0.54112276 -0.12885802]
[-0.0165   -0.093795 -0.000702] [ 0.24718928  0.96015258 -0.13040123]
[-0.019079  0.066262  0.012824] [ 0.46620803 -0.87478039 -0.13194444]
[ 0.019053 -0.067224  0.044872] [-0.93447812  0.33004802 -0.13348765]
[-0.045568 -0.083242  0.033652] [ 0.91180691  0.38778193 -0.13503086]
[-0.019079  0.066262  0.012824] [-0.4103075  -0.90166251 -0.13657407]
[-0.0165   -0.093795 -0.000702] [-0.30645009  0.94181312 -0.13811728]
[-0.045568 -0.083242  0.033652] [ 0.86196398 -0.4873531  -0.13966049]
[ 0.019053 -0.067224  0.044872] [-0.96457443 -0.22284002 -0.1412037 ]
[-0.0165   -0.093795 -0.000702] [ 0.56059553  0.81569355 -0.14274691]
[-0.019079  0.066262  0.012824] [ 0.13759626 -0.97992226 -0.14429012]
[-0.037952 -0.093805 -0.000742] [-0.76321263  0.62947528 -0.14583333]
[-0.045568 -0.083242  0.033652] [ 0.98774527  0.05137536 -0.14737654]
[ 0.014879 -0.092588  0.106207] [-0.69346695 -0.70493014 -0.14891975]
[-0.016922 -0.093698 -0.000867] [ 0.03515917  0.98799025 -0.15046296]
[-0.046273 -0.056709  0.008779] [ 0.64129935 -0.75208328 -0.15200617]
[ 0.019053 -0.067224  0.044872] [-0.98066238  0.12134202 -0.15354938]
[-0.045568 -0.083242  0.033652] [ 0.80487889  0.57281433 -0.15509259]
[-0.019079  0.066262  0.012824] [-0.20651121 -0.96582521 -0.1566358 ]
[-0.040248 -0.093458  0.085944] [-0.50000606  0.85145366 -0.15817901]
[-0.045568 -0.083242  0.033652] [ 0.9436001  -0.2900132  -0.15972222]
[ 0.019053 -0.067224  0.044872] [-0.89145579 -0.42343834 -0.16126543]
[-0.0165   -0.093795 -0.000702] [ 0.37120793  0.9141652  -0.16280864]
[-0.019079  0.066262  0.012824] [ 0.34370339 -0.92458448 -0.16435185]
[ 0.019053 -0.067224  0.044872] [-0.87775405  0.44947376 -0.16589506]
[-0.045568 -0.083242  0.033652] [ 0.95059217  0.26141722 -0.16743827]
[ 0.021022 -0.045412  0.045259] [-0.52421223 -0.8346537  -0.16898148]
[-0.0165   -0.093795 -0.000702] [-0.17721488  0.96928645 -0.17052469]
[-0.045568 -0.083242  0.033652] [ 0.78520246 -0.5948527  -0.1720679 ]
[ 0.019053 -0.067224  0.044872] [-0.98053146 -0.09174554 -0.17361111]
[-0.045568 -0.083242  0.033652] [ 0.66085671  0.72978721 -0.17515432]
[-0.019079  0.066262  0.012824] [ 0.00566741 -0.98424888 -0.17669753]
[-0.040248 -0.093458  0.085944] [-0.66884038  0.72172209 -0.17824074]
[-0.045568 -0.083242  0.033652] [ 0.9804185  -0.08035729 -0.17978395]
[ 0.019053 -0.067224  0.044872] [-0.77698683 -0.60283656 -0.18132716]
[-0.0165   -0.093795 -0.000702] [ 0.1656675   0.96907828 -0.18287037]
[-0.019079  0.066262  0.012824] [ 0.53228877 -0.82623259 -0.18441358]
[ 0.019053 -0.067224  0.044872] [-0.950324    0.24960842 -0.18595679]
[-0.045568 -0.083242  0.033652] [ 0.86908789  0.45774447 -0.1875    ]
[-0.019079  0.066262  0.012824] [-0.33153654 -0.92430849 -0.18904321]
[-0.0165   -0.093795 -0.000702] [-0.37978127  0.90523091 -0.19058642]
[-0.045568 -0.083242  0.033652] [ 0.89124035 -0.41082459 -0.19212963]
[ 0.019053 -0.067224  0.044872] [-0.93439197 -0.29900248 -0.19367284]
[-0.0165   -0.093795 -0.000702] [ 0.48686643  0.85138227 -0.19521605]
[-0.019079  0.066262  0.012824] [ 0.21603235 -0.95635549 -0.19675926]
[-0.041586 -0.093626  0.000931] [-0.80504897  0.55908164 -0.19830247]
[-0.045568 -0.083242  0.033652] [ 0.97096163  0.13151129 -0.19984568]
[ 0.014574 -0.091851  0.110935] [-0.62692003 -0.75260467 -0.20138889]
[-0.0165   -0.093795 -0.000702] [-0.04609084  0.97810746 -0.2029321 ]
[-0.045711 -0.058074  0.006562] [ 0.69446025 -0.68986579 -0.20447531]
[ 0.019053 -0.067224  0.044872] [-0.97774766  0.03957132 -0.20601852]
[-0.045568 -0.083242  0.033652] [ 0.74744151  0.63106997 -0.20756173]
[-0.019079  0.066262  0.012824] [-0.12481651 -0.96989482 -0.20910494]
[-0.040248 -0.093458  0.085944] [-0.56292797  0.79921177 -0.21064815]
[-0.045568 -0.083242  0.033652] [ 0.95461927 -0.20899012 -0.21219136]
[ 0.019053 -0.067224  0.044872] [-0.84478646 -0.49056433 -0.21373457]
[-0.0165   -0.093795 -0.000702] [ 0.29144665  0.93204846 -0.21527778]
[-0.019079  0.066262  0.012824] [ 0.41454099 -0.88382375 -0.21682099]
[ 0.019053 -0.067224  0.044872] [-0.90236587  0.37155473 -0.2183642 ]
[-0.045568 -0.083242  0.033652] [ 0.91603266  0.33544731 -0.21990741]
[ 0.021022 -0.045412  0.045259] [-0.44870191 -0.86580957 -0.22145062]
[-0.0165   -0.093795 -0.000702] [-0.25389553  0.94117523 -0.22299383]
[-0.045568 -0.083242  0.033652] [ 0.82267028 -0.52229946 -0.22453704]
[ 0.019053 -0.067224  0.044872] [-0.95906831 -0.17051596 -0.22608025]
[-0.040248 -0.093458  0.085944] [ 0.5917868   0.77328904 -0.22762346]
[-0.019079  0.066262  0.012824] [ 0.08595211 -0.9695849  -0.22916667]
[-0.041469 -0.093625  0.089894] [-0.71805453  0.65663586 -0.23070988]
[-0.045568 -0.083242  0.033652] [ 9.72655012e-01  8.55694871e-04 -2.32253086e-01]
[ 0.018592 -0.073953  0.03963 ] [-0.71635507 -0.65739996 -0.2337963 ]
[-0.0165   -0.093795 -0.000702] [ 0.08411842  0.96826619 -0.23533951]
[-0.046338 -0.056559  0.009267] [ 0.5917997  -0.77049315 -0.23688272]
[ 0.019053 -0.067224  0.044872] [-0.95646347  0.16831728 -0.23842593]
[-0.045568 -0.083242  0.033652] [ 0.81864249  0.52176554 -0.23996914]
[-0.019079  0.066262  0.012824] [-0.2510949  -0.937349   -0.24151235]
[-0.040248 -0.093458  0.085944] [-0.44784266  0.8604423  -0.24305556]
[-0.045568 -0.083242  0.033652] [ 0.9110811  -0.33181722 -0.24459877]
[ 0.019053 -0.067224  0.044872] [-0.89558125 -0.37060539 -0.24614198]
[-0.0165   -0.093795 -0.000702] [ 0.40986704  0.87787303 -0.24768519]
[-0.019079  0.066262  0.012824] [ 0.29065271 -0.92379988 -0.2492284 ]
[ 0.019053 -0.067224  0.044872] [-0.83799119  0.48464871 -0.2507716 ]
[-0.045568 -0.083242  0.033652] [ 0.94489247  0.20860358 -0.25231481]
[ 0.021022 -0.045412  0.045259] [-0.55559272 -0.79175302 -0.25385802]
[-0.0165   -0.093795 -0.000702] [-0.12509213  0.95870859 -0.25540123]
[-0.045523 -0.065731  0.005065] [ 0.73952444 -0.62216008 -0.25694444]
[ 0.019053 -0.067224  0.044872] [-0.96515415 -0.04076273 -0.25848765]
[-0.045568 -0.083242  0.033652] [ 0.68384642  0.68171697 -0.26003086]
[-0.019079  0.066262  0.012824] [-0.04373498 -0.96419202 -0.26157407]
[-0.040248 -0.093458  0.085944] [-0.61878444  0.74018586 -0.26311728]
[-0.045568 -0.083242  0.033652] [ 0.95584227 -0.1277512  -0.26466049]
[ 0.019053 -0.067224  0.044872] [-0.79075451 -0.55121946 -0.2662037 ]
[-0.0165   -0.093795 -0.000702] [ 0.2106409   0.9401819  -0.26774691]
[-0.019079  0.066262  0.012824] [ 0.4795495  -0.8351737  -0.26929012]
[ 0.019053 -0.067224  0.044872] [-0.91734412  0.29176887 -0.27083333]
[-0.045568 -0.083242  0.033652] [ 0.87311285  0.40433275 -0.27237654]
[-0.019079  0.066262  0.012824] [-0.37051458 -0.88751728 -0.27391975]
[-0.0165   -0.093795 -0.000702] [-0.32615381  0.9042919  -0.27546296]
[-0.045568 -0.083242  0.033652] [ 0.85094327 -0.44627697 -0.27700617]
[ 0.019053 -0.067224  0.044872] [-0.92848345 -0.24561905 -0.27854938]
[-0.040248 -0.093458  0.085944] [ 0.51847906  0.80791559 -0.28009259]
[-0.019079  0.066262  0.012824] [ 0.16335194 -0.94551437 -0.2816358 ]
[-0.041541 -0.093767  0.0004  ] [-0.75877698  0.58657236 -0.28317901]
[-0.045568 -0.083242  0.033652] [ 0.95526706  0.07998815 -0.28472222]
[ 0.014931 -0.092352  0.105519] [-0.6500411  -0.70391667 -0.28626543]
[-0.0165   -0.093795 -0.000702] [ 0.00382935  0.95768028 -0.28780864]
[-0.046196 -0.056362  0.008892] [ 0.64376728 -0.7084061  -0.28935185]
[ 0.019053 -0.067224  0.044872] [-0.95274951  0.0874553  -0.29089506]
[-0.045568 -0.083242  0.033652] [ 0.76122846  0.57880142 -0.29243827]
[-0.019079  0.066262  0.012824] [-0.17024713 -0.94052687 -0.29398148]
[-0.040248 -0.093458  0.085944] [-0.50952795  0.80811288 -0.29552469]
[-0.045568 -0.083242  0.033652] [ 0.92112063 -0.25156996 -0.2970679 ]
[ 0.019053 -0.067224  0.044872] [-0.84871058 -0.43648798 -0.29861111]
[-0.0165   -0.093795 -0.000702] [ 0.33080145  0.89469424 -0.30015432]
[-0.019079  0.066262  0.012824] [ 0.36025057 -0.882722   -0.30169753]
[ 0.019053 -0.067224  0.044872] [-0.86146499  0.40733663 -0.30324074]
[-0.045568 -0.083242  0.033652] [ 0.90989893  0.28140838 -0.30478395]
[ 0.021022 -0.045412  0.045259] [-0.48059251 -0.8217022  -0.30632716]
[-0.0165   -0.093795 -0.000702] [-0.20057292  0.93004642 -0.30787037]
[-0.045568 -0.083242  0.033652] [ 0.77572507 -0.55001259 -0.30941358]
[ 0.019053 -0.067224  0.044872] [-0.9430241  -0.11836988 -0.31095679]
[-0.040117 -0.09345   0.085353] [ 0.61507109  0.72390006 -0.3125    ]
[-0.019079  0.066262  0.012824] [ 0.03543419 -0.94874722 -0.31404321]
[-0.038627 -0.093611  0.08987 ] [-0.66663801  0.67527696 -0.31558642]
[-0.045568 -0.083242  0.033652] [ 0.94718716 -0.04759489 -0.31712963]
[ 0.019078 -0.067266  0.044537] [-0.73017762 -0.60439082 -0.31867284]
[-0.0165   -0.093795 -0.000702] [ 0.13007869  0.93837158 -0.32021605]
[-0.019079  0.066262  0.012824] [ 0.53764791 -0.77936237 -0.32175926]
[ 0.019053 -0.067224  0.044872] [-0.92238401  0.21138415 -0.32330247]
[-0.045568 -0.083242  0.033652] [ 0.82246548  0.46693236 -0.32484568]
[-0.019079  0.066262  0.012824] [-0.29088862 -0.89936317 -0.32638889]
[-0.040248 -0.093458  0.085944] [-0.39279673  0.85916894 -0.3279321 ]
[-0.045568 -0.083242  0.033652] [ 0.86950173 -0.36798472 -0.32947531]
[ 0.019053 -0.067224  0.044872] [-0.88920483 -0.31581879 -0.33101852]
[-0.040248 -0.093458  0.085944] [ 0.44208501  0.83304474 -0.33256173]
[-0.019079  0.066262  0.012824] [ 0.23659695 -0.91235726 -0.33410494]
[-0.041586 -0.093626  0.000931] [-0.79028758  0.51262644 -0.33564815]
[-0.045568 -0.083242  0.033652] [ 0.92846394  0.1557456  -0.33719136]
[ 0.014045 -0.090464  0.114006] [-0.57907472 -0.74157357 -0.33873457]
[-0.0165   -0.093795 -0.000702] [-0.07389031  0.93741733 -0.34027778]
[-0.046273 -0.056709  0.008779] [ 0.68729126 -0.64092834 -0.34182099]
[ 0.019053 -0.067224  0.044872] [-0.93916533  0.00833704 -0.3433642 ]
[-0.045568 -0.083242  0.033652] [ 0.69772243  0.62787124 -0.34490741]
[-0.019079  0.066262  0.012824] [-0.09030315 -0.93371158 -0.34645062]
[-0.040248 -0.093458  0.085944] [-0.56378276  0.74903224 -0.34799383]
[-0.045568 -0.083242  0.033652] [ 0.92111528 -0.17137824 -0.34953704]
[ 0.019053 -0.067224  0.044872] [-0.79447635 -0.49553    -0.35108025]
[-0.0165   -0.093795 -0.000702] [ 0.25094087  0.90149064 -0.35262346]
[-0.019079  0.066262  0.012824] [ 0.42364809 -0.83371954 -0.35416667]
[ 0.019053 -0.067224  0.044872] [-0.87500584  0.3283828  -0.35570988]
[-0.045568 -0.083242  0.033652] [ 0.86647523  0.34869887 -0.35725309]
[-0.019079  0.066262  0.012824] [-0.40311362 -0.8418816  -0.3587963 ]
[-0.040248 -0.093458  0.085944] [-0.27126648  0.89250767 -0.36033951]
[-0.045568 -0.083242  0.033652] [ 0.80238936 -0.47456528 -0.36188272]
[ 0.019053 -0.067224  0.044872] [-0.91163354 -0.19195282 -0.36342593]
[-0.040248 -0.093458  0.085944] [ 0.54219648  0.75684906 -0.36496914]
[-0.019079  0.066262  0.012824] [ 0.11137279 -0.92372334 -0.36651235]
[-0.041541 -0.093767  0.0004  ] [-0.70562651  0.60549676 -0.36805556]
[-0.045568 -0.083242  0.033652] [ 0.92870219  0.03014952 -0.36959877]
[ 0.014931 -0.092352  0.105519] [-0.66399039 -0.64913049 -0.37114198]
[-0.0165   -0.093795 -0.000702] [ 0.05109046  0.92655033 -0.37268519]
[-0.045165 -0.089564  0.029225] [ 0.58780944 -0.71723997 -0.3742284 ]
[ 0.019053 -0.067224  0.044872] [-0.9173031   0.13172213 -0.3757716 ]
[-0.045568 -0.083242  0.033652] [ 0.76484974  0.52214788 -0.37731481]
[-0.019079  0.066262  0.012824] [-0.21112678 -0.90105054 -0.37885802]
[-0.040248 -0.093458  0.085944] [-0.45266262  0.80646851 -0.38040123]
[-0.045568 -0.083242  0.033652] [ 0.87793655 -0.28869681 -0.38194444]
[ 0.019053 -0.067224  0.044872] [-0.84179229 -0.37989861 -0.38348765]
[-0.040248 -0.093458  0.085944] [ 0.3638404   0.84815765 -0.38503086]
[-0.019079  0.066262  0.012824] [ 0.30442466 -0.87056655 -0.38657407]
[ 0.019053 -0.067224  0.044872] [-0.81196129  0.43598605 -0.38811728]
[-0.045568 -0.083242  0.033652] [ 0.89258798  0.22682899 -0.38966049]
[ 0.021022 -0.045412  0.045259] [-0.50458699 -0.76964383 -0.3912037 ]
[-0.040248 -0.093458  0.085944] [-0.14771458  0.90770604 -0.39274691]
[-0.046342 -0.065415  0.009628] [ 0.7215481  -0.56912533 -0.39429012]
[ 0.019053 -0.067224  0.044872] [-0.9158239  -0.06769452 -0.39583333]
[-0.040877 -0.093524  0.087266] [ 0.62911597  0.66806061 -0.39737654]
[-0.019079  0.066262  0.012824] [-0.01261287 -0.91689909 -0.39891975]
[-0.038468 -0.093575  0.089259] [-0.60960844  0.68411035 -0.40046296]
[-0.045568 -0.083242  0.033652] [ 0.91094367 -0.09258874 -0.40200617]
[ 0.019078 -0.067266  0.044537] [-0.73369975 -0.54665581 -0.40354938]
[-0.016078 -0.093882 -0.000574] [ 0.17161861  0.89802397 -0.40509259]
[-0.019079  0.066262  0.012824] [ 0.47970041 -0.77751838 -0.4066358 ]
[ 0.019053 -0.067224  0.044872] [-0.87825996  0.24909704 -0.40817901]
[-0.045568 -0.083242  0.033652] [ 0.81524613  0.4092694  -0.40972222]
[-0.019079  0.066262  0.012824] [-0.32443235 -0.85182416 -0.41126543]
[-0.040248 -0.093458  0.085944] [-0.33591526  0.84661087 -0.41280864]
[-0.045568 -0.083242  0.033652] [ 0.8189401  -0.39705119 -0.41435185]
[ 0.019053 -0.067224  0.044872] [-0.87139045 -0.26021142 -0.41589506]
[-0.040248 -0.093458  0.085944] [ 0.46640287  0.77988054 -0.41743827]
[-0.019079  0.066262  0.012824] [ 0.18274778 -0.88941428 -0.41898148]
[-0.041586 -0.093626  0.000931] [-0.7349651   0.53196361 -0.42052469]
[-0.045568 -0.083242  0.033652] [ 0.90056452  0.10412605 -0.4220679 ]
[ 0.014242 -0.09184   0.113702] [-0.59324054 -0.68455773 -0.42361111]
[-0.040248 -0.093458  0.085944] [-0.02495505  0.9047768  -0.42515432]
[-0.046604 -0.067745  0.018834] [ 0.6290637  -0.6497754  -0.42669753]
[ 0.019053 -0.067224  0.044872] [-0.90204058  0.054154   -0.42824074]
[-0.045568 -0.083242  0.033652] [ 0.70114802  0.56892637 -0.42978395]
[-0.019079  0.066262  0.012824] [-0.13259229 -0.89239911 -0.43132716]
[-0.040248 -0.093458  0.085944] [-0.50462359  0.74697943 -0.43287037]
[-0.045568 -0.083242  0.033652] [ 0.87594885 -0.2097581  -0.43441358]
[ 0.019053 -0.067224  0.044872] [-0.78693474 -0.43666393 -0.43595679]
[-0.040248 -0.093458  0.085944] [ 0.28506144  0.85283863 -0.4375    ]
[-0.019079  0.066262  0.012824] [ 0.36558261 -0.82072554 -0.43904321]
[ 0.019053 -0.067224  0.044872] [-0.8232683   0.35792864 -0.44058642]
[-0.045568 -0.083242  0.033652] [ 0.84811204  0.29193725 -0.44212963]
[ 0.021022 -0.045412  0.045259] [-0.42780673 -0.78748702 -0.44367284]
[-0.040248 -0.093458  0.085944] [-0.21630352  0.86890475 -0.44521605]
[-0.045816 -0.066133  0.00721 ] [ 0.74579119 -0.49416765 -0.44675926]
[ 0.019053 -0.067224  0.044872] [-0.8829658  -0.13927054 -0.44830247]
[-0.03704  -0.093483  0.082239] [ 0.5565123   0.69852196 -0.44984568]
[-0.019079  0.066262  0.012824] [ 0.06143632 -0.89020989 -0.45138889]
[-0.041541 -0.093767  0.0004  ] [-0.64606246  0.61437432 -0.4529321 ]
[-0.045568 -0.083242  0.033652] [ 0.8906047  -0.01659695 -0.45447531]
[ 0.014879 -0.092588  0.106207] [-0.66732362 -0.5888347  -0.45601852]
[-0.040248 -0.093458  0.085944] [ 0.09422757  0.88417104 -0.45756173]
[-0.019079  0.066262  0.012824] [ 0.52729613 -0.71496954 -0.45910494]
[ 0.019053 -0.067224  0.044872] [-0.87098248  0.17085903 -0.46064815]
[-0.045568 -0.083242  0.033652] [ 0.75696386  0.46193599 -0.46219136]
[-0.019079  0.066262  0.012824] [-0.2459046  -0.8511646  -0.46373457]
[-0.040248 -0.093458  0.085944] [-0.39327139  0.79300328 -0.46527778]
[-0.045568 -0.083242  0.033652] [ 0.82489387 -0.3187919  -0.46682099]
[ 0.019053 -0.067224  0.044872] [-0.82283165 -0.32184321 -0.4683642 ]
[-0.040248 -0.093458  0.085944] [ 0.38896725  0.79239605 -0.46990741]
[-0.019079  0.066262  0.012824] [ 0.24821179 -0.84624182 -0.47145062]
[-0.041586 -0.093626  0.000931] [-0.75394435  0.45589994 -0.47299383]
[-0.045568 -0.083242  0.033652] [ 0.86307707  0.17295254 -0.47453704]
[ 0.021022 -0.045412  0.045259] [-0.5190863  -0.70985704 -0.47608025]
[-0.040248 -0.093458  0.085944] [-0.09665135  0.87323213 -0.47762346]
[-0.046645 -0.056359  0.011175] [ 0.66049489 -0.57805347 -0.47916667]
[ 0.019053 -0.067224  0.044872] [-0.87665387 -0.01990009 -0.48070988]
[-0.043433 -0.093167  0.092271] [ 0.632363    0.60625819 -0.48225309]
[-0.019079  0.066262  0.012824] [-0.05670811 -0.87334148 -0.4837963 ]
[-0.041107 -0.093567  0.089891] [-0.5475835   0.68161417 -0.48533951]
[-0.045568 -0.083242  0.033652] [ 0.86334631 -0.13258343 -0.48688272]
[ 0.019078 -0.067266  0.044537] [-0.7254469  -0.48494011 -0.48842593]
[-0.040248 -0.093458  0.085944] [ 0.20714395  0.8467713  -0.48996914]
[-0.019079  0.066262  0.012824] [ 0.41882628 -0.76354447 -0.49151235]
[ 0.019053 -0.067224  0.044872] [-0.82376994  0.27982012 -0.49305556]
[-0.045568 -0.083242  0.033652] [ 0.7956358   0.34976526 -0.49459877]
[-0.019079  0.066262  0.012824] [-0.35005923 -0.79454495 -0.49614198]
[-0.040248 -0.093458  0.085944] [-0.27830109  0.82149739 -0.49768519]
[-0.045568 -0.083242  0.033652] [ 0.75934646 -0.41732956 -0.4992284 ]
[ 0.019053 -0.067224  0.044872] [-0.84095489 -0.20499433 -0.5007716 ]
[-0.039261 -0.093458  0.081747] [ 0.48112449  0.71846994 -0.50231481]
[-0.019079  0.066262  0.012824] [ 0.13041761 -0.85388426 -0.50385802]
[-0.041541 -0.093767  0.0004  ] [-0.67225368  0.54096635 -0.50540123]
[-0.045568 -0.083242  0.033652] [ 0.86021258  0.05515113 -0.50694444]
[ 0.014574 -0.091851  0.110935] [-0.59641001 -0.62107601 -0.50848765]
[-0.040248 -0.093458  0.085944] [ 0.0202219   0.85991836 -0.51003086]
[-0.04538  -0.08518   0.016667] [ 0.56535221 -0.64704625 -0.51157407]
[ 0.019053 -0.067224  0.044872] [-0.85303158  0.09511981 -0.51311728]
[-0.045568 -0.083242  0.033652] [ 0.69250479  0.5055311  -0.51466049]
[-0.019079  0.066262  0.012824] [-0.168967   -0.83963319 -0.5162037 ]
[-0.040248 -0.093458  0.085944] [-0.44209145  0.73245702 -0.51774691]
[-0.045568 -0.083242  0.033652] [ 0.81985431 -0.24119841 -0.51929012]
[ 0.019053 -0.067224  0.044872] [-0.76661841 -0.37553808 -0.52083333]
[-0.040248 -0.093458  0.085944] [ 0.31126385  0.79387503 -0.52237654]
[-0.019079  0.066262  0.012824] [ 0.30639784 -0.79475056 -0.52391975]
[ 0.019053 -0.067224  0.044872] [-0.76192275  0.37863228 -0.52546296]
[-0.045568 -0.083242  0.033652] [ 0.81666284  0.23521544 -0.52700617]
[ 0.021022 -0.045412  0.045259] [-0.44279584 -0.72427025 -0.52854938]
[-0.040248 -0.093458  0.085944] [-0.16254909  0.8322137  -0.53009259]
[-0.046695 -0.057244  0.011489] [ 0.68123338 -0.50327373 -0.5316358 ]
[ 0.019053 -0.067224  0.044872] [-0.84131158 -0.08896608 -0.53317901]
[-0.042155 -0.093474  0.091318] [ 0.55961586  0.63316841 -0.53472222]
[-0.019079  0.066262  0.012824] [ 0.01503836 -0.84391542 -0.53626543]
[-0.042257 -0.093796  0.000869] [-0.58046905  0.61140621 -0.53780864]
[-0.045568 -0.083242  0.033652] [ 0.84003473 -0.05866198 -0.53935185]
[ 0.014879 -0.092588  0.106207] [-0.65826593 -0.52356327 -0.54089506]
[-0.040248 -0.093458  0.085944] [ 0.13156717  0.82972935 -0.54243827]
[-0.029898  0.06651   0.016314] [ 0.46290978 -0.69985619 -0.54398148]
[ 0.019053 -0.067224  0.044872] [-0.81310874  0.20311816 -0.54552469]
[-0.045568 -0.083242  0.033652] [ 0.7358806   0.39899431 -0.5470679 ]
[-0.019079  0.066262  0.012824] [-0.27276897 -0.7903309  -0.54861111]
[-0.040248 -0.093458  0.085944] [-0.33232571  0.76608736 -0.55015432]
[-0.045568 -0.083242  0.033652] [ 0.76160096 -0.33999091 -0.55169753]
[ 0.019053 -0.067224  0.044872] [-0.79027105 -0.26343188 -0.55324074]
[-0.040117 -0.09345   0.085353] [ 0.40427658  0.72716932 -0.55478395]
[-0.019079  0.066262  0.012824] [ 0.19285554 -0.80827398 -0.55632716]
[-0.041586 -0.093626  0.000931] [-0.68732953  0.46514381 -0.55787037]
[-0.045568 -0.083242  0.033652] [ 0.81998728  0.12114993 -0.55941358]
[ 0.021022 -0.045412  0.045259] [-0.52213928 -0.6424158  -0.56095679]
[-0.040248 -0.093458  0.085944] [-0.04887444  0.82535146 -0.5625    ]
[-0.04667  -0.065946  0.019334] [ 0.59280016 -0.57484191 -0.56404321]
[ 0.019053 -0.067224  0.044872] [-0.82435671  0.0234098  -0.56558642]
[-0.043433 -0.093167  0.092271] [ 0.62286608  0.53888944 -0.56712963]
[-0.019079  0.066262  0.012824] [-0.09514433 -0.81704269 -0.56867284]
[-0.041469 -0.093625  0.089894] [-0.48112185  0.66586442 -0.57021605]
[-0.045568 -0.083242  0.033652] [ 0.80349805 -0.16577768 -0.57175926]
[ 0.019078 -0.067266  0.044537] [-0.70353035 -0.41996348 -0.57330247]
[-0.040248 -0.093458  0.085944] [ 0.2347697   0.78385945 -0.57484568]
[-0.019079  0.066262  0.012824] [ 0.35590445 -0.73560035 -0.57638889]
[ 0.019053 -0.067224  0.044872] [-0.7583103   0.30159572 -0.5779321 ]
[-0.045568 -0.083242  0.033652] [ 0.76185573  0.28945502 -0.57947531]
[-0.019079  0.066262  0.012824] [-0.36575057 -0.72707909 -0.58101852]
[-0.040248 -0.093458  0.085944] [-0.22114144  0.78212422 -0.58256173]
[-0.046695 -0.057244  0.011489] [ 0.69043737 -0.42675245 -0.58410494]
[ 0.019053 -0.067224  0.044872] [-0.79628102 -0.15150178 -0.58564815]
[-0.042042 -0.093568  0.090608] [ 0.48414661  0.64869744 -0.58719136]
[-0.019079  0.066262  0.012824] [ 0.08108166 -0.80424957 -0.58873457]
[-0.041541 -0.093767  0.0004  ] [-0.60220965  0.53750878 -0.59027778]
[-0.045568 -0.083242  0.033652] [ 0.80600195  0.0104299  -0.59182099]
[ 0.014574 -0.091851  0.110935] [-0.58644831 -0.55135951 -0.5933642 ]
[-0.040248 -0.093458  0.085944] [ 0.05990578  0.80155878 -0.59490741]
[-0.01031   0.066066  0.017071] [ 0.49656449 -0.63061111 -0.59645062]
[ 0.019053 -0.067224  0.044872] [-0.79098889  0.12938302 -0.59799383]
[-0.04573  -0.090977  0.088324] [ 0.66968222  0.43827054 -0.59953704]
[-0.019079  0.066262  0.012824] [-0.19746912 -0.77440847 -0.60108025]
[-0.039276 -0.093441  0.084445] [-0.37694847  0.7033881  -0.60262346]
[-0.045568 -0.083242  0.033652] [ 0.75197998 -0.26364512 -0.60416667]
[ 0.019053 -0.067224  0.044872] [-0.73149853 -0.31309015 -0.60570988]
[-0.040117 -0.09345   0.085353] [ 0.32740981  0.72391056 -0.60725309]
[-0.019079  0.066262  0.012824] [ 0.24720448 -0.75382824 -0.6087963 ]
[ 0.019053 -0.067224  0.044872] [-0.69045024  0.3882836  -0.61033951]
[-0.045568 -0.083242  0.033652] [ 0.77023808  0.17981333 -0.61188272]
[ 0.021022 -0.045412  0.045259] [-0.44581216 -0.65188968 -0.61342593]
[-0.040248 -0.093458  0.085944] [-0.11144739  0.78063592 -0.61496914]
[-0.04658  -0.068042  0.019021] [ 0.60855773 -0.49956983 -0.61651235]
[ 0.019053 -0.067224  0.044872] [-0.78497707 -0.04264191 -0.61805556]
[-0.043433 -0.093167  0.092271] [ 0.54916289  0.56081859 -0.61959877]
[-0.019079  0.066262  0.012824] [-0.02606751 -0.78326441 -0.62114198]
[-0.042257 -0.093796  0.000869] [-0.50906877  0.5942324  -0.62268519]
[-0.045568 -0.083242  0.033652] [ 0.77554809 -0.09414916 -0.6242284 ]
[ 0.014712 -0.091165  0.108179] [-0.63445687 -0.45373382 -0.6257716 ]
[-0.040248 -0.093458  0.085944] [ 0.16107936  0.76192491 -0.62731481]
[-0.029898  0.06651   0.016314] [ 0.39526474 -0.66955461 -0.62885802]
[ 0.019053 -0.067224  0.044872] [-0.74253722  0.22634655 -0.63040123]
[-0.045568 -0.083242  0.033652] [ 0.69928566  0.33413437 -0.63194444]
[-0.019079  0.066262  0.012824] [-0.28945527 -0.71757163 -0.63348765]
[-0.040117 -0.09345   0.085353] [-0.27083349  0.72345354 -0.63503086]
[-0.046695 -0.057244  0.011489] [ 0.68725722 -0.34992994 -0.63657407]
[ 0.019053 -0.067224  0.044872] [-0.74190644 -0.20586685 -0.63811728]
[-0.042042 -0.093568  0.090608] [ 0.40731852  0.65186354 -0.63966049]
[-0.019079  0.066262  0.012824] [ 0.13974914 -0.75453826 -0.6412037 ]
[-0.041586 -0.093626  0.000931] [-0.6116982   0.46119596 -0.64274691]
[-0.045568 -0.083242  0.033652] [ 0.76128912  0.07300081 -0.64429012]
[ 0.019823 -0.058506  0.04546 ] [-0.51116735 -0.56710427 -0.64583333]
[-0.040248 -0.093458  0.085944] [-0.00614399  0.76214557 -0.64737654]
[-0.048319  0.004255  0.070132] [ 0.5184573  -0.55687088 -0.64891975]
[ 0.019053 -0.067224  0.044872] [-0.75714044  0.06030167 -0.65046296]
[-0.043433 -0.093167  0.092271] [ 0.59798054  0.46616223 -0.65200617]
[-0.019079  0.066262  0.012824] [-0.12582312 -0.74635229 -0.65354938]
[-0.037952 -0.093805 -0.000742] [-0.41064994  0.63420842 -0.65509259]
[-0.04573  -0.090977  0.088324] [ 0.72990453 -0.18991787 -0.6566358 ]
[ 0.019078 -0.067266  0.044537] [-0.66530679 -0.35237375 -0.65817901]
[-0.038156 -0.093452  0.082146] [ 0.25209797  0.70796413 -0.65972222]
[-0.029898  0.06651   0.016314] [ 0.29180562 -0.69106983 -0.66126543]
[ 0.019053 -0.067224  0.044872] [-0.68074005  0.31189371 -0.66280864]
[-0.045568 -0.083242  0.033652] [ 0.71133494  0.22943239 -0.66435185]
[-0.028879  0.066452  0.013634] [-0.36885729 -0.64848135 -0.66589506]
[-0.040117 -0.09345   0.085353] [-0.16575174  0.72598382 -0.66743827]
[-0.046394 -0.069827  0.018977] [ 0.61147493 -0.42256619 -0.66898148]
[ 0.019053 -0.067224  0.044872] [-0.73494312 -0.10126824 -0.67052469]
[-0.043433 -0.093167  0.092271] [ 0.47262638  0.57004302 -0.6720679 ]
[-0.019079  0.066262  0.012824] [ 0.03648925 -0.73818467 -0.67361111]
[-0.041541 -0.093767  0.0004  ] [-0.5245404   0.51867525 -0.67515432]
[-0.045568 -0.083242  0.033652] [ 0.7357255  -0.02807906 -0.67669753]
[ 0.019992 -0.058406  0.045112] [-0.56038431 -0.47535137 -0.67824074]
[-0.040117 -0.09345   0.085353] [ 0.09193579  0.72762737 -0.67978395]
[-0.01031   0.066066  0.017071] [ 0.42288652 -0.59746154 -0.68132716]
[ 0.019053 -0.067224  0.044872] [-0.71399596  0.1545892  -0.68287037]
[-0.045655 -0.091666  0.089856] [ 0.62965349  0.36757928 -0.68441358]
[-0.019079  0.066262  0.012824] [-0.21556059 -0.69497979 -0.68595679]
[-0.042042 -0.093568  0.090608] [-0.30988231  0.65674706 -0.6875    ]
[-0.046553 -0.069312  0.018102] [ 0.67076872 -0.27438802 -0.68904321]
[ 0.019078 -0.067266  0.044537] [-0.67857088 -0.25026379 -0.69058642]
[-0.042042 -0.093568  0.090608] [ 0.33062986  0.64159214 -0.69212963]
[-0.029898  0.06651   0.016314] [ 0.18920355 -0.69499641 -0.69367284]
[ 0.019078 -0.067266  0.044537] [-0.60771693  0.38386818 -0.69521605]
[-0.045677 -0.082057  0.033001] [ 0.70593869  0.12718922 -0.69675926]
[ 0.021053 -0.045776  0.045825] [-0.43371192 -0.56944502 -0.69830247]
[-0.038299 -0.093459  0.083437] [-0.06471223  0.7113567  -0.69984568]
[-0.04783   0.023291  0.065667] [ 0.52711076 -0.47979982 -0.70138889]
[ 0.019053 -0.067224  0.044872] [-0.71125336 -0.00226391 -0.7029321 ]
[-0.045527 -0.092151  0.091838] [ 0.52180309  0.48107803 -0.70447531]
[-0.019079  0.066262  0.012824] [-0.05966848 -0.70567523 -0.70601852]
[-0.042257 -0.093796  0.000869] [-0.43173709  0.55942782 -0.70756173]
[-0.046695 -0.057244  0.011489] [ 0.6947118  -0.12060558 -0.70910494]
[ 0.014574 -0.091851  0.110935] [-0.59241706 -0.37950129 -0.71064815]
[-0.041808 -0.09363   0.090203] [ 0.18007971  0.67849449 -0.71219136]
[-0.01031   0.066066  0.017071] [ 0.32480363 -0.62055263 -0.71373457]
[ 0.019078 -0.067266  0.044537] [-0.65719526  0.23763858 -0.71527778]
[-0.045682 -0.091861  0.091636] [ 0.64365657  0.26809307 -0.71682099]
[-0.026419  0.066458  0.016766] [-0.29284872 -0.63102497 -0.7183642 ]
[-0.042042 -0.093568  0.090608] [-0.20983087  0.66159227 -0.71990741]
[-0.046394 -0.069827  0.018977] [ 0.60023136 -0.34529888 -0.72145062]
[ 0.019078 -0.067266  0.044537] [-0.67426526 -0.15048681 -0.72299383]
[-0.045009 -0.09251   0.092029] [ 0.39460315  0.56509684 -0.72453704]
[-0.029898  0.06651   0.016314] [ 0.09053528 -0.68162368 -0.72608025]
[-0.041586 -0.093626  0.000931] [-0.52593589  0.44040384 -0.72762346]
[-0.046579 -0.069357  0.01774 ] [ 0.68365831  0.0304515  -0.72916667]
[ 0.014204 -0.028438  0.114249] [-0.4823742  -0.48309234 -0.73070988]
[-0.041808 -0.09363   0.090203] [ 0.02929233  0.68040236 -0.73225309]
[0.004076 0.065726 0.001203] [ 0.43693635 -0.52022075 -0.7337963 ]
[ 0.019078 -0.067266  0.044537] [-0.6719309   0.08823082 -0.73533951]
[-0.0456   -0.092012  0.092366] [ 0.55368541  0.38786123 -0.73688272]
[-0.029898  0.06651   0.016314] [-0.14590908 -0.65835985 -0.73842593]
[-0.042257 -0.093796  0.000869] [-0.33628008  0.58254732 -0.73996914]
[-0.046952 -0.063448  0.019044] [ 0.63984479 -0.20188632 -0.74151235]
[ 0.017092 -0.093026  0.000782] [-0.60662432 -0.28262232 -0.74305556]
[-0.045355 -0.092285  0.092206] [ 0.25573927  0.61657936 -0.74459877]
[-0.021311  0.0663    0.0169  ] [ 0.22733005 -0.62577408 -0.74614198]
[ 0.019078 -0.067266  0.044537] [-0.58879338  0.3070655  -0.74768519]
[-0.046553 -0.069312  0.018102] [ 0.63989498  0.17085439 -0.7492284 ]
[-0.009254  0.06608   0.017214] [-0.35548648 -0.55675072 -0.7507716 ]
[-0.042042 -0.093568  0.090608] [-0.11365175  0.64892657 -0.75231481]
[-0.048311  0.003896  0.07015 ] [ 0.52074685 -0.40065047 -0.75385802]
[ 0.019078 -0.067266  0.044537] [-0.65284973 -0.05618009 -0.75540123]
[-0.045355 -0.092285  0.092206] [ 0.44223515  0.48110621 -0.75694444]
[-0.029898  0.06651   0.016314] [-0.00110482 -0.65168647 -0.75848765]
[-0.041586 -0.093626  0.000931] [-0.43817931  0.47994998 -0.76003086]
[-0.046699 -0.068098  0.01831 ] [ 0.64549943 -0.05775309 -0.76157407]
[ 0.021189 -0.045877  0.045564] [-0.51353832 -0.39233966 -0.76311728]
[-0.042042 -0.093568  0.090608] [ 0.11332432  0.63439099 -0.76466049]
[-0.009936  0.066044  0.017348] [ 0.34398055 -0.5427792  -0.7662037 ]
[ 0.019078 -0.067266  0.044537] [-0.61850214  0.16739109 -0.76774691]
[-0.04658  -0.068042  0.019021] [ 0.56748886  0.29351166 -0.76929012]
[-0.022822  0.066354  0.017138] [-0.21954239 -0.59801096 -0.77083333]
[-0.042257 -0.093796  0.000869] [-0.24135555  0.58752189 -0.77237654]
[-0.04658  -0.068042  0.019021] [ 0.57313086 -0.26938678 -0.77391975]
[ 0.019211 -0.063947  0.052677] [-0.60277209 -0.18794413 -0.77546296]
[-0.045355 -0.092285  0.092206] [ 0.31655545  0.5441085  -0.77700617]
[-0.009881  0.066113  0.017036] [ 0.133715   -0.61317302 -0.77854938]
[ 0.013972 -0.094754  0.11002 ] [-0.5112215   0.36070503 -0.78009259]
[-0.046495 -0.069672  0.018464] [ 0.61869817  0.07910785 -0.7816358 ]
[0.021175 0.0413   0.009574] [-0.40152022 -0.47477589 -0.78317901]
[-0.037165 -0.093697 -0.00057 ] [-0.02456077  0.6193608  -0.78472222]
[0.004076 0.065726 0.001203] [ 0.43510328 -0.43871609 -0.78626543]
[ 0.019078 -0.067266  0.044537] [-0.61521353  0.02949327 -0.78780864]
[-0.042892 -0.093512  0.000929] [ 0.47204014  0.39255797 -0.78935185]
[-0.009126  0.06615   0.016876] [-0.08263    -0.60634749 -0.79089506]
[-0.042257 -0.093796  0.000869] [-0.34751376  0.50127415 -0.79243827]
[-0.046394 -0.069827  0.018977] [ 0.59289124 -0.13443727 -0.79398148]
[ 0.016024 -0.052429  0.097097] [-0.5262356  -0.30036071 -0.79552469]
[-0.035616 -0.093721 -0.000514] [ 0.18451829  0.57500936 -0.7970679 ]
[-0.009936  0.066044  0.017348] [ 0.25150175 -0.5467789  -0.79861111]
[ 0.013972 -0.094754  0.11002 ] [-0.55290071  0.23249487 -0.80015432]
[-0.04658  -0.068042  0.019021] [ 0.5627962   0.20134922 -0.80169753]
[0.018792 0.054508 0.004764] [-0.2780103  -0.52679653 -0.80324074]
[-0.042257 -0.093796  0.000869] [-0.15032135  0.57421798 -0.80478395]
[-0.048311  0.003896  0.07015 ] [ 0.49695815 -0.32073215 -0.80632716]
[ 0.01446  -0.092753  0.111792] [-0.58101323 -0.09883871 -0.80787037]
[-0.042892 -0.093512  0.000929] [ 0.36035482  0.46367452 -0.80941358]
[-0.009254  0.06608   0.017214] [ 0.0473207  -0.58318937 -0.81095679]
[ 0.013972 -0.094754  0.11002 ] [-0.42725958  0.39660182 -0.8125    ]
[-0.046394 -0.069827  0.018977] [ 0.58079177 -0.00381796 -0.81404321]
[ 0.02096  -0.045727  0.046134] [-0.4292278  -0.38804934 -0.81558642]
[-0.042595 -0.093756  0.000792] [ 0.05417067  0.57390305 -0.81712963]
[0.004076 0.065726 0.001203] [ 0.34639888 -0.4580203  -0.81867284]
[ 0.01385  -0.094543  0.110896] [-0.56264199  0.10334226 -0.82021605]
[-0.042892 -0.093512  0.000929] [ 0.48280126  0.30267914 -0.82175926]
[-0.009936  0.066044  0.017348] [-0.15095223 -0.5471622  -0.82330247]
[-0.042257 -0.093796  0.000869] [-0.25727368  0.50342811 -0.82484568]
[-0.047346 -0.052828  0.021114] [ 0.52765044 -0.19663779 -0.82638889]
[ 0.017092 -0.093026  0.000782] [-0.51979466 -0.21057529 -0.8279321 ]
[-0.042892 -0.093512  0.000929] [ 0.24005678  0.50432475 -0.82947531]
[0.003013 0.065657 0.001248] [ 0.16298256 -0.53183165 -0.83101852]
[ 0.013925 -0.094622  0.110602] [-0.47743228  0.28089035 -0.83256173]
[-0.046716 -0.06524   0.019013] [ 0.53950695  0.11489647 -0.83410494]
[0.019297 0.052064 0.005035] [-0.31884544 -0.44724687 -0.83564815]
[-0.042257 -0.093796  0.000869] [-0.06671693  0.54282546 -0.83719136]
[0.006715 0.065542 0.002257] [ 0.41406648 -0.353657   -0.83873457]
[ 0.017092 -0.093026  0.000782] [-0.54182869 -0.01883937 -0.84027778]
[-0.042892 -0.093512  0.000929] [ 0.38509003  0.37821039 -0.84182099]
[0.003013 0.065657 0.001248] [-0.02834858 -0.53659406 -0.8433642 ]
[ 0.013925 -0.094622  0.110602] [-0.34001623  0.4129412  -0.84490741]
[-0.047346 -0.052828  0.021114] [ 0.52723384 -0.07447032 -0.84645062]
[ 0.019823 -0.058506  0.04546 ] [-0.43704037 -0.29983693 -0.84799383]
[-0.042257 -0.093796  0.000869] [ 0.11916348  0.51389385 -0.84953704]
[0.004076 0.065726 0.001203] [ 0.25803747 -0.45725166 -0.85108025]
[ 0.01385  -0.094543  0.110896] [-0.49675185  0.16208281 -0.85262346]
[-0.042709 -0.093468  0.001342] [ 0.47347428  0.21499166 -0.85416667]
[0.00452  0.065573 0.001754] [-0.20290309 -0.4760157  -0.85570988]
[-0.042257 -0.093796  0.000869] [-0.17107877  0.48564308 -0.85725309]
[0.007626 0.065503 0.002656] [ 0.4519212  -0.24132168 -0.8587963 ]
[ 0.017092 -0.093026  0.000782] [-0.49372874 -0.12668017 -0.86033951]
[-0.042663 -0.093636  0.001077] [ 0.27706094  0.42472982 -0.86188272]
[0.003583 0.065539 0.001533] [ 0.08217601 -0.49773766 -0.86342593]
[ 0.013634 -0.09474   0.110957] [-0.3947261   0.30987046 -0.86496914]
[-0.048311  0.003896  0.07015 ] [ 0.49771153  0.0379419  -0.86651235]
[0.021032 0.041393 0.009866] [-0.33952892 -0.36221495 -0.86805556]
[-0.042257 -0.093796  0.000869] [ 0.00565436  0.49372666 -0.86959877]
[0.005841 0.065546 0.001885] [ 0.32751875 -0.36584577 -0.87114198]
[ 0.017422 -0.092562  0.000363] [-0.48589292  0.04825597 -0.87268519]
[-0.042663 -0.093636  0.001077] [ 0.38866261  0.29097437 -0.8742284 ]
[0.004076 0.065726 0.001203] [-0.0895201  -0.47435245 -0.8757716 ]
[ 0.016525 -0.093521  0.000807] [-0.25292999  0.40785431 -0.87731481]
[-0.044938  0.011472  0.208744] [ 0.4592781  -0.12912087 -0.87885802]
[ 0.019823 -0.058506  0.04546 ] [-0.42332973 -0.21374191 -0.88040123]
[-0.042257 -0.093796  0.000869] [ 0.16675206  0.44087158 -0.88194444]
[0.004076 0.065726 0.001203] [ 0.17377134 -0.43503228 -0.88348765]
[ 0.013934 -0.094192  0.111221] [-0.41936138  0.20212966 -0.88503086]
[-0.044843  0.012058  0.208907] [ 0.44294007  0.13338106 -0.88657407]
[0.018931 0.05406  0.00487 ] [-0.23499422 -0.39500051 -0.88811728]
[-0.041163 -0.093631  0.000784] [-0.09293219  0.44706578 -0.88966049]
[0.007626 0.065503 0.002656] [ 0.36806397 -0.26511294 -0.8912037 ]
[ 0.017092 -0.093026  0.000782] [-0.44745628 -0.05278092 -0.89274691]
[-0.042663 -0.093636  0.001077] [ 0.29228157  0.33884607 -0.89429012]
[0.00452  0.065573 0.001754] [ 0.01327537 -0.44419185 -0.89583333]
[ 0.016525 -0.093521  0.000807] [-0.30765762  0.31632598 -0.89737654]
[-0.044843  0.012058  0.208907] [ 0.43738523 -0.02524753 -0.89891975]
[0.019297 0.052064 0.005035] [-0.33710352 -0.27482298 -0.90046296]
[-0.042663 -0.093636  0.001077] [ 0.062465    0.42718028 -0.90200617]
[0.005841 0.065546 0.001885] [ 0.24067696 -0.35450404 -0.90354938]
[ 0.017185 -0.091943  0.001117] [-0.41375045  0.09807123 -0.90509259]
[-0.042709 -0.093468  0.001342] [ 0.36845067  0.20556173 -0.9066358 ]
[0.005202 0.065594 0.001839] [-0.13178006 -0.39729699 -0.90817901]
[ 0.016525 -0.093521  0.000807] [-0.16982362  0.37890027 -0.90972222]
[-0.044843  0.012058  0.208907] [ 0.37804689 -0.16332746 -0.91126543]
[0.021032 0.041393 0.009866] [-0.38584361 -0.13380992 -0.91280864]
[-0.042663 -0.093636  0.001077] [ 0.1924738   0.35625065 -0.91435185]
[0.005202 0.065594 0.001839] [ 0.09786568 -0.38930521 -0.91589506]
[ 0.016881 -0.093312  0.000798] [-0.33217983  0.21900589 -0.91743827]
[-0.044843  0.012058  0.208907] [ 0.38934295  0.0623306  -0.91898148]
[0.015303 0.064215 0.004244] [-0.24273879 -0.30612444 -0.92052469]
[ 0.013108 -0.094109  0.001162] [-0.02753593  0.38604735 -0.9220679 ]
[0.007626 0.065503 0.002656] [ 0.27839023 -0.26351735 -0.92361111]
[ 0.016962 -0.092131  0.001364] [-0.37954059  0.00619853 -0.92515432]
[-0.042709 -0.093468  0.001342] [ 0.28121753  0.24929579 -0.92669753]
[0.005202 0.065594 0.001839] [-0.03856727 -0.36997526 -0.92824074]
[ 0.016881 -0.093312  0.000798] [-0.21916963  0.29574732 -0.92978395]
[-0.044843  0.012058  0.208907] [ 0.35753287 -0.06928178 -0.93132716]
[0.018792 0.054508 0.004764] [-0.30704756 -0.18834721 -0.93287037]
[-0.044778  0.012409  0.209005] [ 0.09807309  0.34242215 -0.93441358]
[0.007244 0.065562 0.002388] [ 0.15716788 -0.31509228 -0.93595679]
[-0.044324  0.014536  0.209373] [-0.3248771   0.12469409 -0.9375    ]
[-0.044843  0.012058  0.208907] [ 0.31988892  0.12597194 -0.93904321]
[0.008516 0.065327 0.003446] [-0.14892165 -0.30515493 -0.94058642]
[-0.044523  0.013763  0.209273] [-0.09509766  0.32147814 -0.94212963]
[-0.044843  0.012058  0.208907] [ 0.28353375 -0.17055844 -0.94367284]
[-0.044324  0.014536  0.209373] [-0.31993344 -0.06487848 -0.94521605]
[-0.044843  0.012058  0.208907] [ 0.18943454  0.26031032 -0.94675926]
[0.007244 0.065562 0.002388] [ 0.03564025 -0.31536043 -0.94830247]
[ 0.01682  -0.093216  0.001012] [-0.23579751  0.20540867 -0.94984568]
[-0.044843  0.012058  0.208907] [ 0.30789594  0.00769881 -0.95138889]
[-0.044324  0.014536  0.209373] [-0.21836916 -0.21032196 -0.9529321 ]
[-0.044573  0.013434  0.209205] [ 0.01864233  0.29770682 -0.95447531]
[0.009549 0.065193 0.003891] [ 0.18422165 -0.22823448 -0.95601852]
[-0.044324  0.014536  0.209373] [-0.28498852  0.04309383 -0.95756173]
[-0.044843  0.012058  0.208907] [ 0.23495339  0.15784367 -0.95910494]
[-0.044573  0.013434  0.209205] [-0.06538202 -0.26996357 -0.96064815]
[-0.044523  0.013763  0.209273] [-0.1315422   0.23850459 -0.96219136]
[-0.044843  0.012058  0.208907] [ 0.25287977 -0.08524966 -0.96373457]
[-0.044324  0.014536  0.209373] [-0.23889578 -0.10567694 -0.96527778]
[-0.044778  0.012409  0.209005] [ 0.10245607  0.2340084  -0.96682099]
[-0.044735  0.012764  0.209075] [ 0.08061211 -0.23616195 -0.9683642 ]
[-0.044523  0.013763  0.209273] [-0.21364227  0.11677586 -0.96990741]
[-0.044843  0.012058  0.208907] [ 0.23036263  0.05671648 -0.97145062]
[-0.044523  0.013763  0.209273] [-0.12799605 -0.19209379 -0.97299383]
[-0.044573  0.013434  0.209205] [-0.03436498  0.22157755 -0.97453704]
[-0.044843  0.012058  0.208907] [ 0.16969311 -0.13591027 -0.97608025]
[-0.044523  0.013763  0.209273] [-0.20989991 -0.0139429  -0.97762346]
[-0.044778  0.012409  0.209005] [ 0.14030829  0.14678631 -0.97916667]
[-0.044573  0.013434  0.209205] [-0.0041453  -0.19542506 -0.98070988]
[-0.044573  0.013434  0.209205] [-0.12373374  0.14095686 -0.98225309]
[-0.044843  0.012058  0.208907] [ 0.17823077 -0.01945865 -0.9837963 ]
[-0.044523  0.013763  0.209273] [-0.13756312 -0.1009081  -0.98533951]
[-0.044651  0.013087  0.209141] [ 0.0314847   0.15833894 -0.98688272]
[-0.044735  0.012764  0.209075] [ 0.07869112 -0.12969926 -0.98842593]
[-0.044523  0.013763  0.209273] [-0.13563138  0.0395631  -0.98996914]
[-0.044778  0.012409  0.209005] [ 0.1166243   0.05746339 -0.99151235]
[-0.044573  0.013434  0.209205] [-0.0426917  -0.10962702 -0.99305556]
[-0.044573  0.013434  0.209205] [-0.03755991  0.09676026 -0.99459877]
[-0.044778  0.012409  0.209005] [ 0.0786772  -0.03887239 -0.99614198]
[-0.044573  0.013434  0.209205] [-0.06530207 -0.01897131 -0.99768519]
[-0.044651  0.013087  0.209141] [ 0.02040958  0.03355687 -0.9992284 ]

