[-0.04436135  0.04355737  0.00028777] [ 0.01423268 -0.03660663  0.9992284 ]
[1.15365870e-02 1.37498750e-02 5.49836957e-05] [ 0.01423268 -0.03660663  0.9992284 ]
[-0.04014206  0.05356095 -0.00115772] [ 0.01423268 -0.03660663  0.9992284 ]
[-0.04079205  0.03350207 -0.00138774] [ 0.01423268 -0.03660663  0.9992284 ]
[-0.04084287  0.02387354 -0.00138954] [ 0.01423268 -0.03660663  0.9992284 ]
[-0.00805202  0.00483866 -0.00307107] [ 0.01423268 -0.03660663  0.9992284 ]
[-0.02925757  0.01320627 -0.002767  ] [ 0.01423268 -0.03660663  0.9992284 ]
[-0.01815988  0.05325308 -0.0023337 ] [ 0.01423268 -0.03660663  0.9992284 ]
[-0.00021202 -0.03650061 -0.00208661] [ 0.01423268 -0.03660663  0.9992284 ]
[-0.04420198  0.0156548   0.00088784] [ 0.01423268 -0.03660663  0.9992284 ]
[ 0.01107203 -0.03634521 -0.00055909] [ 0.01423268 -0.03660663  0.9992284 ]
[-0.00047517 -0.02613961 -0.00209827] [ 0.01423268 -0.03660663  0.9992284 ]
[-0.00761609 -0.01560004 -0.00301861] [ 0.01423268 -0.03660663  0.9992284 ]
[-0.01879928  0.00466232 -0.00309838] [ 0.01423268 -0.03660663  0.9992284 ]
[-0.00886758 -0.03659696 -0.00308739] [ 0.01423268 -0.03660663  0.9992284 ]
[-0.02912818  0.00631695 -0.00285838] [ 0.01423268 -0.03660663  0.9992284 ]
[-0.01864832 -0.08673293 -0.00273026] [ 0.01423268 -0.03660663  0.9992284 ]
[-0.03992151  0.00391353 -0.00127925] [ 0.01423268 -0.03660663  0.9992284 ]
[-0.04060295 -0.02632737 -0.00141249] [ 0.01423268 -0.03660663  0.9992284 ]
[-0.04067574 -0.00642375 -0.0011691 ] [ 0.01423268 -0.03660663  0.9992284 ]
[ 0.00047513  0.03442093 -0.00171804] [ 0.01423268 -0.03660663  0.9992284 ]
[ 0.00041995  0.05402149 -0.00130839] [ 0.01423268 -0.03660663  0.9992284 ]
[-0.02914293 -0.01701684 -0.00285458] [ 0.01423268 -0.03660663  0.9992284 ]
[-0.04083213 -0.01600999 -0.00133849] [ 0.01423268 -0.03660663  0.9992284 ]
[-0.02859337 -0.04649036 -0.00286041] [ 0.01423268 -0.03660663  0.9992284 ]
[-0.01894538  0.0125743  -0.00308407] [ 0.01423268 -0.03660663  0.9992284 ]
[-0.00827416  0.01368106 -0.00309324] [ 0.01423268 -0.03660663  0.9992284 ]
[-0.02871841  0.02439762 -0.00249971] [ 0.01423268 -0.03660663  0.9992284 ]
[-0.04057022  0.04371544 -0.0012603 ] [ 0.01423268 -0.03660663  0.9992284 ]
[ 0.0002678   0.04338155 -0.00152164] [ 0.01423268 -0.03660663  0.9992284 ]
[-0.04435804  0.02399345  0.0005924 ] [ 0.01423268 -0.03660663  0.9992284 ]
[-0.04402479 -0.06632033  0.00120833] [ 0.01423268 -0.03660663  0.9992284 ]
[-0.00637021  0.03403253 -0.00285979] [ 0.01423268 -0.03660663  0.9992284 ]
[-0.01931019 -0.05637856 -0.00303646] [ 0.01423268 -0.03660663  0.9992284 ]
[-0.02886585 -0.0661327  -0.00282606] [ 0.01423268 -0.03660663  0.9992284 ]
[0.01084304 0.05390932 0.00047016] [ 0.01423268 -0.03660663  0.9992284 ]
[-0.0187709  -0.09317727 -0.00090964] [ 0.01423268 -0.03660663  0.9992284 ]
[-0.0441385   0.00339124  0.00121821] [ 0.01423268 -0.03660663  0.9992284 ]
[0.01100066 0.03389369 0.00019636] [ 0.01423268 -0.03660663  0.9992284 ]
[-0.01887178  0.04401781 -0.00248517] [ 0.01423268 -0.03660663  0.9992284 ]
[-0.0086798  -0.06634869 -0.00303014] [ 0.01423268 -0.03660663  0.9992284 ]
[-0.04394575 -0.0360258   0.0013617 ] [ 0.01423268 -0.03660663  0.9992284 ]
[-0.01941398 -0.07658119 -0.00300535] [ 0.01423268 -0.03660663  0.9992284 ]
[-0.00651425  0.04403512 -0.00259915] [ 0.01423268 -0.03660663  0.9992284 ]
[ 0.01184091 -0.01641445 -0.0002178 ] [ 0.01423268 -0.03660663  0.9992284 ]
[ 3.06913947e-05  1.36745786e-02 -1.90308012e-03] [ 0.01423268 -0.03660663  0.9992284 ]
[0.01100259 0.04362481 0.00036681] [ 0.01423268 -0.03660663  0.9992284 ]
[-0.02903409 -0.03614746 -0.00287489] [ 0.01423268 -0.03660663  0.9992284 ]
[-0.04438646  0.03397863  0.00034477] [ 0.01423268 -0.03660663  0.9992284 ]
[-0.0085056  -0.09321245 -0.00076934] [ 0.01423268 -0.03660663  0.9992284 ]
[ 0.01114268  0.00417088 -0.00012019] [ 0.01423268 -0.03660663  0.9992284 ]
[ 0.01138014 -0.04599979 -0.00062293] [ 0.01423268 -0.03660663  0.9992284 ]
[-0.02874234 -0.02815897 -0.00288224] [ 0.01423268 -0.03660663  0.9992284 ]
[-0.03987484 -0.08688393 -0.00169756] [ 0.01423268 -0.03660663  0.9992284 ]
[-0.03029132 -0.00631448 -0.00283944] [ 0.01423268 -0.03660663  0.9992284 ]
[-0.00852248 -0.04612119 -0.00305749] [ 0.01423268 -0.03660663  0.9992284 ]
[-0.02871062  0.04377116 -0.00202862] [ 0.01423268 -0.03660663  0.9992284 ]
[-0.00901624 -0.08711917 -0.00264105] [ 0.01423268 -0.03660663  0.9992284 ]
[-0.00845683 -0.07644711 -0.00304598] [ 0.01423268 -0.03660663  0.9992284 ]
[-0.04395902 -0.05647258  0.0012112 ] [ 0.01423268 -0.03660663  0.9992284 ]
[-0.00897492 -0.0560036  -0.00305006] [ 0.01423268 -0.03660663  0.9992284 ]
[-0.0069436   0.05471209 -0.00239661] [ 0.01423268 -0.03660663  0.9992284 ]
[-0.03997006 -0.0662441  -0.00169924] [ 0.01423268 -0.03660663  0.9992284 ]
[-0.04396209 -0.04690643  0.0013517 ] [ 0.01423268 -0.03660663  0.9992284 ]
[-0.01941937 -0.04621971 -0.00305806] [ 0.01423268 -0.03660663  0.9992284 ]
[-0.01893554  0.0245899  -0.0028401 ] [ 0.01423268 -0.03660663  0.9992284 ]
[-0.0185705  -0.03690212 -0.00311487] [ 0.01423268 -0.03660663  0.9992284 ]
[-0.01814098 -0.02737527 -0.00309197] [ 0.01423268 -0.03660663  0.9992284 ]
[-0.04057014 -0.03539971 -0.00136425] [ 0.01423268 -0.03660663  0.9992284 ]
[-0.02908293 -0.05618669 -0.00284764] [ 0.01423268 -0.03660663  0.9992284 ]
[-0.01968549 -0.06595104 -0.00299519] [ 0.01423268 -0.03660663  0.9992284 ]
[-0.01750394 -0.00673625 -0.00305793] [ 0.01423268 -0.03660663  0.9992284 ]
[ 0.01132308 -0.02609356 -0.00040001] [ 0.01423268 -0.03660663  0.9992284 ]
[-0.03859275  0.06454853 -0.00041089] [ 0.01423268 -0.03660663  0.9992284 ]
[-0.02882356  0.06402647 -0.00091136] [ 0.01423268 -0.03660663  0.9992284 ]
[ 0.01103689 -0.0059067  -0.00023607] [ 0.01423268 -0.03660663  0.9992284 ]
[-0.043828 -0.091302  0.000892] [ 0.01423268 -0.03660663  0.9992284 ]
[-0.02901899  0.03351505 -0.00227136] [ 0.01423268 -0.03660663  0.9992284 ]
[-0.02852003 -0.08732946 -0.00261175] [ 0.01423268 -0.03660663  0.9992284 ]
[-2.43322785e-05  2.37841867e-02 -1.93771835e-03] [ 0.01423268 -0.03660663  0.9992284 ]
[ 0.01174993 -0.05640488 -0.00072103] [ 0.01423268 -0.03660663  0.9992284 ]
[-0.04404013 -0.00610553  0.00129873] [ 0.01423268 -0.03660663  0.9992284 ]
[ 0.01744523 -0.07654069  0.00037549] [ 0.01423268 -0.03660663  0.9992284 ]
[-0.01716728 -0.01559518 -0.00305916] [ 0.01423268 -0.03660663  0.9992284 ]
[-0.01940307  0.03332262 -0.002666  ] [ 0.01423268 -0.03660663  0.9992284 ]
[-0.03943413 -0.07636014 -0.00180538] [ 0.01423268 -0.03660663  0.9992284 ]
[-0.00700296 -0.00642281 -0.00302496] [ 0.01423268 -0.03660663  0.9992284 ]
[-0.0440125  -0.01721323  0.00118433] [ 0.01423268 -0.03660663  0.9992284 ]
[-0.00622306  0.02364848 -0.00302256] [ 0.01423268 -0.03660663  0.9992284 ]
[ 0.01152717 -0.08616936 -0.00121716] [ 0.01423268 -0.03660663  0.9992284 ]
[-0.03974563  0.0136157  -0.00131056] [ 0.01423268 -0.03660663  0.9992284 ]
[-0.00047584  0.00424001 -0.00203731] [ 0.01423268 -0.03660663  0.9992284 ]
[ 0.01154965 -0.07625764 -0.0009685 ] [ 0.01423268 -0.03660663  0.9992284 ]
[-0.0003126  -0.00629541 -0.00203469] [ 0.01423268 -0.03660663  0.9992284 ]
[-0.00016831 -0.06631086 -0.00221784] [ 0.01423268 -0.03660663  0.9992284 ]
[-8.58328446e-05 -7.63173548e-02 -2.19664809e-03] [ 0.01423268 -0.03660663  0.9992284 ]
[1.11269536e-02 2.40180309e-02 8.41030928e-05] [ 0.01423268 -0.03660663  0.9992284 ]
[ 0.01139706 -0.06633754 -0.00086688] [ 0.01423268 -0.03660663  0.9992284 ]
[-0.00012106 -0.08621429 -0.00218521] [ 0.01423268 -0.03660663  0.9992284 ]
[-0.02930081 -0.07588761 -0.00277477] [ 0.01423268 -0.03660663  0.9992284 ]
[-0.00046202 -0.01616287 -0.00204047] [ 0.01423268 -0.03660663  0.9992284 ]
[-0.00830633 -0.02732245 -0.00307197] [ 0.01423268 -0.03660663  0.9992284 ]
[-0.04004142 -0.05634726 -0.00171031] [ 0.01423268 -0.03660663  0.9992284 ]
[-0.02896274  0.05379761 -0.00179054] [ 0.01423268 -0.03660663  0.9992284 ]
[-0.00030133 -0.04611195 -0.00214922] [ 0.01423268 -0.03660663  0.9992284 ]
[-0.00020015 -0.0563173  -0.00220133] [ 0.01423268 -0.03660663  0.9992284 ]
[-0.04065694 -0.04676981 -0.00144448] [ 0.01423268 -0.03660663  0.9992284 ]
[ 0.00106467  0.06375393 -0.00030866] [ 0.01423268 -0.03660663  0.9992284 ]
[-0.04436135  0.04355737  0.00028777] [-0.06098302  0.03008891  0.99768519]
[1.15365870e-02 1.37498750e-02 5.49836957e-05] [-0.06098302  0.03008891  0.99768519]
[-0.04014206  0.05356095 -0.00115772] [-0.06098302  0.03008891  0.99768519]
[-0.04079205  0.03350207 -0.00138774] [-0.06098302  0.03008891  0.99768519]
[-0.04084287  0.02387354 -0.00138954] [-0.06098302  0.03008891  0.99768519]
[-0.00805202  0.00483866 -0.00307107] [-0.06098302  0.03008891  0.99768519]
[-0.02925757  0.01320627 -0.002767  ] [-0.06098302  0.03008891  0.99768519]
[-0.01815988  0.05325308 -0.0023337 ] [-0.06098302  0.03008891  0.99768519]
[-0.00021202 -0.03650061 -0.00208661] [-0.06098302  0.03008891  0.99768519]
[-0.04420198  0.0156548   0.00088784] [-0.06098302  0.03008891  0.99768519]
[ 0.01107203 -0.03634521 -0.00055909] [-0.06098302  0.03008891  0.99768519]
[-0.00047517 -0.02613961 -0.00209827] [-0.06098302  0.03008891  0.99768519]
[-0.00761609 -0.01560004 -0.00301861] [-0.06098302  0.03008891  0.99768519]
[-0.01879928  0.00466232 -0.00309838] [-0.06098302  0.03008891  0.99768519]
[-0.00886758 -0.03659696 -0.00308739] [-0.06098302  0.03008891  0.99768519]
[-0.02912818  0.00631695 -0.00285838] [-0.06098302  0.03008891  0.99768519]
[-0.01864832 -0.08673293 -0.00273026] [-0.06098302  0.03008891  0.99768519]
[-0.03992151  0.00391353 -0.00127925] [-0.06098302  0.03008891  0.99768519]
[-0.04060295 -0.02632737 -0.00141249] [-0.06098302  0.03008891  0.99768519]
[-0.04067574 -0.00642375 -0.0011691 ] [-0.06098302  0.03008891  0.99768519]
[ 0.00047513  0.03442093 -0.00171804] [-0.06098302  0.03008891  0.99768519]
[ 0.00041995  0.05402149 -0.00130839] [-0.06098302  0.03008891  0.99768519]
[-0.02914293 -0.01701684 -0.00285458] [-0.06098302  0.03008891  0.99768519]
[-0.04083213 -0.01600999 -0.00133849] [-0.06098302  0.03008891  0.99768519]
[-0.02859337 -0.04649036 -0.00286041] [-0.06098302  0.03008891  0.99768519]
[-0.01894538  0.0125743  -0.00308407] [-0.06098302  0.03008891  0.99768519]
[-0.00827416  0.01368106 -0.00309324] [-0.06098302  0.03008891  0.99768519]
[-0.02871841  0.02439762 -0.00249971] [-0.06098302  0.03008891  0.99768519]
[-0.04057022  0.04371544 -0.0012603 ] [-0.06098302  0.03008891  0.99768519]
[ 0.0002678   0.04338155 -0.00152164] [-0.06098302  0.03008891  0.99768519]
[-0.04435804  0.02399345  0.0005924 ] [-0.06098302  0.03008891  0.99768519]
[-0.04402479 -0.06632033  0.00120833] [-0.06098302  0.03008891  0.99768519]
[-0.00637021  0.03403253 -0.00285979] [-0.06098302  0.03008891  0.99768519]
[-0.01931019 -0.05637856 -0.00303646] [-0.06098302  0.03008891  0.99768519]
[-0.02886585 -0.0661327  -0.00282606] [-0.06098302  0.03008891  0.99768519]
[0.01084304 0.05390932 0.00047016] [-0.06098302  0.03008891  0.99768519]
[-0.0187709  -0.09317727 -0.00090964] [-0.06098302  0.03008891  0.99768519]
[-0.0441385   0.00339124  0.00121821] [-0.06098302  0.03008891  0.99768519]
[0.01100066 0.03389369 0.00019636] [-0.06098302  0.03008891  0.99768519]
[-0.01887178  0.04401781 -0.00248517] [-0.06098302  0.03008891  0.99768519]
[-0.0086798  -0.06634869 -0.00303014] [-0.06098302  0.03008891  0.99768519]
[-0.04394575 -0.0360258   0.0013617 ] [-0.06098302  0.03008891  0.99768519]
[-0.01941398 -0.07658119 -0.00300535] [-0.06098302  0.03008891  0.99768519]
[-0.00651425  0.04403512 -0.00259915] [-0.06098302  0.03008891  0.99768519]
[ 0.01184091 -0.01641445 -0.0002178 ] [-0.06098302  0.03008891  0.99768519]
[ 3.06913947e-05  1.36745786e-02 -1.90308012e-03] [-0.06098302  0.03008891  0.99768519]
[0.01100259 0.04362481 0.00036681] [-0.06098302  0.03008891  0.99768519]
[-0.02903409 -0.03614746 -0.00287489] [-0.06098302  0.03008891  0.99768519]
[-0.04438646  0.03397863  0.00034477] [-0.06098302  0.03008891  0.99768519]
[-0.0085056  -0.09321245 -0.00076934] [-0.06098302  0.03008891  0.99768519]
[ 0.01114268  0.00417088 -0.00012019] [-0.06098302  0.03008891  0.99768519]
[ 0.01138014 -0.04599979 -0.00062293] [-0.06098302  0.03008891  0.99768519]
[-0.02874234 -0.02815897 -0.00288224] [-0.06098302  0.03008891  0.99768519]
[-0.03987484 -0.08688393 -0.00169756] [-0.06098302  0.03008891  0.99768519]
[-0.03029132 -0.00631448 -0.00283944] [-0.06098302  0.03008891  0.99768519]
[-0.00852248 -0.04612119 -0.00305749] [-0.06098302  0.03008891  0.99768519]
[-0.02871062  0.04377116 -0.00202862] [-0.06098302  0.03008891  0.99768519]
[-0.00901624 -0.08711917 -0.00264105] [-0.06098302  0.03008891  0.99768519]
[-0.00845683 -0.07644711 -0.00304598] [-0.06098302  0.03008891  0.99768519]
[-0.04395902 -0.05647258  0.0012112 ] [-0.06098302  0.03008891  0.99768519]
[-0.00897492 -0.0560036  -0.00305006] [-0.06098302  0.03008891  0.99768519]
[-0.0069436   0.05471209 -0.00239661] [-0.06098302  0.03008891  0.99768519]
[-0.03997006 -0.0662441  -0.00169924] [-0.06098302  0.03008891  0.99768519]
[-0.04396209 -0.04690643  0.0013517 ] [-0.06098302  0.03008891  0.99768519]
[-0.01941937 -0.04621971 -0.00305806] [-0.06098302  0.03008891  0.99768519]
[-0.01893554  0.0245899  -0.0028401 ] [-0.06098302  0.03008891  0.99768519]
[-0.0185705  -0.03690212 -0.00311487] [-0.06098302  0.03008891  0.99768519]
[-0.01814098 -0.02737527 -0.00309197] [-0.06098302  0.03008891  0.99768519]
[-0.04057014 -0.03539971 -0.00136425] [-0.06098302  0.03008891  0.99768519]
[-0.02908293 -0.05618669 -0.00284764] [-0.06098302  0.03008891  0.99768519]
[-0.01968549 -0.06595104 -0.00299519] [-0.06098302  0.03008891  0.99768519]
[ 0.01758253 -0.08677989  0.00033745] [-0.06098302  0.03008891  0.99768519]
[-0.01750394 -0.00673625 -0.00305793] [-0.06098302  0.03008891  0.99768519]
[ 0.01132308 -0.02609356 -0.00040001] [-0.06098302  0.03008891  0.99768519]
[-0.03859275  0.06454853 -0.00041089] [-0.06098302  0.03008891  0.99768519]
[-0.02882356  0.06402647 -0.00091136] [-0.06098302  0.03008891  0.99768519]
[ 0.01103689 -0.0059067  -0.00023607] [-0.06098302  0.03008891  0.99768519]
[-0.043828 -0.091302  0.000892] [-0.06098302  0.03008891  0.99768519]
[-0.02901899  0.03351505 -0.00227136] [-0.06098302  0.03008891  0.99768519]
[-0.02852003 -0.08732946 -0.00261175] [-0.06098302  0.03008891  0.99768519]
[-2.43322785e-05  2.37841867e-02 -1.93771835e-03] [-0.06098302  0.03008891  0.99768519]
[ 0.01174993 -0.05640488 -0.00072103] [-0.06098302  0.03008891  0.99768519]
[-0.04404013 -0.00610553  0.00129873] [-0.06098302  0.03008891  0.99768519]
[ 0.01744523 -0.07654069  0.00037549] [-0.06098302  0.03008891  0.99768519]
[-0.01716728 -0.01559518 -0.00305916] [-0.06098302  0.03008891  0.99768519]
[-0.01940307  0.03332262 -0.002666  ] [-0.06098302  0.03008891  0.99768519]
[-0.03943413 -0.07636014 -0.00180538] [-0.06098302  0.03008891  0.99768519]
[ 0.01144622 -0.09328037 -0.00037496] [-0.06098302  0.03008891  0.99768519]
[-0.00700296 -0.00642281 -0.00302496] [-0.06098302  0.03008891  0.99768519]
[-0.0440125  -0.01721323  0.00118433] [-0.06098302  0.03008891  0.99768519]
[-0.00622306  0.02364848 -0.00302256] [-0.06098302  0.03008891  0.99768519]
[ 0.01152717 -0.08616936 -0.00121716] [-0.06098302  0.03008891  0.99768519]
[-0.03974563  0.0136157  -0.00131056] [-0.06098302  0.03008891  0.99768519]
[-0.00047584  0.00424001 -0.00203731] [-0.06098302  0.03008891  0.99768519]
[ 0.01154965 -0.07625764 -0.0009685 ] [-0.06098302  0.03008891  0.99768519]
[-0.0003126  -0.00629541 -0.00203469] [-0.06098302  0.03008891  0.99768519]
[-0.00016831 -0.06631086 -0.00221784] [-0.06098302  0.03008891  0.99768519]
[-8.58328446e-05 -7.63173548e-02 -2.19664809e-03] [-0.06098302  0.03008891  0.99768519]
[1.11269536e-02 2.40180309e-02 8.41030928e-05] [-0.06098302  0.03008891  0.99768519]
[ 0.01139706 -0.06633754 -0.00086688] [-0.06098302  0.03008891  0.99768519]
[-0.00012106 -0.08621429 -0.00218521] [-0.06098302  0.03008891  0.99768519]
[-0.02930081 -0.07588761 -0.00277477] [-0.06098302  0.03008891  0.99768519]
[-0.00046202 -0.01616287 -0.00204047] [-0.06098302  0.03008891  0.99768519]
[-0.00830633 -0.02732245 -0.00307197] [-0.06098302  0.03008891  0.99768519]
[-0.04004142 -0.05634726 -0.00171031] [-0.06098302  0.03008891  0.99768519]
[-0.02896274  0.05379761 -0.00179054] [-0.06098302  0.03008891  0.99768519]
[-0.00030133 -0.04611195 -0.00214922] [-0.06098302  0.03008891  0.99768519]
[-0.00020015 -0.0563173  -0.00220133] [-0.06098302  0.03008891  0.99768519]
[-0.04065694 -0.04676981 -0.00144448] [-0.06098302  0.03008891  0.99768519]
[ 0.00106467  0.06375393 -0.00030866] [-0.06098302  0.03008891  0.99768519]
[-0.04436135  0.04355737  0.00028777] [0.08425872 0.02452821 0.99614198]
[1.15365870e-02 1.37498750e-02 5.49836957e-05] [0.08425872 0.02452821 0.99614198]
[-0.04014206  0.05356095 -0.00115772] [0.08425872 0.02452821 0.99614198]
[-0.04079205  0.03350207 -0.00138774] [0.08425872 0.02452821 0.99614198]
[-0.04084287  0.02387354 -0.00138954] [0.08425872 0.02452821 0.99614198]
[-0.00805202  0.00483866 -0.00307107] [0.08425872 0.02452821 0.99614198]
[-0.02925757  0.01320627 -0.002767  ] [0.08425872 0.02452821 0.99614198]
[-0.01815988  0.05325308 -0.0023337 ] [0.08425872 0.02452821 0.99614198]
[-0.00021202 -0.03650061 -0.00208661] [0.08425872 0.02452821 0.99614198]
[-0.04420198  0.0156548   0.00088784] [0.08425872 0.02452821 0.99614198]
[ 0.01107203 -0.03634521 -0.00055909] [0.08425872 0.02452821 0.99614198]
[-0.00047517 -0.02613961 -0.00209827] [0.08425872 0.02452821 0.99614198]
[-0.00761609 -0.01560004 -0.00301861] [0.08425872 0.02452821 0.99614198]
[-0.01879928  0.00466232 -0.00309838] [0.08425872 0.02452821 0.99614198]
[-0.00886758 -0.03659696 -0.00308739] [0.08425872 0.02452821 0.99614198]
[-0.02912818  0.00631695 -0.00285838] [0.08425872 0.02452821 0.99614198]
[-0.01864832 -0.08673293 -0.00273026] [0.08425872 0.02452821 0.99614198]
[-0.03992151  0.00391353 -0.00127925] [0.08425872 0.02452821 0.99614198]
[-0.04060295 -0.02632737 -0.00141249] [0.08425872 0.02452821 0.99614198]
[-0.04067574 -0.00642375 -0.0011691 ] [0.08425872 0.02452821 0.99614198]
[ 0.00047513  0.03442093 -0.00171804] [0.08425872 0.02452821 0.99614198]
[ 0.00041995  0.05402149 -0.00130839] [0.08425872 0.02452821 0.99614198]
[-0.02914293 -0.01701684 -0.00285458] [0.08425872 0.02452821 0.99614198]
[-0.04083213 -0.01600999 -0.00133849] [0.08425872 0.02452821 0.99614198]
[-0.02859337 -0.04649036 -0.00286041] [0.08425872 0.02452821 0.99614198]
[-0.01894538  0.0125743  -0.00308407] [0.08425872 0.02452821 0.99614198]
[-0.00827416  0.01368106 -0.00309324] [0.08425872 0.02452821 0.99614198]
[-0.02871841  0.02439762 -0.00249971] [0.08425872 0.02452821 0.99614198]
[-0.04057022  0.04371544 -0.0012603 ] [0.08425872 0.02452821 0.99614198]
[ 0.0002678   0.04338155 -0.00152164] [0.08425872 0.02452821 0.99614198]
[-0.04435804  0.02399345  0.0005924 ] [0.08425872 0.02452821 0.99614198]
[-0.04402479 -0.06632033  0.00120833] [0.08425872 0.02452821 0.99614198]
[-0.00637021  0.03403253 -0.00285979] [0.08425872 0.02452821 0.99614198]
[-0.01931019 -0.05637856 -0.00303646] [0.08425872 0.02452821 0.99614198]
[-0.02886585 -0.0661327  -0.00282606] [0.08425872 0.02452821 0.99614198]
[0.01084304 0.05390932 0.00047016] [0.08425872 0.02452821 0.99614198]
[-0.0187709  -0.09317727 -0.00090964] [0.08425872 0.02452821 0.99614198]
[-0.0441385   0.00339124  0.00121821] [0.08425872 0.02452821 0.99614198]
[0.01100066 0.03389369 0.00019636] [0.08425872 0.02452821 0.99614198]
[-0.01887178  0.04401781 -0.00248517] [0.08425872 0.02452821 0.99614198]
[-0.0086798  -0.06634869 -0.00303014] [0.08425872 0.02452821 0.99614198]
[-0.04394575 -0.0360258   0.0013617 ] [0.08425872 0.02452821 0.99614198]
[-0.01941398 -0.07658119 -0.00300535] [0.08425872 0.02452821 0.99614198]
[-0.00651425  0.04403512 -0.00259915] [0.08425872 0.02452821 0.99614198]
[ 0.01184091 -0.01641445 -0.0002178 ] [0.08425872 0.02452821 0.99614198]
[ 3.06913947e-05  1.36745786e-02 -1.90308012e-03] [0.08425872 0.02452821 0.99614198]
[0.01100259 0.04362481 0.00036681] [0.08425872 0.02452821 0.99614198]
[-0.02903409 -0.03614746 -0.00287489] [0.08425872 0.02452821 0.99614198]
[-0.04438646  0.03397863  0.00034477] [0.08425872 0.02452821 0.99614198]
[-0.0085056  -0.09321245 -0.00076934] [0.08425872 0.02452821 0.99614198]
[ 0.01114268  0.00417088 -0.00012019] [0.08425872 0.02452821 0.99614198]
[ 0.01138014 -0.04599979 -0.00062293] [0.08425872 0.02452821 0.99614198]
[-0.02874234 -0.02815897 -0.00288224] [0.08425872 0.02452821 0.99614198]
[-0.03987484 -0.08688393 -0.00169756] [0.08425872 0.02452821 0.99614198]
[-0.03029132 -0.00631448 -0.00283944] [0.08425872 0.02452821 0.99614198]
[-0.00852248 -0.04612119 -0.00305749] [0.08425872 0.02452821 0.99614198]
[-0.02871062  0.04377116 -0.00202862] [0.08425872 0.02452821 0.99614198]
[-0.00901624 -0.08711917 -0.00264105] [0.08425872 0.02452821 0.99614198]
[-0.00845683 -0.07644711 -0.00304598] [0.08425872 0.02452821 0.99614198]
[-0.04395902 -0.05647258  0.0012112 ] [0.08425872 0.02452821 0.99614198]
[-0.00897492 -0.0560036  -0.00305006] [0.08425872 0.02452821 0.99614198]
[-0.0069436   0.05471209 -0.00239661] [0.08425872 0.02452821 0.99614198]
[-0.03997006 -0.0662441  -0.00169924] [0.08425872 0.02452821 0.99614198]
[-0.04396209 -0.04690643  0.0013517 ] [0.08425872 0.02452821 0.99614198]
[-0.01941937 -0.04621971 -0.00305806] [0.08425872 0.02452821 0.99614198]
[-0.01893554  0.0245899  -0.0028401 ] [0.08425872 0.02452821 0.99614198]
[-0.0185705  -0.03690212 -0.00311487] [0.08425872 0.02452821 0.99614198]
[-0.01814098 -0.02737527 -0.00309197] [0.08425872 0.02452821 0.99614198]
[-0.04057014 -0.03539971 -0.00136425] [0.08425872 0.02452821 0.99614198]
[-0.02908293 -0.05618669 -0.00284764] [0.08425872 0.02452821 0.99614198]
[-0.01968549 -0.06595104 -0.00299519] [0.08425872 0.02452821 0.99614198]
[-0.01750394 -0.00673625 -0.00305793] [0.08425872 0.02452821 0.99614198]
[ 0.01132308 -0.02609356 -0.00040001] [0.08425872 0.02452821 0.99614198]
[-0.03859275  0.06454853 -0.00041089] [0.08425872 0.02452821 0.99614198]
[-0.02882356  0.06402647 -0.00091136] [0.08425872 0.02452821 0.99614198]
[ 0.01103689 -0.0059067  -0.00023607] [0.08425872 0.02452821 0.99614198]
[-0.043828 -0.091302  0.000892] [0.08425872 0.02452821 0.99614198]
[-0.02901899  0.03351505 -0.00227136] [0.08425872 0.02452821 0.99614198]
[-0.02852003 -0.08732946 -0.00261175] [0.08425872 0.02452821 0.99614198]
[-2.43322785e-05  2.37841867e-02 -1.93771835e-03] [0.08425872 0.02452821 0.99614198]
[ 0.01174993 -0.05640488 -0.00072103] [0.08425872 0.02452821 0.99614198]
[-0.04404013 -0.00610553  0.00129873] [0.08425872 0.02452821 0.99614198]
[-0.01716728 -0.01559518 -0.00305916] [0.08425872 0.02452821 0.99614198]
[-0.01940307  0.03332262 -0.002666  ] [0.08425872 0.02452821 0.99614198]
[-0.03943413 -0.07636014 -0.00180538] [0.08425872 0.02452821 0.99614198]
[-0.00700296 -0.00642281 -0.00302496] [0.08425872 0.02452821 0.99614198]
[-0.0440125  -0.01721323  0.00118433] [0.08425872 0.02452821 0.99614198]
[-0.00622306  0.02364848 -0.00302256] [0.08425872 0.02452821 0.99614198]
[ 0.01152717 -0.08616936 -0.00121716] [0.08425872 0.02452821 0.99614198]
[-0.03974563  0.0136157  -0.00131056] [0.08425872 0.02452821 0.99614198]
[-0.00047584  0.00424001 -0.00203731] [0.08425872 0.02452821 0.99614198]
[ 0.01154965 -0.07625764 -0.0009685 ] [0.08425872 0.02452821 0.99614198]
[-0.0003126  -0.00629541 -0.00203469] [0.08425872 0.02452821 0.99614198]
[-0.00016831 -0.06631086 -0.00221784] [0.08425872 0.02452821 0.99614198]
[-8.58328446e-05 -7.63173548e-02 -2.19664809e-03] [0.08425872 0.02452821 0.99614198]
[1.11269536e-02 2.40180309e-02 8.41030928e-05] [0.08425872 0.02452821 0.99614198]
[ 0.01139706 -0.06633754 -0.00086688] [0.08425872 0.02452821 0.99614198]
[-0.00012106 -0.08621429 -0.00218521] [0.08425872 0.02452821 0.99614198]
[-0.02930081 -0.07588761 -0.00277477] [0.08425872 0.02452821 0.99614198]
[-0.00046202 -0.01616287 -0.00204047] [0.08425872 0.02452821 0.99614198]
[-0.00830633 -0.02732245 -0.00307197] [0.08425872 0.02452821 0.99614198]
[-0.04004142 -0.05634726 -0.00171031] [0.08425872 0.02452821 0.99614198]
[-0.02896274  0.05379761 -0.00179054] [0.08425872 0.02452821 0.99614198]
[-0.00030133 -0.04611195 -0.00214922] [0.08425872 0.02452821 0.99614198]
[-0.00020015 -0.0563173  -0.00220133] [0.08425872 0.02452821 0.99614198]
[-0.04065694 -0.04676981 -0.00144448] [0.08425872 0.02452821 0.99614198]
[ 0.00106467  0.06375393 -0.00030866] [0.08425872 0.02452821 0.99614198]
[-0.04436135  0.04355737  0.00028777] [-0.05388788 -0.08870959  0.99459877]
[1.15365870e-02 1.37498750e-02 5.49836957e-05] [-0.05388788 -0.08870959  0.99459877]
[-0.04014206  0.05356095 -0.00115772] [-0.05388788 -0.08870959  0.99459877]
[-0.04079205  0.03350207 -0.00138774] [-0.05388788 -0.08870959  0.99459877]
[-0.04084287  0.02387354 -0.00138954] [-0.05388788 -0.08870959  0.99459877]
[-0.00805202  0.00483866 -0.00307107] [-0.05388788 -0.08870959  0.99459877]
[-0.02925757  0.01320627 -0.002767  ] [-0.05388788 -0.08870959  0.99459877]
[-0.01815988  0.05325308 -0.0023337 ] [-0.05388788 -0.08870959  0.99459877]
[-0.00021202 -0.03650061 -0.00208661] [-0.05388788 -0.08870959  0.99459877]
[-0.04420198  0.0156548   0.00088784] [-0.05388788 -0.08870959  0.99459877]
[ 0.01107203 -0.03634521 -0.00055909] [-0.05388788 -0.08870959  0.99459877]
[-0.00047517 -0.02613961 -0.00209827] [-0.05388788 -0.08870959  0.99459877]
[-0.00761609 -0.01560004 -0.00301861] [-0.05388788 -0.08870959  0.99459877]
[-0.01879928  0.00466232 -0.00309838] [-0.05388788 -0.08870959  0.99459877]
[-0.00886758 -0.03659696 -0.00308739] [-0.05388788 -0.08870959  0.99459877]
[-0.02912818  0.00631695 -0.00285838] [-0.05388788 -0.08870959  0.99459877]
[-0.01864832 -0.08673293 -0.00273026] [-0.05388788 -0.08870959  0.99459877]
[-0.03992151  0.00391353 -0.00127925] [-0.05388788 -0.08870959  0.99459877]
[-0.04060295 -0.02632737 -0.00141249] [-0.05388788 -0.08870959  0.99459877]
[-0.04067574 -0.00642375 -0.0011691 ] [-0.05388788 -0.08870959  0.99459877]
[0.0102994  0.06311211 0.00081663] [-0.05388788 -0.08870959  0.99459877]
[ 0.00047513  0.03442093 -0.00171804] [-0.05388788 -0.08870959  0.99459877]
[ 0.00041995  0.05402149 -0.00130839] [-0.05388788 -0.08870959  0.99459877]
[-0.02914293 -0.01701684 -0.00285458] [-0.05388788 -0.08870959  0.99459877]
[-0.04083213 -0.01600999 -0.00133849] [-0.05388788 -0.08870959  0.99459877]
[-0.02859337 -0.04649036 -0.00286041] [-0.05388788 -0.08870959  0.99459877]
[-0.01894538  0.0125743  -0.00308407] [-0.05388788 -0.08870959  0.99459877]
[-0.00827416  0.01368106 -0.00309324] [-0.05388788 -0.08870959  0.99459877]
[-0.02871841  0.02439762 -0.00249971] [-0.05388788 -0.08870959  0.99459877]
[-0.04057022  0.04371544 -0.0012603 ] [-0.05388788 -0.08870959  0.99459877]
[ 0.0002678   0.04338155 -0.00152164] [-0.05388788 -0.08870959  0.99459877]
[-0.04435804  0.02399345  0.0005924 ] [-0.05388788 -0.08870959  0.99459877]
[-0.04402479 -0.06632033  0.00120833] [-0.05388788 -0.08870959  0.99459877]
[-0.00637021  0.03403253 -0.00285979] [-0.05388788 -0.08870959  0.99459877]
[-0.01931019 -0.05637856 -0.00303646] [-0.05388788 -0.08870959  0.99459877]
[-0.02886585 -0.0661327  -0.00282606] [-0.05388788 -0.08870959  0.99459877]
[0.01084304 0.05390932 0.00047016] [-0.05388788 -0.08870959  0.99459877]
[-0.0187709  -0.09317727 -0.00090964] [-0.05388788 -0.08870959  0.99459877]
[-0.0441385   0.00339124  0.00121821] [-0.05388788 -0.08870959  0.99459877]
[0.01100066 0.03389369 0.00019636] [-0.05388788 -0.08870959  0.99459877]
[-0.01887178  0.04401781 -0.00248517] [-0.05388788 -0.08870959  0.99459877]
[-0.0086798  -0.06634869 -0.00303014] [-0.05388788 -0.08870959  0.99459877]
[-0.04394575 -0.0360258   0.0013617 ] [-0.05388788 -0.08870959  0.99459877]
[-0.01941398 -0.07658119 -0.00300535] [-0.05388788 -0.08870959  0.99459877]
[-0.00651425  0.04403512 -0.00259915] [-0.05388788 -0.08870959  0.99459877]
[ 0.01184091 -0.01641445 -0.0002178 ] [-0.05388788 -0.08870959  0.99459877]
[ 3.06913947e-05  1.36745786e-02 -1.90308012e-03] [-0.05388788 -0.08870959  0.99459877]
[0.01100259 0.04362481 0.00036681] [-0.05388788 -0.08870959  0.99459877]
[-0.02903409 -0.03614746 -0.00287489] [-0.05388788 -0.08870959  0.99459877]
[-0.04438646  0.03397863  0.00034477] [-0.05388788 -0.08870959  0.99459877]
[-0.0085056  -0.09321245 -0.00076934] [-0.05388788 -0.08870959  0.99459877]
[ 0.01114268  0.00417088 -0.00012019] [-0.05388788 -0.08870959  0.99459877]
[ 0.01138014 -0.04599979 -0.00062293] [-0.05388788 -0.08870959  0.99459877]
[-0.02874234 -0.02815897 -0.00288224] [-0.05388788 -0.08870959  0.99459877]
[-0.03987484 -0.08688393 -0.00169756] [-0.05388788 -0.08870959  0.99459877]
[-0.03029132 -0.00631448 -0.00283944] [-0.05388788 -0.08870959  0.99459877]
[-0.00852248 -0.04612119 -0.00305749] [-0.05388788 -0.08870959  0.99459877]
[-0.02871062  0.04377116 -0.00202862] [-0.05388788 -0.08870959  0.99459877]
[-0.00901624 -0.08711917 -0.00264105] [-0.05388788 -0.08870959  0.99459877]
[-0.00845683 -0.07644711 -0.00304598] [-0.05388788 -0.08870959  0.99459877]
[-0.04395902 -0.05647258  0.0012112 ] [-0.05388788 -0.08870959  0.99459877]
[-0.00897492 -0.0560036  -0.00305006] [-0.05388788 -0.08870959  0.99459877]
[-0.0069436   0.05471209 -0.00239661] [-0.05388788 -0.08870959  0.99459877]
[-0.03997006 -0.0662441  -0.00169924] [-0.05388788 -0.08870959  0.99459877]
[-0.04396209 -0.04690643  0.0013517 ] [-0.05388788 -0.08870959  0.99459877]
[-0.01941937 -0.04621971 -0.00305806] [-0.05388788 -0.08870959  0.99459877]
[-0.01893554  0.0245899  -0.0028401 ] [-0.05388788 -0.08870959  0.99459877]
[-0.0185705  -0.03690212 -0.00311487] [-0.05388788 -0.08870959  0.99459877]
[-0.01814098 -0.02737527 -0.00309197] [-0.05388788 -0.08870959  0.99459877]
[-0.04057014 -0.03539971 -0.00136425] [-0.05388788 -0.08870959  0.99459877]
[-0.02908293 -0.05618669 -0.00284764] [-0.05388788 -0.08870959  0.99459877]
[-0.01968549 -0.06595104 -0.00299519] [-0.05388788 -0.08870959  0.99459877]
[-0.01750394 -0.00673625 -0.00305793] [-0.05388788 -0.08870959  0.99459877]
[ 0.01132308 -0.02609356 -0.00040001] [-0.05388788 -0.08870959  0.99459877]
[-0.03859275  0.06454853 -0.00041089] [-0.05388788 -0.08870959  0.99459877]
[-0.02882356  0.06402647 -0.00091136] [-0.05388788 -0.08870959  0.99459877]
[ 0.01103689 -0.0059067  -0.00023607] [-0.05388788 -0.08870959  0.99459877]
[-0.043828 -0.091302  0.000892] [-0.05388788 -0.08870959  0.99459877]
[-0.02901899  0.03351505 -0.00227136] [-0.05388788 -0.08870959  0.99459877]
[-0.02852003 -0.08732946 -0.00261175] [-0.05388788 -0.08870959  0.99459877]
[-2.43322785e-05  2.37841867e-02 -1.93771835e-03] [-0.05388788 -0.08870959  0.99459877]
[ 0.01174993 -0.05640488 -0.00072103] [-0.05388788 -0.08870959  0.99459877]
[-0.04404013 -0.00610553  0.00129873] [-0.05388788 -0.08870959  0.99459877]
[ 0.01744523 -0.07654069  0.00037549] [-0.05388788 -0.08870959  0.99459877]
[-0.01716728 -0.01559518 -0.00305916] [-0.05388788 -0.08870959  0.99459877]
[-0.01940307  0.03332262 -0.002666  ] [-0.05388788 -0.08870959  0.99459877]
[-0.03943413 -0.07636014 -0.00180538] [-0.05388788 -0.08870959  0.99459877]
[-0.00700296 -0.00642281 -0.00302496] [-0.05388788 -0.08870959  0.99459877]
[-0.0440125  -0.01721323  0.00118433] [-0.05388788 -0.08870959  0.99459877]
[-0.01882274  0.06406658 -0.00102104] [-0.05388788 -0.08870959  0.99459877]
[-0.00622306  0.02364848 -0.00302256] [-0.05388788 -0.08870959  0.99459877]
[ 0.01152717 -0.08616936 -0.00121716] [-0.05388788 -0.08870959  0.99459877]
[-0.03974563  0.0136157  -0.00131056] [-0.05388788 -0.08870959  0.99459877]
[-0.00047584  0.00424001 -0.00203731] [-0.05388788 -0.08870959  0.99459877]
[ 0.01154965 -0.07625764 -0.0009685 ] [-0.05388788 -0.08870959  0.99459877]
[-0.0003126  -0.00629541 -0.00203469] [-0.05388788 -0.08870959  0.99459877]
[-0.00016831 -0.06631086 -0.00221784] [-0.05388788 -0.08870959  0.99459877]
[-8.58328446e-05 -7.63173548e-02 -2.19664809e-03] [-0.05388788 -0.08870959  0.99459877]
[1.11269536e-02 2.40180309e-02 8.41030928e-05] [-0.05388788 -0.08870959  0.99459877]
[ 0.01139706 -0.06633754 -0.00086688] [-0.05388788 -0.08870959  0.99459877]
[-0.00012106 -0.08621429 -0.00218521] [-0.05388788 -0.08870959  0.99459877]
[-0.02930081 -0.07588761 -0.00277477] [-0.05388788 -0.08870959  0.99459877]
[-0.00046202 -0.01616287 -0.00204047] [-0.05388788 -0.08870959  0.99459877]
[-0.00830633 -0.02732245 -0.00307197] [-0.05388788 -0.08870959  0.99459877]
[-0.04004142 -0.05634726 -0.00171031] [-0.05388788 -0.08870959  0.99459877]
[-0.02896274  0.05379761 -0.00179054] [-0.05388788 -0.08870959  0.99459877]
[-0.00030133 -0.04611195 -0.00214922] [-0.05388788 -0.08870959  0.99459877]
[-0.00020015 -0.0563173  -0.00220133] [-0.05388788 -0.08870959  0.99459877]
[-0.04065694 -0.04676981 -0.00144448] [-0.05388788 -0.08870959  0.99459877]
[ 0.00106467  0.06375393 -0.00030866] [-0.05388788 -0.08870959  0.99459877]
[-0.04436135  0.04355737  0.00028777] [-0.0228813   0.11539978  0.99305556]
[1.15365870e-02 1.37498750e-02 5.49836957e-05] [-0.0228813   0.11539978  0.99305556]
[-0.04014206  0.05356095 -0.00115772] [-0.0228813   0.11539978  0.99305556]
[-0.04079205  0.03350207 -0.00138774] [-0.0228813   0.11539978  0.99305556]
[-0.04084287  0.02387354 -0.00138954] [-0.0228813   0.11539978  0.99305556]
[-0.00805202  0.00483866 -0.00307107] [-0.0228813   0.11539978  0.99305556]
[-0.02925757  0.01320627 -0.002767  ] [-0.0228813   0.11539978  0.99305556]
[-0.01815988  0.05325308 -0.0023337 ] [-0.0228813   0.11539978  0.99305556]
[-0.00021202 -0.03650061 -0.00208661] [-0.0228813   0.11539978  0.99305556]
[-0.04420198  0.0156548   0.00088784] [-0.0228813   0.11539978  0.99305556]
[ 0.01107203 -0.03634521 -0.00055909] [-0.0228813   0.11539978  0.99305556]
[-0.00047517 -0.02613961 -0.00209827] [-0.0228813   0.11539978  0.99305556]
[-0.00761609 -0.01560004 -0.00301861] [-0.0228813   0.11539978  0.99305556]
[-0.01879928  0.00466232 -0.00309838] [-0.0228813   0.11539978  0.99305556]
[-0.00886758 -0.03659696 -0.00308739] [-0.0228813   0.11539978  0.99305556]
[-0.02912818  0.00631695 -0.00285838] [-0.0228813   0.11539978  0.99305556]
[-0.01864832 -0.08673293 -0.00273026] [-0.0228813   0.11539978  0.99305556]
[-0.03992151  0.00391353 -0.00127925] [-0.0228813   0.11539978  0.99305556]
[-0.04060295 -0.02632737 -0.00141249] [-0.0228813   0.11539978  0.99305556]
[-0.04067574 -0.00642375 -0.0011691 ] [-0.0228813   0.11539978  0.99305556]
[ 0.00047513  0.03442093 -0.00171804] [-0.0228813   0.11539978  0.99305556]
[ 0.00041995  0.05402149 -0.00130839] [-0.0228813   0.11539978  0.99305556]
[-0.02914293 -0.01701684 -0.00285458] [-0.0228813   0.11539978  0.99305556]
[-0.04083213 -0.01600999 -0.00133849] [-0.0228813   0.11539978  0.99305556]
[-0.02859337 -0.04649036 -0.00286041] [-0.0228813   0.11539978  0.99305556]
[-0.01894538  0.0125743  -0.00308407] [-0.0228813   0.11539978  0.99305556]
[-0.00827416  0.01368106 -0.00309324] [-0.0228813   0.11539978  0.99305556]
[-0.02871841  0.02439762 -0.00249971] [-0.0228813   0.11539978  0.99305556]
[-0.04057022  0.04371544 -0.0012603 ] [-0.0228813   0.11539978  0.99305556]
[ 0.0002678   0.04338155 -0.00152164] [-0.0228813   0.11539978  0.99305556]
[-0.04435804  0.02399345  0.0005924 ] [-0.0228813   0.11539978  0.99305556]
[-0.04402479 -0.06632033  0.00120833] [-0.0228813   0.11539978  0.99305556]
[-0.00637021  0.03403253 -0.00285979] [-0.0228813   0.11539978  0.99305556]
[-0.01931019 -0.05637856 -0.00303646] [-0.0228813   0.11539978  0.99305556]
[-0.02886585 -0.0661327  -0.00282606] [-0.0228813   0.11539978  0.99305556]
[0.01084304 0.05390932 0.00047016] [-0.0228813   0.11539978  0.99305556]
[-0.0187709  -0.09317727 -0.00090964] [-0.0228813   0.11539978  0.99305556]
[-0.0441385   0.00339124  0.00121821] [-0.0228813   0.11539978  0.99305556]
[0.01100066 0.03389369 0.00019636] [-0.0228813   0.11539978  0.99305556]
[-0.01887178  0.04401781 -0.00248517] [-0.0228813   0.11539978  0.99305556]
[-0.0086798  -0.06634869 -0.00303014] [-0.0228813   0.11539978  0.99305556]
[-0.04394575 -0.0360258   0.0013617 ] [-0.0228813   0.11539978  0.99305556]
[-0.01941398 -0.07658119 -0.00300535] [-0.0228813   0.11539978  0.99305556]
[-0.00651425  0.04403512 -0.00259915] [-0.0228813   0.11539978  0.99305556]
[ 0.01184091 -0.01641445 -0.0002178 ] [-0.0228813   0.11539978  0.99305556]
[ 3.06913947e-05  1.36745786e-02 -1.90308012e-03] [-0.0228813   0.11539978  0.99305556]
[0.01100259 0.04362481 0.00036681] [-0.0228813   0.11539978  0.99305556]
[-0.02903409 -0.03614746 -0.00287489] [-0.0228813   0.11539978  0.99305556]
[-0.04438646  0.03397863  0.00034477] [-0.0228813   0.11539978  0.99305556]
[-0.0085056  -0.09321245 -0.00076934] [-0.0228813   0.11539978  0.99305556]
[ 0.01114268  0.00417088 -0.00012019] [-0.0228813   0.11539978  0.99305556]
[ 0.01138014 -0.04599979 -0.00062293] [-0.0228813   0.11539978  0.99305556]
[-0.02874234 -0.02815897 -0.00288224] [-0.0228813   0.11539978  0.99305556]
[-0.03987484 -0.08688393 -0.00169756] [-0.0228813   0.11539978  0.99305556]
[-0.03029132 -0.00631448 -0.00283944] [-0.0228813   0.11539978  0.99305556]
[-0.00852248 -0.04612119 -0.00305749] [-0.0228813   0.11539978  0.99305556]
[-0.02871062  0.04377116 -0.00202862] [-0.0228813   0.11539978  0.99305556]
[-0.00901624 -0.08711917 -0.00264105] [-0.0228813   0.11539978  0.99305556]
[-0.00845683 -0.07644711 -0.00304598] [-0.0228813   0.11539978  0.99305556]
[-0.04395902 -0.05647258  0.0012112 ] [-0.0228813   0.11539978  0.99305556]
[-0.00897492 -0.0560036  -0.00305006] [-0.0228813   0.11539978  0.99305556]
[-0.0069436   0.05471209 -0.00239661] [-0.0228813   0.11539978  0.99305556]
[-0.03997006 -0.0662441  -0.00169924] [-0.0228813   0.11539978  0.99305556]
[-0.04396209 -0.04690643  0.0013517 ] [-0.0228813   0.11539978  0.99305556]
[-0.01941937 -0.04621971 -0.00305806] [-0.0228813   0.11539978  0.99305556]
[-0.01893554  0.0245899  -0.0028401 ] [-0.0228813   0.11539978  0.99305556]
[-0.0185705  -0.03690212 -0.00311487] [-0.0228813   0.11539978  0.99305556]
[-0.01814098 -0.02737527 -0.00309197] [-0.0228813   0.11539978  0.99305556]
[-0.04057014 -0.03539971 -0.00136425] [-0.0228813   0.11539978  0.99305556]
[-0.02908293 -0.05618669 -0.00284764] [-0.0228813   0.11539978  0.99305556]
[-0.01968549 -0.06595104 -0.00299519] [-0.0228813   0.11539978  0.99305556]
[-0.01750394 -0.00673625 -0.00305793] [-0.0228813   0.11539978  0.99305556]
[ 0.01132308 -0.02609356 -0.00040001] [-0.0228813   0.11539978  0.99305556]
[-0.03859275  0.06454853 -0.00041089] [-0.0228813   0.11539978  0.99305556]
[-0.02882356  0.06402647 -0.00091136] [-0.0228813   0.11539978  0.99305556]
[ 0.01103689 -0.0059067  -0.00023607] [-0.0228813   0.11539978  0.99305556]
[-0.043828 -0.091302  0.000892] [-0.0228813   0.11539978  0.99305556]
[-0.02901899  0.03351505 -0.00227136] [-0.0228813   0.11539978  0.99305556]
[-0.02852003 -0.08732946 -0.00261175] [-0.0228813   0.11539978  0.99305556]
[-2.43322785e-05  2.37841867e-02 -1.93771835e-03] [-0.0228813   0.11539978  0.99305556]
[ 0.01174993 -0.05640488 -0.00072103] [-0.0228813   0.11539978  0.99305556]
[-0.04404013 -0.00610553  0.00129873] [-0.0228813   0.11539978  0.99305556]
[ 0.01744523 -0.07654069  0.00037549] [-0.0228813   0.11539978  0.99305556]
[-0.01716728 -0.01559518 -0.00305916] [-0.0228813   0.11539978  0.99305556]
[-0.01940307  0.03332262 -0.002666  ] [-0.0228813   0.11539978  0.99305556]
[-0.03943413 -0.07636014 -0.00180538] [-0.0228813   0.11539978  0.99305556]
[ 0.01144622 -0.09328037 -0.00037496] [-0.0228813   0.11539978  0.99305556]
[-0.00700296 -0.00642281 -0.00302496] [-0.0228813   0.11539978  0.99305556]
[-0.0440125  -0.01721323  0.00118433] [-0.0228813   0.11539978  0.99305556]
[-0.00622306  0.02364848 -0.00302256] [-0.0228813   0.11539978  0.99305556]
[ 0.01152717 -0.08616936 -0.00121716] [-0.0228813   0.11539978  0.99305556]
[-0.03974563  0.0136157  -0.00131056] [-0.0228813   0.11539978  0.99305556]
[-0.00047584  0.00424001 -0.00203731] [-0.0228813   0.11539978  0.99305556]
[ 0.01154965 -0.07625764 -0.0009685 ] [-0.0228813   0.11539978  0.99305556]
[-0.0003126  -0.00629541 -0.00203469] [-0.0228813   0.11539978  0.99305556]
[-0.00016831 -0.06631086 -0.00221784] [-0.0228813   0.11539978  0.99305556]
[-8.58328446e-05 -7.63173548e-02 -2.19664809e-03] [-0.0228813   0.11539978  0.99305556]
[1.11269536e-02 2.40180309e-02 8.41030928e-05] [-0.0228813   0.11539978  0.99305556]
[ 0.01139706 -0.06633754 -0.00086688] [-0.0228813   0.11539978  0.99305556]
[-0.00012106 -0.08621429 -0.00218521] [-0.0228813   0.11539978  0.99305556]
[ 0.00118882 -0.09313827 -0.00072745] [-0.0228813   0.11539978  0.99305556]
[-0.02930081 -0.07588761 -0.00277477] [-0.0228813   0.11539978  0.99305556]
[-0.00046202 -0.01616287 -0.00204047] [-0.0228813   0.11539978  0.99305556]
[-0.00830633 -0.02732245 -0.00307197] [-0.0228813   0.11539978  0.99305556]
[-0.04004142 -0.05634726 -0.00171031] [-0.0228813   0.11539978  0.99305556]
[-0.02896274  0.05379761 -0.00179054] [-0.0228813   0.11539978  0.99305556]
[-0.00030133 -0.04611195 -0.00214922] [-0.0228813   0.11539978  0.99305556]
[-0.00020015 -0.0563173  -0.00220133] [-0.0228813   0.11539978  0.99305556]
[-0.04065694 -0.04676981 -0.00144448] [-0.0228813   0.11539978  0.99305556]
[ 0.00106467  0.06375393 -0.00030866] [-0.0228813   0.11539978  0.99305556]
[-0.04436135  0.04355737  0.00028777] [ 0.10479061 -0.07695581  0.99151235]
[1.15365870e-02 1.37498750e-02 5.49836957e-05] [ 0.10479061 -0.07695581  0.99151235]
[-0.04014206  0.05356095 -0.00115772] [ 0.10479061 -0.07695581  0.99151235]
[-0.04079205  0.03350207 -0.00138774] [ 0.10479061 -0.07695581  0.99151235]
[-0.04084287  0.02387354 -0.00138954] [ 0.10479061 -0.07695581  0.99151235]
[-0.00805202  0.00483866 -0.00307107] [ 0.10479061 -0.07695581  0.99151235]
[-0.02925757  0.01320627 -0.002767  ] [ 0.10479061 -0.07695581  0.99151235]
[-0.01815988  0.05325308 -0.0023337 ] [ 0.10479061 -0.07695581  0.99151235]
[-0.00021202 -0.03650061 -0.00208661] [ 0.10479061 -0.07695581  0.99151235]
[-0.04420198  0.0156548   0.00088784] [ 0.10479061 -0.07695581  0.99151235]
[ 0.01107203 -0.03634521 -0.00055909] [ 0.10479061 -0.07695581  0.99151235]
[-0.00047517 -0.02613961 -0.00209827] [ 0.10479061 -0.07695581  0.99151235]
[-0.00761609 -0.01560004 -0.00301861] [ 0.10479061 -0.07695581  0.99151235]
[-0.01879928  0.00466232 -0.00309838] [ 0.10479061 -0.07695581  0.99151235]
[-0.00886758 -0.03659696 -0.00308739] [ 0.10479061 -0.07695581  0.99151235]
[-0.02912818  0.00631695 -0.00285838] [ 0.10479061 -0.07695581  0.99151235]
[-0.01864832 -0.08673293 -0.00273026] [ 0.10479061 -0.07695581  0.99151235]
[-0.03992151  0.00391353 -0.00127925] [ 0.10479061 -0.07695581  0.99151235]
[-0.04060295 -0.02632737 -0.00141249] [ 0.10479061 -0.07695581  0.99151235]
[-0.04067574 -0.00642375 -0.0011691 ] [ 0.10479061 -0.07695581  0.99151235]
[ 0.00047513  0.03442093 -0.00171804] [ 0.10479061 -0.07695581  0.99151235]
[ 0.00041995  0.05402149 -0.00130839] [ 0.10479061 -0.07695581  0.99151235]
[-0.02914293 -0.01701684 -0.00285458] [ 0.10479061 -0.07695581  0.99151235]
[-0.04083213 -0.01600999 -0.00133849] [ 0.10479061 -0.07695581  0.99151235]
[-0.02859337 -0.04649036 -0.00286041] [ 0.10479061 -0.07695581  0.99151235]
[-0.01894538  0.0125743  -0.00308407] [ 0.10479061 -0.07695581  0.99151235]
[-0.00827416  0.01368106 -0.00309324] [ 0.10479061 -0.07695581  0.99151235]
[-0.02871841  0.02439762 -0.00249971] [ 0.10479061 -0.07695581  0.99151235]
[-0.04057022  0.04371544 -0.0012603 ] [ 0.10479061 -0.07695581  0.99151235]
[ 0.0002678   0.04338155 -0.00152164] [ 0.10479061 -0.07695581  0.99151235]
[-0.04435804  0.02399345  0.0005924 ] [ 0.10479061 -0.07695581  0.99151235]
[-0.04402479 -0.06632033  0.00120833] [ 0.10479061 -0.07695581  0.99151235]
[-0.00637021  0.03403253 -0.00285979] [ 0.10479061 -0.07695581  0.99151235]
[-0.01931019 -0.05637856 -0.00303646] [ 0.10479061 -0.07695581  0.99151235]
[-0.02886585 -0.0661327  -0.00282606] [ 0.10479061 -0.07695581  0.99151235]
[0.01084304 0.05390932 0.00047016] [ 0.10479061 -0.07695581  0.99151235]
[-0.0187709  -0.09317727 -0.00090964] [ 0.10479061 -0.07695581  0.99151235]
[-0.0441385   0.00339124  0.00121821] [ 0.10479061 -0.07695581  0.99151235]
[0.01100066 0.03389369 0.00019636] [ 0.10479061 -0.07695581  0.99151235]
[-0.01887178  0.04401781 -0.00248517] [ 0.10479061 -0.07695581  0.99151235]
[-0.0086798  -0.06634869 -0.00303014] [ 0.10479061 -0.07695581  0.99151235]
[-0.04394575 -0.0360258   0.0013617 ] [ 0.10479061 -0.07695581  0.99151235]
[-0.01941398 -0.07658119 -0.00300535] [ 0.10479061 -0.07695581  0.99151235]
[-0.00651425  0.04403512 -0.00259915] [ 0.10479061 -0.07695581  0.99151235]
[ 0.01184091 -0.01641445 -0.0002178 ] [ 0.10479061 -0.07695581  0.99151235]
[ 3.06913947e-05  1.36745786e-02 -1.90308012e-03] [ 0.10479061 -0.07695581  0.99151235]
[0.01100259 0.04362481 0.00036681] [ 0.10479061 -0.07695581  0.99151235]
[-0.02903409 -0.03614746 -0.00287489] [ 0.10479061 -0.07695581  0.99151235]
[-0.04438646  0.03397863  0.00034477] [ 0.10479061 -0.07695581  0.99151235]
[-0.0085056  -0.09321245 -0.00076934] [ 0.10479061 -0.07695581  0.99151235]
[ 0.01114268  0.00417088 -0.00012019] [ 0.10479061 -0.07695581  0.99151235]
[ 0.01138014 -0.04599979 -0.00062293] [ 0.10479061 -0.07695581  0.99151235]
[-0.02874234 -0.02815897 -0.00288224] [ 0.10479061 -0.07695581  0.99151235]
[-0.03987484 -0.08688393 -0.00169756] [ 0.10479061 -0.07695581  0.99151235]
[-0.03029132 -0.00631448 -0.00283944] [ 0.10479061 -0.07695581  0.99151235]
[-0.00852248 -0.04612119 -0.00305749] [ 0.10479061 -0.07695581  0.99151235]
[-0.02871062  0.04377116 -0.00202862] [ 0.10479061 -0.07695581  0.99151235]
[-0.00901624 -0.08711917 -0.00264105] [ 0.10479061 -0.07695581  0.99151235]
[-0.00845683 -0.07644711 -0.00304598] [ 0.10479061 -0.07695581  0.99151235]
[-0.04395902 -0.05647258  0.0012112 ] [ 0.10479061 -0.07695581  0.99151235]
[-0.00897492 -0.0560036  -0.00305006] [ 0.10479061 -0.07695581  0.99151235]
[-0.0069436   0.05471209 -0.00239661] [ 0.10479061 -0.07695581  0.99151235]
[-0.03997006 -0.0662441  -0.00169924] [ 0.10479061 -0.07695581  0.99151235]
[-0.04396209 -0.04690643  0.0013517 ] [ 0.10479061 -0.07695581  0.99151235]
[-0.01941937 -0.04621971 -0.00305806] [ 0.10479061 -0.07695581  0.99151235]
[-0.01893554  0.0245899  -0.0028401 ] [ 0.10479061 -0.07695581  0.99151235]
[-0.0185705  -0.03690212 -0.00311487] [ 0.10479061 -0.07695581  0.99151235]
[-0.01814098 -0.02737527 -0.00309197] [ 0.10479061 -0.07695581  0.99151235]
[-0.04057014 -0.03539971 -0.00136425] [ 0.10479061 -0.07695581  0.99151235]
[-0.02908293 -0.05618669 -0.00284764] [ 0.10479061 -0.07695581  0.99151235]
[-0.01968549 -0.06595104 -0.00299519] [ 0.10479061 -0.07695581  0.99151235]
[-0.01750394 -0.00673625 -0.00305793] [ 0.10479061 -0.07695581  0.99151235]
[ 0.01132308 -0.02609356 -0.00040001] [ 0.10479061 -0.07695581  0.99151235]
[-0.03859275  0.06454853 -0.00041089] [ 0.10479061 -0.07695581  0.99151235]
[-0.02882356  0.06402647 -0.00091136] [ 0.10479061 -0.07695581  0.99151235]
[ 0.01103689 -0.0059067  -0.00023607] [ 0.10479061 -0.07695581  0.99151235]
[-0.043828 -0.091302  0.000892] [ 0.10479061 -0.07695581  0.99151235]
[-0.02901899  0.03351505 -0.00227136] [ 0.10479061 -0.07695581  0.99151235]
[-0.02852003 -0.08732946 -0.00261175] [ 0.10479061 -0.07695581  0.99151235]
[-2.43322785e-05  2.37841867e-02 -1.93771835e-03] [ 0.10479061 -0.07695581  0.99151235]
[ 0.01174993 -0.05640488 -0.00072103] [ 0.10479061 -0.07695581  0.99151235]
[-0.04404013 -0.00610553  0.00129873] [ 0.10479061 -0.07695581  0.99151235]
[-0.01716728 -0.01559518 -0.00305916] [ 0.10479061 -0.07695581  0.99151235]
[-0.01940307  0.03332262 -0.002666  ] [ 0.10479061 -0.07695581  0.99151235]
[-0.03943413 -0.07636014 -0.00180538] [ 0.10479061 -0.07695581  0.99151235]
[-0.00700296 -0.00642281 -0.00302496] [ 0.10479061 -0.07695581  0.99151235]
[-0.0440125  -0.01721323  0.00118433] [ 0.10479061 -0.07695581  0.99151235]
[-0.01882274  0.06406658 -0.00102104] [ 0.10479061 -0.07695581  0.99151235]
[-0.00622306  0.02364848 -0.00302256] [ 0.10479061 -0.07695581  0.99151235]
[ 0.01152717 -0.08616936 -0.00121716] [ 0.10479061 -0.07695581  0.99151235]
[-0.03974563  0.0136157  -0.00131056] [ 0.10479061 -0.07695581  0.99151235]
[-0.00047584  0.00424001 -0.00203731] [ 0.10479061 -0.07695581  0.99151235]
[ 0.01154965 -0.07625764 -0.0009685 ] [ 0.10479061 -0.07695581  0.99151235]
[-0.0003126  -0.00629541 -0.00203469] [ 0.10479061 -0.07695581  0.99151235]
[-0.00016831 -0.06631086 -0.00221784] [ 0.10479061 -0.07695581  0.99151235]
[-8.58328446e-05 -7.63173548e-02 -2.19664809e-03] [ 0.10479061 -0.07695581  0.99151235]
[1.11269536e-02 2.40180309e-02 8.41030928e-05] [ 0.10479061 -0.07695581  0.99151235]
[ 0.01139706 -0.06633754 -0.00086688] [ 0.10479061 -0.07695581  0.99151235]
[-0.00012106 -0.08621429 -0.00218521] [ 0.10479061 -0.07695581  0.99151235]
[-0.02930081 -0.07588761 -0.00277477] [ 0.10479061 -0.07695581  0.99151235]
[-0.00046202 -0.01616287 -0.00204047] [ 0.10479061 -0.07695581  0.99151235]
[-0.00830633 -0.02732245 -0.00307197] [ 0.10479061 -0.07695581  0.99151235]
[-0.04004142 -0.05634726 -0.00171031] [ 0.10479061 -0.07695581  0.99151235]
[-0.02896274  0.05379761 -0.00179054] [ 0.10479061 -0.07695581  0.99151235]
[-0.00030133 -0.04611195 -0.00214922] [ 0.10479061 -0.07695581  0.99151235]
[-0.00020015 -0.0563173  -0.00220133] [ 0.10479061 -0.07695581  0.99151235]
[-0.04065694 -0.04676981 -0.00144448] [ 0.10479061 -0.07695581  0.99151235]
[ 0.00106467  0.06375393 -0.00030866] [ 0.10479061 -0.07695581  0.99151235]
[-0.04436135  0.04355737  0.00028777] [-0.14045754 -0.01525742  0.98996914]
[1.15365870e-02 1.37498750e-02 5.49836957e-05] [-0.14045754 -0.01525742  0.98996914]
[-0.04014206  0.05356095 -0.00115772] [-0.14045754 -0.01525742  0.98996914]
[-0.04079205  0.03350207 -0.00138774] [-0.14045754 -0.01525742  0.98996914]
[-0.04084287  0.02387354 -0.00138954] [-0.14045754 -0.01525742  0.98996914]
[-0.00805202  0.00483866 -0.00307107] [-0.14045754 -0.01525742  0.98996914]
[-0.02925757  0.01320627 -0.002767  ] [-0.14045754 -0.01525742  0.98996914]
[ 0.0170602  -0.0062728   0.00097719] [-0.14045754 -0.01525742  0.98996914]
[-0.01815988  0.05325308 -0.0023337 ] [-0.14045754 -0.01525742  0.98996914]
[-0.00021202 -0.03650061 -0.00208661] [-0.14045754 -0.01525742  0.98996914]
[-0.04420198  0.0156548   0.00088784] [-0.14045754 -0.01525742  0.98996914]
[ 0.01107203 -0.03634521 -0.00055909] [-0.14045754 -0.01525742  0.98996914]
[-0.00047517 -0.02613961 -0.00209827] [-0.14045754 -0.01525742  0.98996914]
[-0.00761609 -0.01560004 -0.00301861] [-0.14045754 -0.01525742  0.98996914]
[-0.01879928  0.00466232 -0.00309838] [-0.14045754 -0.01525742  0.98996914]
[-0.00886758 -0.03659696 -0.00308739] [-0.14045754 -0.01525742  0.98996914]
[-0.02912818  0.00631695 -0.00285838] [-0.14045754 -0.01525742  0.98996914]
[-0.01864832 -0.08673293 -0.00273026] [-0.14045754 -0.01525742  0.98996914]
[-0.03992151  0.00391353 -0.00127925] [-0.14045754 -0.01525742  0.98996914]
[-0.04060295 -0.02632737 -0.00141249] [-0.14045754 -0.01525742  0.98996914]
[0.0102994  0.06311211 0.00081663] [-0.14045754 -0.01525742  0.98996914]
[ 0.00047513  0.03442093 -0.00171804] [-0.14045754 -0.01525742  0.98996914]
[ 0.00041995  0.05402149 -0.00130839] [-0.14045754 -0.01525742  0.98996914]
[-0.02914293 -0.01701684 -0.00285458] [-0.14045754 -0.01525742  0.98996914]
[-0.04083213 -0.01600999 -0.00133849] [-0.14045754 -0.01525742  0.98996914]
[-0.02859337 -0.04649036 -0.00286041] [-0.14045754 -0.01525742  0.98996914]
[-0.01894538  0.0125743  -0.00308407] [-0.14045754 -0.01525742  0.98996914]
[-0.00827416  0.01368106 -0.00309324] [-0.14045754 -0.01525742  0.98996914]
[-0.02871841  0.02439762 -0.00249971] [-0.14045754 -0.01525742  0.98996914]
[-0.04057022  0.04371544 -0.0012603 ] [-0.14045754 -0.01525742  0.98996914]
[ 0.0002678   0.04338155 -0.00152164] [-0.14045754 -0.01525742  0.98996914]
[-0.04435804  0.02399345  0.0005924 ] [-0.14045754 -0.01525742  0.98996914]
[-0.04402479 -0.06632033  0.00120833] [-0.14045754 -0.01525742  0.98996914]
[-0.00637021  0.03403253 -0.00285979] [-0.14045754 -0.01525742  0.98996914]
[-0.01931019 -0.05637856 -0.00303646] [-0.14045754 -0.01525742  0.98996914]
[-0.02886585 -0.0661327  -0.00282606] [-0.14045754 -0.01525742  0.98996914]
[0.01084304 0.05390932 0.00047016] [-0.14045754 -0.01525742  0.98996914]
[-0.0187709  -0.09317727 -0.00090964] [-0.14045754 -0.01525742  0.98996914]
[-0.0441385   0.00339124  0.00121821] [-0.14045754 -0.01525742  0.98996914]
[0.01100066 0.03389369 0.00019636] [-0.14045754 -0.01525742  0.98996914]
[-0.01887178  0.04401781 -0.00248517] [-0.14045754 -0.01525742  0.98996914]
[-0.0086798  -0.06634869 -0.00303014] [-0.14045754 -0.01525742  0.98996914]
[-0.04394575 -0.0360258   0.0013617 ] [-0.14045754 -0.01525742  0.98996914]
[-0.01941398 -0.07658119 -0.00300535] [-0.14045754 -0.01525742  0.98996914]
[-0.00651425  0.04403512 -0.00259915] [-0.14045754 -0.01525742  0.98996914]
[ 0.01184091 -0.01641445 -0.0002178 ] [-0.14045754 -0.01525742  0.98996914]
[ 3.06913947e-05  1.36745786e-02 -1.90308012e-03] [-0.14045754 -0.01525742  0.98996914]
[0.01100259 0.04362481 0.00036681] [-0.14045754 -0.01525742  0.98996914]
[-0.02903409 -0.03614746 -0.00287489] [-0.14045754 -0.01525742  0.98996914]
[-0.04438646  0.03397863  0.00034477] [-0.14045754 -0.01525742  0.98996914]
[0.01689523 0.0236033  0.00128552] [-0.14045754 -0.01525742  0.98996914]
[-0.0085056  -0.09321245 -0.00076934] [-0.14045754 -0.01525742  0.98996914]
[ 0.01114268  0.00417088 -0.00012019] [-0.14045754 -0.01525742  0.98996914]
[ 0.01138014 -0.04599979 -0.00062293] [-0.14045754 -0.01525742  0.98996914]
[-0.02874234 -0.02815897 -0.00288224] [-0.14045754 -0.01525742  0.98996914]
[-0.03987484 -0.08688393 -0.00169756] [-0.14045754 -0.01525742  0.98996914]
[-0.03029132 -0.00631448 -0.00283944] [-0.14045754 -0.01525742  0.98996914]
[-0.00852248 -0.04612119 -0.00305749] [-0.14045754 -0.01525742  0.98996914]
[-0.02871062  0.04377116 -0.00202862] [-0.14045754 -0.01525742  0.98996914]
[-0.00901624 -0.08711917 -0.00264105] [-0.14045754 -0.01525742  0.98996914]
[-0.00845683 -0.07644711 -0.00304598] [-0.14045754 -0.01525742  0.98996914]
[-0.04395902 -0.05647258  0.0012112 ] [-0.14045754 -0.01525742  0.98996914]
[-0.00897492 -0.0560036  -0.00305006] [-0.14045754 -0.01525742  0.98996914]
[-0.0069436   0.05471209 -0.00239661] [-0.14045754 -0.01525742  0.98996914]
[-0.03997006 -0.0662441  -0.00169924] [-0.14045754 -0.01525742  0.98996914]
[-0.04396209 -0.04690643  0.0013517 ] [-0.14045754 -0.01525742  0.98996914]
[-0.01941937 -0.04621971 -0.00305806] [-0.14045754 -0.01525742  0.98996914]
[-0.01893554  0.0245899  -0.0028401 ] [-0.14045754 -0.01525742  0.98996914]
[-0.0185705  -0.03690212 -0.00311487] [-0.14045754 -0.01525742  0.98996914]
[-0.01814098 -0.02737527 -0.00309197] [-0.14045754 -0.01525742  0.98996914]
[-0.04057014 -0.03539971 -0.00136425] [-0.14045754 -0.01525742  0.98996914]
[-0.02908293 -0.05618669 -0.00284764] [-0.14045754 -0.01525742  0.98996914]
[-0.01968549 -0.06595104 -0.00299519] [-0.14045754 -0.01525742  0.98996914]
[ 0.01758253 -0.08677989  0.00033745] [-0.14045754 -0.01525742  0.98996914]
[-0.01750394 -0.00673625 -0.00305793] [-0.14045754 -0.01525742  0.98996914]
[ 0.01132308 -0.02609356 -0.00040001] [-0.14045754 -0.01525742  0.98996914]
[-0.03859275  0.06454853 -0.00041089] [-0.14045754 -0.01525742  0.98996914]
[-0.02882356  0.06402647 -0.00091136] [-0.14045754 -0.01525742  0.98996914]
[ 0.01103689 -0.0059067  -0.00023607] [-0.14045754 -0.01525742  0.98996914]
[-0.043828 -0.091302  0.000892] [-0.14045754 -0.01525742  0.98996914]
[-0.02901899  0.03351505 -0.00227136] [-0.14045754 -0.01525742  0.98996914]
[-0.02852003 -0.08732946 -0.00261175] [-0.14045754 -0.01525742  0.98996914]
[0.01697308 0.00397892 0.00112655] [-0.14045754 -0.01525742  0.98996914]
[-2.43322785e-05  2.37841867e-02 -1.93771835e-03] [-0.14045754 -0.01525742  0.98996914]
[ 0.01174993 -0.05640488 -0.00072103] [-0.14045754 -0.01525742  0.98996914]
[ 0.01744523 -0.07654069  0.00037549] [-0.14045754 -0.01525742  0.98996914]
[-0.01716728 -0.01559518 -0.00305916] [-0.14045754 -0.01525742  0.98996914]
[-0.01940307  0.03332262 -0.002666  ] [-0.14045754 -0.01525742  0.98996914]
[-0.03943413 -0.07636014 -0.00180538] [-0.14045754 -0.01525742  0.98996914]
[-0.00700296 -0.00642281 -0.00302496] [-0.14045754 -0.01525742  0.98996914]
[-0.0440125  -0.01721323  0.00118433] [-0.14045754 -0.01525742  0.98996914]
[-0.00622306  0.02364848 -0.00302256] [-0.14045754 -0.01525742  0.98996914]
[ 0.01152717 -0.08616936 -0.00121716] [-0.14045754 -0.01525742  0.98996914]
[-0.03974563  0.0136157  -0.00131056] [-0.14045754 -0.01525742  0.98996914]
[-0.00047584  0.00424001 -0.00203731] [-0.14045754 -0.01525742  0.98996914]
[ 0.01154965 -0.07625764 -0.0009685 ] [-0.14045754 -0.01525742  0.98996914]
[-0.0003126  -0.00629541 -0.00203469] [-0.14045754 -0.01525742  0.98996914]
[-0.00016831 -0.06631086 -0.00221784] [-0.14045754 -0.01525742  0.98996914]
[-8.58328446e-05 -7.63173548e-02 -2.19664809e-03] [-0.14045754 -0.01525742  0.98996914]
[1.11269536e-02 2.40180309e-02 8.41030928e-05] [-0.14045754 -0.01525742  0.98996914]
[ 0.01139706 -0.06633754 -0.00086688] [-0.14045754 -0.01525742  0.98996914]
[0.01692158 0.01389797 0.00122382] [-0.14045754 -0.01525742  0.98996914]
[-0.00012106 -0.08621429 -0.00218521] [-0.14045754 -0.01525742  0.98996914]
[-0.02930081 -0.07588761 -0.00277477] [-0.14045754 -0.01525742  0.98996914]
[-0.00046202 -0.01616287 -0.00204047] [-0.14045754 -0.01525742  0.98996914]
[-0.00830633 -0.02732245 -0.00307197] [-0.14045754 -0.01525742  0.98996914]
[-0.04004142 -0.05634726 -0.00171031] [-0.14045754 -0.01525742  0.98996914]
[-0.02896274  0.05379761 -0.00179054] [-0.14045754 -0.01525742  0.98996914]
[-0.00030133 -0.04611195 -0.00214922] [-0.14045754 -0.01525742  0.98996914]
[-0.00020015 -0.0563173  -0.00220133] [-0.14045754 -0.01525742  0.98996914]
[-0.04065694 -0.04676981 -0.00144448] [-0.14045754 -0.01525742  0.98996914]
[0.01677182 0.03353236 0.00146169] [-0.14045754 -0.01525742  0.98996914]
[ 0.00106467  0.06375393 -0.00030866] [-0.14045754 -0.01525742  0.98996914]
[-0.04436135  0.04355737  0.00028777] [0.10014145 0.1139556  0.98842593]
[1.15365870e-02 1.37498750e-02 5.49836957e-05] [0.10014145 0.1139556  0.98842593]
[-0.04014206  0.05356095 -0.00115772] [0.10014145 0.1139556  0.98842593]
[-0.04079205  0.03350207 -0.00138774] [0.10014145 0.1139556  0.98842593]
[-0.04084287  0.02387354 -0.00138954] [0.10014145 0.1139556  0.98842593]
[-0.00805202  0.00483866 -0.00307107] [0.10014145 0.1139556  0.98842593]
[-0.02925757  0.01320627 -0.002767  ] [0.10014145 0.1139556  0.98842593]
[-0.01815988  0.05325308 -0.0023337 ] [0.10014145 0.1139556  0.98842593]
[-0.00021202 -0.03650061 -0.00208661] [0.10014145 0.1139556  0.98842593]
[-0.04420198  0.0156548   0.00088784] [0.10014145 0.1139556  0.98842593]
[ 0.01107203 -0.03634521 -0.00055909] [0.10014145 0.1139556  0.98842593]
[-0.00047517 -0.02613961 -0.00209827] [0.10014145 0.1139556  0.98842593]
[-0.00761609 -0.01560004 -0.00301861] [0.10014145 0.1139556  0.98842593]
[-0.01879928  0.00466232 -0.00309838] [0.10014145 0.1139556  0.98842593]
[-0.00886758 -0.03659696 -0.00308739] [0.10014145 0.1139556  0.98842593]
[-0.02912818  0.00631695 -0.00285838] [0.10014145 0.1139556  0.98842593]
[-0.01864832 -0.08673293 -0.00273026] [0.10014145 0.1139556  0.98842593]
[-0.03992151  0.00391353 -0.00127925] [0.10014145 0.1139556  0.98842593]
[-0.04060295 -0.02632737 -0.00141249] [0.10014145 0.1139556  0.98842593]
[-0.04067574 -0.00642375 -0.0011691 ] [0.10014145 0.1139556  0.98842593]
[ 0.00047513  0.03442093 -0.00171804] [0.10014145 0.1139556  0.98842593]
[ 0.00041995  0.05402149 -0.00130839] [0.10014145 0.1139556  0.98842593]
[-0.02914293 -0.01701684 -0.00285458] [0.10014145 0.1139556  0.98842593]
[-0.04083213 -0.01600999 -0.00133849] [0.10014145 0.1139556  0.98842593]
[-0.02859337 -0.04649036 -0.00286041] [0.10014145 0.1139556  0.98842593]
[-0.01894538  0.0125743  -0.00308407] [0.10014145 0.1139556  0.98842593]
[-0.00827416  0.01368106 -0.00309324] [0.10014145 0.1139556  0.98842593]
[-0.02871841  0.02439762 -0.00249971] [0.10014145 0.1139556  0.98842593]
[-0.04057022  0.04371544 -0.0012603 ] [0.10014145 0.1139556  0.98842593]
[ 0.0002678   0.04338155 -0.00152164] [0.10014145 0.1139556  0.98842593]
[-0.04435804  0.02399345  0.0005924 ] [0.10014145 0.1139556  0.98842593]
[-0.04402479 -0.06632033  0.00120833] [0.10014145 0.1139556  0.98842593]
[-0.00637021  0.03403253 -0.00285979] [0.10014145 0.1139556  0.98842593]
[-0.01931019 -0.05637856 -0.00303646] [0.10014145 0.1139556  0.98842593]
[-0.02886585 -0.0661327  -0.00282606] [0.10014145 0.1139556  0.98842593]
[0.01084304 0.05390932 0.00047016] [0.10014145 0.1139556  0.98842593]
[-0.0187709  -0.09317727 -0.00090964] [0.10014145 0.1139556  0.98842593]
[-0.0441385   0.00339124  0.00121821] [0.10014145 0.1139556  0.98842593]
[0.01100066 0.03389369 0.00019636] [0.10014145 0.1139556  0.98842593]
[-0.01887178  0.04401781 -0.00248517] [0.10014145 0.1139556  0.98842593]
[-0.0086798  -0.06634869 -0.00303014] [0.10014145 0.1139556  0.98842593]
[-0.04394575 -0.0360258   0.0013617 ] [0.10014145 0.1139556  0.98842593]
[-0.01941398 -0.07658119 -0.00300535] [0.10014145 0.1139556  0.98842593]
[-0.00651425  0.04403512 -0.00259915] [0.10014145 0.1139556  0.98842593]
[ 0.01184091 -0.01641445 -0.0002178 ] [0.10014145 0.1139556  0.98842593]
[ 3.06913947e-05  1.36745786e-02 -1.90308012e-03] [0.10014145 0.1139556  0.98842593]
[0.01100259 0.04362481 0.00036681] [0.10014145 0.1139556  0.98842593]
[-0.02903409 -0.03614746 -0.00287489] [0.10014145 0.1139556  0.98842593]
[-0.04438646  0.03397863  0.00034477] [0.10014145 0.1139556  0.98842593]
[-0.0085056  -0.09321245 -0.00076934] [0.10014145 0.1139556  0.98842593]
[ 0.01114268  0.00417088 -0.00012019] [0.10014145 0.1139556  0.98842593]
[ 0.01138014 -0.04599979 -0.00062293] [0.10014145 0.1139556  0.98842593]
[-0.02874234 -0.02815897 -0.00288224] [0.10014145 0.1139556  0.98842593]
[-0.03987484 -0.08688393 -0.00169756] [0.10014145 0.1139556  0.98842593]
[-0.03029132 -0.00631448 -0.00283944] [0.10014145 0.1139556  0.98842593]
[-0.00852248 -0.04612119 -0.00305749] [0.10014145 0.1139556  0.98842593]
[-0.02871062  0.04377116 -0.00202862] [0.10014145 0.1139556  0.98842593]
[-0.00901624 -0.08711917 -0.00264105] [0.10014145 0.1139556  0.98842593]
[-0.00845683 -0.07644711 -0.00304598] [0.10014145 0.1139556  0.98842593]
[-0.04395902 -0.05647258  0.0012112 ] [0.10014145 0.1139556  0.98842593]
[-0.00897492 -0.0560036  -0.00305006] [0.10014145 0.1139556  0.98842593]
[-0.0069436   0.05471209 -0.00239661] [0.10014145 0.1139556  0.98842593]
[-0.03997006 -0.0662441  -0.00169924] [0.10014145 0.1139556  0.98842593]
[-0.04396209 -0.04690643  0.0013517 ] [0.10014145 0.1139556  0.98842593]
[-0.01941937 -0.04621971 -0.00305806] [0.10014145 0.1139556  0.98842593]
[-0.01893554  0.0245899  -0.0028401 ] [0.10014145 0.1139556  0.98842593]
[-0.0185705  -0.03690212 -0.00311487] [0.10014145 0.1139556  0.98842593]
[-0.01814098 -0.02737527 -0.00309197] [0.10014145 0.1139556  0.98842593]
[-0.04057014 -0.03539971 -0.00136425] [0.10014145 0.1139556  0.98842593]
[-0.02908293 -0.05618669 -0.00284764] [0.10014145 0.1139556  0.98842593]
[-0.01968549 -0.06595104 -0.00299519] [0.10014145 0.1139556  0.98842593]
[-0.01750394 -0.00673625 -0.00305793] [0.10014145 0.1139556  0.98842593]
[ 0.01132308 -0.02609356 -0.00040001] [0.10014145 0.1139556  0.98842593]
[-0.03859275  0.06454853 -0.00041089] [0.10014145 0.1139556  0.98842593]
[-0.02882356  0.06402647 -0.00091136] [0.10014145 0.1139556  0.98842593]
[ 0.01103689 -0.0059067  -0.00023607] [0.10014145 0.1139556  0.98842593]
[-0.043828 -0.091302  0.000892] [0.10014145 0.1139556  0.98842593]
[-0.02901899  0.03351505 -0.00227136] [0.10014145 0.1139556  0.98842593]
[-0.02852003 -0.08732946 -0.00261175] [0.10014145 0.1139556  0.98842593]
[-2.43322785e-05  2.37841867e-02 -1.93771835e-03] [0.10014145 0.1139556  0.98842593]
[ 0.01174993 -0.05640488 -0.00072103] [0.10014145 0.1139556  0.98842593]
[-0.04404013 -0.00610553  0.00129873] [0.10014145 0.1139556  0.98842593]
[-0.01716728 -0.01559518 -0.00305916] [0.10014145 0.1139556  0.98842593]
[-0.01940307  0.03332262 -0.002666  ] [0.10014145 0.1139556  0.98842593]
[-0.03943413 -0.07636014 -0.00180538] [0.10014145 0.1139556  0.98842593]
[ 0.01144622 -0.09328037 -0.00037496] [0.10014145 0.1139556  0.98842593]
[-0.00700296 -0.00642281 -0.00302496] [0.10014145 0.1139556  0.98842593]
[-0.0440125  -0.01721323  0.00118433] [0.10014145 0.1139556  0.98842593]
[-0.00622306  0.02364848 -0.00302256] [0.10014145 0.1139556  0.98842593]
[ 0.01152717 -0.08616936 -0.00121716] [0.10014145 0.1139556  0.98842593]
[-0.03974563  0.0136157  -0.00131056] [0.10014145 0.1139556  0.98842593]
[-0.00047584  0.00424001 -0.00203731] [0.10014145 0.1139556  0.98842593]
[ 0.01154965 -0.07625764 -0.0009685 ] [0.10014145 0.1139556  0.98842593]
[-0.0003126  -0.00629541 -0.00203469] [0.10014145 0.1139556  0.98842593]
[-0.00016831 -0.06631086 -0.00221784] [0.10014145 0.1139556  0.98842593]
[-8.58328446e-05 -7.63173548e-02 -2.19664809e-03] [0.10014145 0.1139556  0.98842593]
[1.11269536e-02 2.40180309e-02 8.41030928e-05] [0.10014145 0.1139556  0.98842593]
[ 0.01139706 -0.06633754 -0.00086688] [0.10014145 0.1139556  0.98842593]
[-0.00012106 -0.08621429 -0.00218521] [0.10014145 0.1139556  0.98842593]
[ 0.00118882 -0.09313827 -0.00072745] [0.10014145 0.1139556  0.98842593]
[-0.02930081 -0.07588761 -0.00277477] [0.10014145 0.1139556  0.98842593]
[-0.00046202 -0.01616287 -0.00204047] [0.10014145 0.1139556  0.98842593]
[-0.00830633 -0.02732245 -0.00307197] [0.10014145 0.1139556  0.98842593]
[-0.04004142 -0.05634726 -0.00171031] [0.10014145 0.1139556  0.98842593]
[-0.02896274  0.05379761 -0.00179054] [0.10014145 0.1139556  0.98842593]
[-0.00030133 -0.04611195 -0.00214922] [0.10014145 0.1139556  0.98842593]
[-0.00020015 -0.0563173  -0.00220133] [0.10014145 0.1139556  0.98842593]
[-0.04065694 -0.04676981 -0.00144448] [0.10014145 0.1139556  0.98842593]
[ 0.00106467  0.06375393 -0.00030866] [0.10014145 0.1139556  0.98842593]
[-0.04436135  0.04355737  0.00028777] [ 0.00333586 -0.16140439  0.98688272]
[1.15365870e-02 1.37498750e-02 5.49836957e-05] [ 0.00333586 -0.16140439  0.98688272]
[-0.04014206  0.05356095 -0.00115772] [ 0.00333586 -0.16140439  0.98688272]
[-0.04079205  0.03350207 -0.00138774] [ 0.00333586 -0.16140439  0.98688272]
[-0.04084287  0.02387354 -0.00138954] [ 0.00333586 -0.16140439  0.98688272]
[-0.00805202  0.00483866 -0.00307107] [ 0.00333586 -0.16140439  0.98688272]
[-0.02925757  0.01320627 -0.002767  ] [ 0.00333586 -0.16140439  0.98688272]
[-0.01815988  0.05325308 -0.0023337 ] [ 0.00333586 -0.16140439  0.98688272]
[-0.00021202 -0.03650061 -0.00208661] [ 0.00333586 -0.16140439  0.98688272]
[-0.04420198  0.0156548   0.00088784] [ 0.00333586 -0.16140439  0.98688272]
[ 0.01107203 -0.03634521 -0.00055909] [ 0.00333586 -0.16140439  0.98688272]
[-0.00047517 -0.02613961 -0.00209827] [ 0.00333586 -0.16140439  0.98688272]
[-0.00761609 -0.01560004 -0.00301861] [ 0.00333586 -0.16140439  0.98688272]
[-0.01879928  0.00466232 -0.00309838] [ 0.00333586 -0.16140439  0.98688272]
[-0.00886758 -0.03659696 -0.00308739] [ 0.00333586 -0.16140439  0.98688272]
[-0.02912818  0.00631695 -0.00285838] [ 0.00333586 -0.16140439  0.98688272]
[-0.01864832 -0.08673293 -0.00273026] [ 0.00333586 -0.16140439  0.98688272]
[-0.03992151  0.00391353 -0.00127925] [ 0.00333586 -0.16140439  0.98688272]
[-0.04060295 -0.02632737 -0.00141249] [ 0.00333586 -0.16140439  0.98688272]
[-0.04067574 -0.00642375 -0.0011691 ] [ 0.00333586 -0.16140439  0.98688272]
[0.0102994  0.06311211 0.00081663] [ 0.00333586 -0.16140439  0.98688272]
[ 0.00047513  0.03442093 -0.00171804] [ 0.00333586 -0.16140439  0.98688272]
[ 0.00041995  0.05402149 -0.00130839] [ 0.00333586 -0.16140439  0.98688272]
[-0.02914293 -0.01701684 -0.00285458] [ 0.00333586 -0.16140439  0.98688272]
[-0.04083213 -0.01600999 -0.00133849] [ 0.00333586 -0.16140439  0.98688272]
[-0.02859337 -0.04649036 -0.00286041] [ 0.00333586 -0.16140439  0.98688272]
[-0.01894538  0.0125743  -0.00308407] [ 0.00333586 -0.16140439  0.98688272]
[-0.00827416  0.01368106 -0.00309324] [ 0.00333586 -0.16140439  0.98688272]
[-0.02871841  0.02439762 -0.00249971] [ 0.00333586 -0.16140439  0.98688272]
[-0.04057022  0.04371544 -0.0012603 ] [ 0.00333586 -0.16140439  0.98688272]
[ 0.0002678   0.04338155 -0.00152164] [ 0.00333586 -0.16140439  0.98688272]
[-0.04435804  0.02399345  0.0005924 ] [ 0.00333586 -0.16140439  0.98688272]
[-0.04402479 -0.06632033  0.00120833] [ 0.00333586 -0.16140439  0.98688272]
[-0.00637021  0.03403253 -0.00285979] [ 0.00333586 -0.16140439  0.98688272]
[-0.01931019 -0.05637856 -0.00303646] [ 0.00333586 -0.16140439  0.98688272]
[-0.02886585 -0.0661327  -0.00282606] [ 0.00333586 -0.16140439  0.98688272]
[0.01084304 0.05390932 0.00047016] [ 0.00333586 -0.16140439  0.98688272]
[-0.0187709  -0.09317727 -0.00090964] [ 0.00333586 -0.16140439  0.98688272]
[-0.0441385   0.00339124  0.00121821] [ 0.00333586 -0.16140439  0.98688272]
[0.01100066 0.03389369 0.00019636] [ 0.00333586 -0.16140439  0.98688272]
[-0.01887178  0.04401781 -0.00248517] [ 0.00333586 -0.16140439  0.98688272]
[-0.0086798  -0.06634869 -0.00303014] [ 0.00333586 -0.16140439  0.98688272]
[-0.04394575 -0.0360258   0.0013617 ] [ 0.00333586 -0.16140439  0.98688272]
[-0.01941398 -0.07658119 -0.00300535] [ 0.00333586 -0.16140439  0.98688272]
[-0.00651425  0.04403512 -0.00259915] [ 0.00333586 -0.16140439  0.98688272]
[ 0.01184091 -0.01641445 -0.0002178 ] [ 0.00333586 -0.16140439  0.98688272]
[ 3.06913947e-05  1.36745786e-02 -1.90308012e-03] [ 0.00333586 -0.16140439  0.98688272]
[0.01100259 0.04362481 0.00036681] [ 0.00333586 -0.16140439  0.98688272]
[-0.02903409 -0.03614746 -0.00287489] [ 0.00333586 -0.16140439  0.98688272]
[-0.04438646  0.03397863  0.00034477] [ 0.00333586 -0.16140439  0.98688272]
[-0.0085056  -0.09321245 -0.00076934] [ 0.00333586 -0.16140439  0.98688272]
[ 0.01114268  0.00417088 -0.00012019] [ 0.00333586 -0.16140439  0.98688272]
[ 0.01138014 -0.04599979 -0.00062293] [ 0.00333586 -0.16140439  0.98688272]
[-0.02874234 -0.02815897 -0.00288224] [ 0.00333586 -0.16140439  0.98688272]
[-0.03987484 -0.08688393 -0.00169756] [ 0.00333586 -0.16140439  0.98688272]
[-0.03029132 -0.00631448 -0.00283944] [ 0.00333586 -0.16140439  0.98688272]
[-0.00852248 -0.04612119 -0.00305749] [ 0.00333586 -0.16140439  0.98688272]
[-0.02871062  0.04377116 -0.00202862] [ 0.00333586 -0.16140439  0.98688272]
[-0.00901624 -0.08711917 -0.00264105] [ 0.00333586 -0.16140439  0.98688272]
[-0.00845683 -0.07644711 -0.00304598] [ 0.00333586 -0.16140439  0.98688272]
[-0.04395902 -0.05647258  0.0012112 ] [ 0.00333586 -0.16140439  0.98688272]
[-0.00897492 -0.0560036  -0.00305006] [ 0.00333586 -0.16140439  0.98688272]
[-0.0069436   0.05471209 -0.00239661] [ 0.00333586 -0.16140439  0.98688272]
[-0.03997006 -0.0662441  -0.00169924] [ 0.00333586 -0.16140439  0.98688272]
[-0.04396209 -0.04690643  0.0013517 ] [ 0.00333586 -0.16140439  0.98688272]
[-0.01941937 -0.04621971 -0.00305806] [ 0.00333586 -0.16140439  0.98688272]
[-0.01893554  0.0245899  -0.0028401 ] [ 0.00333586 -0.16140439  0.98688272]
[-0.0185705  -0.03690212 -0.00311487] [ 0.00333586 -0.16140439  0.98688272]
[-0.01814098 -0.02737527 -0.00309197] [ 0.00333586 -0.16140439  0.98688272]
[-0.04057014 -0.03539971 -0.00136425] [ 0.00333586 -0.16140439  0.98688272]
[-0.02908293 -0.05618669 -0.00284764] [ 0.00333586 -0.16140439  0.98688272]
[-0.01968549 -0.06595104 -0.00299519] [ 0.00333586 -0.16140439  0.98688272]
[-0.00855379  0.06331446 -0.00099908] [ 0.00333586 -0.16140439  0.98688272]
[-0.01750394 -0.00673625 -0.00305793] [ 0.00333586 -0.16140439  0.98688272]
[ 0.01132308 -0.02609356 -0.00040001] [ 0.00333586 -0.16140439  0.98688272]
[-0.03859275  0.06454853 -0.00041089] [ 0.00333586 -0.16140439  0.98688272]
[-0.02882356  0.06402647 -0.00091136] [ 0.00333586 -0.16140439  0.98688272]
[ 0.01103689 -0.0059067  -0.00023607] [ 0.00333586 -0.16140439  0.98688272]
[-0.043828 -0.091302  0.000892] [ 0.00333586 -0.16140439  0.98688272]
[-0.02901899  0.03351505 -0.00227136] [ 0.00333586 -0.16140439  0.98688272]
[-0.02852003 -0.08732946 -0.00261175] [ 0.00333586 -0.16140439  0.98688272]
[-2.43322785e-05  2.37841867e-02 -1.93771835e-03] [ 0.00333586 -0.16140439  0.98688272]
[ 0.01174993 -0.05640488 -0.00072103] [ 0.00333586 -0.16140439  0.98688272]
[-0.04404013 -0.00610553  0.00129873] [ 0.00333586 -0.16140439  0.98688272]
[ 0.01744523 -0.07654069  0.00037549] [ 0.00333586 -0.16140439  0.98688272]
[-0.01716728 -0.01559518 -0.00305916] [ 0.00333586 -0.16140439  0.98688272]
[-0.01940307  0.03332262 -0.002666  ] [ 0.00333586 -0.16140439  0.98688272]
[-0.03943413 -0.07636014 -0.00180538] [ 0.00333586 -0.16140439  0.98688272]
[-0.00700296 -0.00642281 -0.00302496] [ 0.00333586 -0.16140439  0.98688272]
[-0.0440125  -0.01721323  0.00118433] [ 0.00333586 -0.16140439  0.98688272]
[-0.01882274  0.06406658 -0.00102104] [ 0.00333586 -0.16140439  0.98688272]
[-0.00622306  0.02364848 -0.00302256] [ 0.00333586 -0.16140439  0.98688272]
[ 0.01152717 -0.08616936 -0.00121716] [ 0.00333586 -0.16140439  0.98688272]
[-0.03974563  0.0136157  -0.00131056] [ 0.00333586 -0.16140439  0.98688272]
[-0.00047584  0.00424001 -0.00203731] [ 0.00333586 -0.16140439  0.98688272]
[ 0.01154965 -0.07625764 -0.0009685 ] [ 0.00333586 -0.16140439  0.98688272]
[-0.0003126  -0.00629541 -0.00203469] [ 0.00333586 -0.16140439  0.98688272]
[-0.00016831 -0.06631086 -0.00221784] [ 0.00333586 -0.16140439  0.98688272]
[-8.58328446e-05 -7.63173548e-02 -2.19664809e-03] [ 0.00333586 -0.16140439  0.98688272]
[1.11269536e-02 2.40180309e-02 8.41030928e-05] [ 0.00333586 -0.16140439  0.98688272]
[ 0.01139706 -0.06633754 -0.00086688] [ 0.00333586 -0.16140439  0.98688272]
[-0.00012106 -0.08621429 -0.00218521] [ 0.00333586 -0.16140439  0.98688272]
[-0.02930081 -0.07588761 -0.00277477] [ 0.00333586 -0.16140439  0.98688272]
[-0.00046202 -0.01616287 -0.00204047] [ 0.00333586 -0.16140439  0.98688272]
[-0.00830633 -0.02732245 -0.00307197] [ 0.00333586 -0.16140439  0.98688272]
[-0.04004142 -0.05634726 -0.00171031] [ 0.00333586 -0.16140439  0.98688272]
[-0.02896274  0.05379761 -0.00179054] [ 0.00333586 -0.16140439  0.98688272]
[-0.00030133 -0.04611195 -0.00214922] [ 0.00333586 -0.16140439  0.98688272]
[-0.00020015 -0.0563173  -0.00220133] [ 0.00333586 -0.16140439  0.98688272]
[-0.04065694 -0.04676981 -0.00144448] [ 0.00333586 -0.16140439  0.98688272]
[ 0.00106467  0.06375393 -0.00030866] [ 0.00333586 -0.16140439  0.98688272]
[-0.04436135  0.04355737  0.00028777] [-0.11781682  0.12339066  0.98533951]
[1.15365870e-02 1.37498750e-02 5.49836957e-05] [-0.11781682  0.12339066  0.98533951]
[-0.04014206  0.05356095 -0.00115772] [-0.11781682  0.12339066  0.98533951]
[-0.04079205  0.03350207 -0.00138774] [-0.11781682  0.12339066  0.98533951]
[-0.04084287  0.02387354 -0.00138954] [-0.11781682  0.12339066  0.98533951]
[-0.00805202  0.00483866 -0.00307107] [-0.11781682  0.12339066  0.98533951]
[-0.02925757  0.01320627 -0.002767  ] [-0.11781682  0.12339066  0.98533951]
[-0.01815988  0.05325308 -0.0023337 ] [-0.11781682  0.12339066  0.98533951]
[-0.00021202 -0.03650061 -0.00208661] [-0.11781682  0.12339066  0.98533951]
[-0.04420198  0.0156548   0.00088784] [-0.11781682  0.12339066  0.98533951]
[ 0.01107203 -0.03634521 -0.00055909] [-0.11781682  0.12339066  0.98533951]
[-0.00047517 -0.02613961 -0.00209827] [-0.11781682  0.12339066  0.98533951]
[-0.00761609 -0.01560004 -0.00301861] [-0.11781682  0.12339066  0.98533951]
[-0.01879928  0.00466232 -0.00309838] [-0.11781682  0.12339066  0.98533951]
[-0.00886758 -0.03659696 -0.00308739] [-0.11781682  0.12339066  0.98533951]
[-0.02912818  0.00631695 -0.00285838] [-0.11781682  0.12339066  0.98533951]
[-0.01864832 -0.08673293 -0.00273026] [-0.11781682  0.12339066  0.98533951]
[-0.03992151  0.00391353 -0.00127925] [-0.11781682  0.12339066  0.98533951]
[-0.04060295 -0.02632737 -0.00141249] [-0.11781682  0.12339066  0.98533951]
[-0.04067574 -0.00642375 -0.0011691 ] [-0.11781682  0.12339066  0.98533951]
[ 0.00047513  0.03442093 -0.00171804] [-0.11781682  0.12339066  0.98533951]
[ 0.00041995  0.05402149 -0.00130839] [-0.11781682  0.12339066  0.98533951]
[-0.02914293 -0.01701684 -0.00285458] [-0.11781682  0.12339066  0.98533951]
[-0.04083213 -0.01600999 -0.00133849] [-0.11781682  0.12339066  0.98533951]
[-0.02859337 -0.04649036 -0.00286041] [-0.11781682  0.12339066  0.98533951]
[-0.01894538  0.0125743  -0.00308407] [-0.11781682  0.12339066  0.98533951]
[-0.00827416  0.01368106 -0.00309324] [-0.11781682  0.12339066  0.98533951]
[-0.02871841  0.02439762 -0.00249971] [-0.11781682  0.12339066  0.98533951]
[-0.04057022  0.04371544 -0.0012603 ] [-0.11781682  0.12339066  0.98533951]
[ 0.0002678   0.04338155 -0.00152164] [-0.11781682  0.12339066  0.98533951]
[-0.04435804  0.02399345  0.0005924 ] [-0.11781682  0.12339066  0.98533951]
[-0.04402479 -0.06632033  0.00120833] [-0.11781682  0.12339066  0.98533951]
[-0.00637021  0.03403253 -0.00285979] [-0.11781682  0.12339066  0.98533951]
[-0.01931019 -0.05637856 -0.00303646] [-0.11781682  0.12339066  0.98533951]
[-0.02886585 -0.0661327  -0.00282606] [-0.11781682  0.12339066  0.98533951]
[0.01084304 0.05390932 0.00047016] [-0.11781682  0.12339066  0.98533951]
[-0.0187709  -0.09317727 -0.00090964] [-0.11781682  0.12339066  0.98533951]
[-0.0441385   0.00339124  0.00121821] [-0.11781682  0.12339066  0.98533951]
[0.01100066 0.03389369 0.00019636] [-0.11781682  0.12339066  0.98533951]
[-0.01887178  0.04401781 -0.00248517] [-0.11781682  0.12339066  0.98533951]
[-0.0086798  -0.06634869 -0.00303014] [-0.11781682  0.12339066  0.98533951]
[-0.04394575 -0.0360258   0.0013617 ] [-0.11781682  0.12339066  0.98533951]
[-0.01941398 -0.07658119 -0.00300535] [-0.11781682  0.12339066  0.98533951]
[-0.00651425  0.04403512 -0.00259915] [-0.11781682  0.12339066  0.98533951]
[ 0.01184091 -0.01641445 -0.0002178 ] [-0.11781682  0.12339066  0.98533951]
[ 3.06913947e-05  1.36745786e-02 -1.90308012e-03] [-0.11781682  0.12339066  0.98533951]
[0.01100259 0.04362481 0.00036681] [-0.11781682  0.12339066  0.98533951]
[-0.02903409 -0.03614746 -0.00287489] [-0.11781682  0.12339066  0.98533951]
[-0.04438646  0.03397863  0.00034477] [-0.11781682  0.12339066  0.98533951]
[-0.0085056  -0.09321245 -0.00076934] [-0.11781682  0.12339066  0.98533951]
[ 0.01114268  0.00417088 -0.00012019] [-0.11781682  0.12339066  0.98533951]
[ 0.01138014 -0.04599979 -0.00062293] [-0.11781682  0.12339066  0.98533951]
[-0.02874234 -0.02815897 -0.00288224] [-0.11781682  0.12339066  0.98533951]
[-0.03987484 -0.08688393 -0.00169756] [-0.11781682  0.12339066  0.98533951]
[-0.03029132 -0.00631448 -0.00283944] [-0.11781682  0.12339066  0.98533951]
[-0.00852248 -0.04612119 -0.00305749] [-0.11781682  0.12339066  0.98533951]
[-0.02871062  0.04377116 -0.00202862] [-0.11781682  0.12339066  0.98533951]
[-0.00901624 -0.08711917 -0.00264105] [-0.11781682  0.12339066  0.98533951]
[-0.00845683 -0.07644711 -0.00304598] [-0.11781682  0.12339066  0.98533951]
[-0.04395902 -0.05647258  0.0012112 ] [-0.11781682  0.12339066  0.98533951]
[-0.00897492 -0.0560036  -0.00305006] [-0.11781682  0.12339066  0.98533951]
[-0.0069436   0.05471209 -0.00239661] [-0.11781682  0.12339066  0.98533951]
[-0.03997006 -0.0662441  -0.00169924] [-0.11781682  0.12339066  0.98533951]
[-0.04396209 -0.04690643  0.0013517 ] [-0.11781682  0.12339066  0.98533951]
[-0.01941937 -0.04621971 -0.00305806] [-0.11781682  0.12339066  0.98533951]
[-0.01893554  0.0245899  -0.0028401 ] [-0.11781682  0.12339066  0.98533951]
[-0.0185705  -0.03690212 -0.00311487] [-0.11781682  0.12339066  0.98533951]
[-0.01814098 -0.02737527 -0.00309197] [-0.11781682  0.12339066  0.98533951]
[-0.04057014 -0.03539971 -0.00136425] [-0.11781682  0.12339066  0.98533951]
[-0.02908293 -0.05618669 -0.00284764] [-0.11781682  0.12339066  0.98533951]
[-0.01968549 -0.06595104 -0.00299519] [-0.11781682  0.12339066  0.98533951]
[ 0.01758253 -0.08677989  0.00033745] [-0.11781682  0.12339066  0.98533951]
[-0.01750394 -0.00673625 -0.00305793] [-0.11781682  0.12339066  0.98533951]
[ 0.01132308 -0.02609356 -0.00040001] [-0.11781682  0.12339066  0.98533951]
[-0.03859275  0.06454853 -0.00041089] [-0.11781682  0.12339066  0.98533951]
[-0.02882356  0.06402647 -0.00091136] [-0.11781682  0.12339066  0.98533951]
[ 0.01103689 -0.0059067  -0.00023607] [-0.11781682  0.12339066  0.98533951]
[-0.043828 -0.091302  0.000892] [-0.11781682  0.12339066  0.98533951]
[-0.02901899  0.03351505 -0.00227136] [-0.11781682  0.12339066  0.98533951]
[-0.02852003 -0.08732946 -0.00261175] [-0.11781682  0.12339066  0.98533951]
[0.01697308 0.00397892 0.00112655] [-0.11781682  0.12339066  0.98533951]
[-2.43322785e-05  2.37841867e-02 -1.93771835e-03] [-0.11781682  0.12339066  0.98533951]
[ 0.01174993 -0.05640488 -0.00072103] [-0.11781682  0.12339066  0.98533951]
[-0.04404013 -0.00610553  0.00129873] [-0.11781682  0.12339066  0.98533951]
[ 0.01744523 -0.07654069  0.00037549] [-0.11781682  0.12339066  0.98533951]
[-0.01716728 -0.01559518 -0.00305916] [-0.11781682  0.12339066  0.98533951]
[-0.01940307  0.03332262 -0.002666  ] [-0.11781682  0.12339066  0.98533951]
[-0.03943413 -0.07636014 -0.00180538] [-0.11781682  0.12339066  0.98533951]
[ 0.01144622 -0.09328037 -0.00037496] [-0.11781682  0.12339066  0.98533951]
[-0.00700296 -0.00642281 -0.00302496] [-0.11781682  0.12339066  0.98533951]
[-0.0440125  -0.01721323  0.00118433] [-0.11781682  0.12339066  0.98533951]
[-0.00622306  0.02364848 -0.00302256] [-0.11781682  0.12339066  0.98533951]
[ 0.01152717 -0.08616936 -0.00121716] [-0.11781682  0.12339066  0.98533951]
[-0.03974563  0.0136157  -0.00131056] [-0.11781682  0.12339066  0.98533951]
[-0.00047584  0.00424001 -0.00203731] [-0.11781682  0.12339066  0.98533951]
[ 0.01154965 -0.07625764 -0.0009685 ] [-0.11781682  0.12339066  0.98533951]
[-0.0003126  -0.00629541 -0.00203469] [-0.11781682  0.12339066  0.98533951]
[-0.00016831 -0.06631086 -0.00221784] [-0.11781682  0.12339066  0.98533951]
[-8.58328446e-05 -7.63173548e-02 -2.19664809e-03] [-0.11781682  0.12339066  0.98533951]
[1.11269536e-02 2.40180309e-02 8.41030928e-05] [-0.11781682  0.12339066  0.98533951]
[ 0.01139706 -0.06633754 -0.00086688] [-0.11781682  0.12339066  0.98533951]
[0.01692158 0.01389797 0.00122382] [-0.11781682  0.12339066  0.98533951]
[-0.00012106 -0.08621429 -0.00218521] [-0.11781682  0.12339066  0.98533951]
[ 0.00118882 -0.09313827 -0.00072745] [-0.11781682  0.12339066  0.98533951]
[-0.02930081 -0.07588761 -0.00277477] [-0.11781682  0.12339066  0.98533951]
[-0.00046202 -0.01616287 -0.00204047] [-0.11781682  0.12339066  0.98533951]
[-0.00830633 -0.02732245 -0.00307197] [-0.11781682  0.12339066  0.98533951]
[-0.04004142 -0.05634726 -0.00171031] [-0.11781682  0.12339066  0.98533951]
[-0.02896274  0.05379761 -0.00179054] [-0.11781682  0.12339066  0.98533951]
[-0.00030133 -0.04611195 -0.00214922] [-0.11781682  0.12339066  0.98533951]
[-0.00020015 -0.0563173  -0.00220133] [-0.11781682  0.12339066  0.98533951]
[-0.04065694 -0.04676981 -0.00144448] [-0.11781682  0.12339066  0.98533951]
[ 0.00106467  0.06375393 -0.00030866] [-0.11781682  0.12339066  0.98533951]
[-0.04436135  0.04355737  0.00028777] [ 0.1788891  -0.01198066  0.9837963 ]
[-0.04452929  0.05411668  0.0001722 ] [ 0.1788891  -0.01198066  0.9837963 ]
[1.15365870e-02 1.37498750e-02 5.49836957e-05] [ 0.1788891  -0.01198066  0.9837963 ]
[-0.04014206  0.05356095 -0.00115772] [ 0.1788891  -0.01198066  0.9837963 ]
[-0.04079205  0.03350207 -0.00138774] [ 0.1788891  -0.01198066  0.9837963 ]
[-0.04084287  0.02387354 -0.00138954] [ 0.1788891  -0.01198066  0.9837963 ]
[-0.00805202  0.00483866 -0.00307107] [ 0.1788891  -0.01198066  0.9837963 ]
[-0.02925757  0.01320627 -0.002767  ] [ 0.1788891  -0.01198066  0.9837963 ]
[-0.01815988  0.05325308 -0.0023337 ] [ 0.1788891  -0.01198066  0.9837963 ]
[-0.00021202 -0.03650061 -0.00208661] [ 0.1788891  -0.01198066  0.9837963 ]
[-0.04420198  0.0156548   0.00088784] [ 0.1788891  -0.01198066  0.9837963 ]
[ 0.01107203 -0.03634521 -0.00055909] [ 0.1788891  -0.01198066  0.9837963 ]
[-0.00047517 -0.02613961 -0.00209827] [ 0.1788891  -0.01198066  0.9837963 ]
[-0.00761609 -0.01560004 -0.00301861] [ 0.1788891  -0.01198066  0.9837963 ]
[-0.01879928  0.00466232 -0.00309838] [ 0.1788891  -0.01198066  0.9837963 ]
[-0.00886758 -0.03659696 -0.00308739] [ 0.1788891  -0.01198066  0.9837963 ]
[-0.02912818  0.00631695 -0.00285838] [ 0.1788891  -0.01198066  0.9837963 ]
[-0.01864832 -0.08673293 -0.00273026] [ 0.1788891  -0.01198066  0.9837963 ]
[-0.03992151  0.00391353 -0.00127925] [ 0.1788891  -0.01198066  0.9837963 ]
[-0.04060295 -0.02632737 -0.00141249] [ 0.1788891  -0.01198066  0.9837963 ]
[-0.04067574 -0.00642375 -0.0011691 ] [ 0.1788891  -0.01198066  0.9837963 ]
[ 0.00047513  0.03442093 -0.00171804] [ 0.1788891  -0.01198066  0.9837963 ]
[ 0.00041995  0.05402149 -0.00130839] [ 0.1788891  -0.01198066  0.9837963 ]
[-0.02914293 -0.01701684 -0.00285458] [ 0.1788891  -0.01198066  0.9837963 ]
[-0.04083213 -0.01600999 -0.00133849] [ 0.1788891  -0.01198066  0.9837963 ]
[-0.02859337 -0.04649036 -0.00286041] [ 0.1788891  -0.01198066  0.9837963 ]
[-0.01894538  0.0125743  -0.00308407] [ 0.1788891  -0.01198066  0.9837963 ]
[-0.00827416  0.01368106 -0.00309324] [ 0.1788891  -0.01198066  0.9837963 ]
[-0.02871841  0.02439762 -0.00249971] [ 0.1788891  -0.01198066  0.9837963 ]
[-0.04057022  0.04371544 -0.0012603 ] [ 0.1788891  -0.01198066  0.9837963 ]
[ 0.0002678   0.04338155 -0.00152164] [ 0.1788891  -0.01198066  0.9837963 ]
[-0.04435804  0.02399345  0.0005924 ] [ 0.1788891  -0.01198066  0.9837963 ]
[-0.04402479 -0.06632033  0.00120833] [ 0.1788891  -0.01198066  0.9837963 ]
[-0.00637021  0.03403253 -0.00285979] [ 0.1788891  -0.01198066  0.9837963 ]
[-0.01931019 -0.05637856 -0.00303646] [ 0.1788891  -0.01198066  0.9837963 ]
[-0.02886585 -0.0661327  -0.00282606] [ 0.1788891  -0.01198066  0.9837963 ]
[0.01084304 0.05390932 0.00047016] [ 0.1788891  -0.01198066  0.9837963 ]
[-0.0187709  -0.09317727 -0.00090964] [ 0.1788891  -0.01198066  0.9837963 ]
[-0.0441385   0.00339124  0.00121821] [ 0.1788891  -0.01198066  0.9837963 ]
[0.01100066 0.03389369 0.00019636] [ 0.1788891  -0.01198066  0.9837963 ]
[-0.01887178  0.04401781 -0.00248517] [ 0.1788891  -0.01198066  0.9837963 ]
[-0.0086798  -0.06634869 -0.00303014] [ 0.1788891  -0.01198066  0.9837963 ]
[-0.04394575 -0.0360258   0.0013617 ] [ 0.1788891  -0.01198066  0.9837963 ]
[-0.01941398 -0.07658119 -0.00300535] [ 0.1788891  -0.01198066  0.9837963 ]
[-0.00651425  0.04403512 -0.00259915] [ 0.1788891  -0.01198066  0.9837963 ]
[ 0.01184091 -0.01641445 -0.0002178 ] [ 0.1788891  -0.01198066  0.9837963 ]
[ 3.06913947e-05  1.36745786e-02 -1.90308012e-03] [ 0.1788891  -0.01198066  0.9837963 ]
[0.01100259 0.04362481 0.00036681] [ 0.1788891  -0.01198066  0.9837963 ]
[-0.02903409 -0.03614746 -0.00287489] [ 0.1788891  -0.01198066  0.9837963 ]
[-0.04438646  0.03397863  0.00034477] [ 0.1788891  -0.01198066  0.9837963 ]
[-0.0085056  -0.09321245 -0.00076934] [ 0.1788891  -0.01198066  0.9837963 ]
[ 0.01114268  0.00417088 -0.00012019] [ 0.1788891  -0.01198066  0.9837963 ]
[ 0.01138014 -0.04599979 -0.00062293] [ 0.1788891  -0.01198066  0.9837963 ]
[-0.02874234 -0.02815897 -0.00288224] [ 0.1788891  -0.01198066  0.9837963 ]
[-0.03987484 -0.08688393 -0.00169756] [ 0.1788891  -0.01198066  0.9837963 ]
[-0.03029132 -0.00631448 -0.00283944] [ 0.1788891  -0.01198066  0.9837963 ]
[-0.00852248 -0.04612119 -0.00305749] [ 0.1788891  -0.01198066  0.9837963 ]
[-0.02871062  0.04377116 -0.00202862] [ 0.1788891  -0.01198066  0.9837963 ]
[-0.00901624 -0.08711917 -0.00264105] [ 0.1788891  -0.01198066  0.9837963 ]
[-0.00845683 -0.07644711 -0.00304598] [ 0.1788891  -0.01198066  0.9837963 ]
[-0.04395902 -0.05647258  0.0012112 ] [ 0.1788891  -0.01198066  0.9837963 ]
[-0.00897492 -0.0560036  -0.00305006] [ 0.1788891  -0.01198066  0.9837963 ]
[-0.0069436   0.05471209 -0.00239661] [ 0.1788891  -0.01198066  0.9837963 ]
[-0.03997006 -0.0662441  -0.00169924] [ 0.1788891  -0.01198066  0.9837963 ]
[-0.04396209 -0.04690643  0.0013517 ] [ 0.1788891  -0.01198066  0.9837963 ]
[-0.01941937 -0.04621971 -0.00305806] [ 0.1788891  -0.01198066  0.9837963 ]
[-0.01893554  0.0245899  -0.0028401 ] [ 0.1788891  -0.01198066  0.9837963 ]
[-0.0185705  -0.03690212 -0.00311487] [ 0.1788891  -0.01198066  0.9837963 ]
[-0.01814098 -0.02737527 -0.00309197] [ 0.1788891  -0.01198066  0.9837963 ]
[-0.04057014 -0.03539971 -0.00136425] [ 0.1788891  -0.01198066  0.9837963 ]
[-0.02908293 -0.05618669 -0.00284764] [ 0.1788891  -0.01198066  0.9837963 ]
[-0.01968549 -0.06595104 -0.00299519] [ 0.1788891  -0.01198066  0.9837963 ]
[-0.01750394 -0.00673625 -0.00305793] [ 0.1788891  -0.01198066  0.9837963 ]
[ 0.01132308 -0.02609356 -0.00040001] [ 0.1788891  -0.01198066  0.9837963 ]
[-0.03859275  0.06454853 -0.00041089] [ 0.1788891  -0.01198066  0.9837963 ]
[-0.02882356  0.06402647 -0.00091136] [ 0.1788891  -0.01198066  0.9837963 ]
[ 0.01103689 -0.0059067  -0.00023607] [ 0.1788891  -0.01198066  0.9837963 ]
[-0.043828 -0.091302  0.000892] [ 0.1788891  -0.01198066  0.9837963 ]
[-0.02901899  0.03351505 -0.00227136] [ 0.1788891  -0.01198066  0.9837963 ]
[-0.02852003 -0.08732946 -0.00261175] [ 0.1788891  -0.01198066  0.9837963 ]
[-2.43322785e-05  2.37841867e-02 -1.93771835e-03] [ 0.1788891  -0.01198066  0.9837963 ]
[ 0.01174993 -0.05640488 -0.00072103] [ 0.1788891  -0.01198066  0.9837963 ]
[-0.04404013 -0.00610553  0.00129873] [ 0.1788891  -0.01198066  0.9837963 ]
[-0.01716728 -0.01559518 -0.00305916] [ 0.1788891  -0.01198066  0.9837963 ]
[-0.01940307  0.03332262 -0.002666  ] [ 0.1788891  -0.01198066  0.9837963 ]
[-0.03943413 -0.07636014 -0.00180538] [ 0.1788891  -0.01198066  0.9837963 ]
[-0.00700296 -0.00642281 -0.00302496] [ 0.1788891  -0.01198066  0.9837963 ]
[-0.0440125  -0.01721323  0.00118433] [ 0.1788891  -0.01198066  0.9837963 ]
[-0.00622306  0.02364848 -0.00302256] [ 0.1788891  -0.01198066  0.9837963 ]
[ 0.01152717 -0.08616936 -0.00121716] [ 0.1788891  -0.01198066  0.9837963 ]
[-0.03974563  0.0136157  -0.00131056] [ 0.1788891  -0.01198066  0.9837963 ]
[-0.00047584  0.00424001 -0.00203731] [ 0.1788891  -0.01198066  0.9837963 ]
[ 0.01154965 -0.07625764 -0.0009685 ] [ 0.1788891  -0.01198066  0.9837963 ]
[-0.0003126  -0.00629541 -0.00203469] [ 0.1788891  -0.01198066  0.9837963 ]
[-0.00016831 -0.06631086 -0.00221784] [ 0.1788891  -0.01198066  0.9837963 ]
[-8.58328446e-05 -7.63173548e-02 -2.19664809e-03] [ 0.1788891  -0.01198066  0.9837963 ]
[1.11269536e-02 2.40180309e-02 8.41030928e-05] [ 0.1788891  -0.01198066  0.9837963 ]
[ 0.01139706 -0.06633754 -0.00086688] [ 0.1788891  -0.01198066  0.9837963 ]
[-0.00012106 -0.08621429 -0.00218521] [ 0.1788891  -0.01198066  0.9837963 ]
[-0.02930081 -0.07588761 -0.00277477] [ 0.1788891  -0.01198066  0.9837963 ]
[-0.00046202 -0.01616287 -0.00204047] [ 0.1788891  -0.01198066  0.9837963 ]
[-0.00830633 -0.02732245 -0.00307197] [ 0.1788891  -0.01198066  0.9837963 ]
[-0.04004142 -0.05634726 -0.00171031] [ 0.1788891  -0.01198066  0.9837963 ]
[-0.02896274  0.05379761 -0.00179054] [ 0.1788891  -0.01198066  0.9837963 ]
[-0.00030133 -0.04611195 -0.00214922] [ 0.1788891  -0.01198066  0.9837963 ]
[-0.00020015 -0.0563173  -0.00220133] [ 0.1788891  -0.01198066  0.9837963 ]
[-0.04065694 -0.04676981 -0.00144448] [ 0.1788891  -0.01198066  0.9837963 ]
[ 0.00106467  0.06375393 -0.00030866] [ 0.1788891  -0.01198066  0.9837963 ]
[-0.04436135  0.04355737  0.00028777] [-0.14645815 -0.11717032  0.98225309]
[1.15365870e-02 1.37498750e-02 5.49836957e-05] [-0.14645815 -0.11717032  0.98225309]
[-0.04014206  0.05356095 -0.00115772] [-0.14645815 -0.11717032  0.98225309]
[-0.04079205  0.03350207 -0.00138774] [-0.14645815 -0.11717032  0.98225309]
[-0.04084287  0.02387354 -0.00138954] [-0.14645815 -0.11717032  0.98225309]
[-0.00805202  0.00483866 -0.00307107] [-0.14645815 -0.11717032  0.98225309]
[-0.02925757  0.01320627 -0.002767  ] [-0.14645815 -0.11717032  0.98225309]
[ 0.0170602  -0.0062728   0.00097719] [-0.14645815 -0.11717032  0.98225309]
[-0.01815988  0.05325308 -0.0023337 ] [-0.14645815 -0.11717032  0.98225309]
[-0.00021202 -0.03650061 -0.00208661] [-0.14645815 -0.11717032  0.98225309]
[-0.04420198  0.0156548   0.00088784] [-0.14645815 -0.11717032  0.98225309]
[ 0.01107203 -0.03634521 -0.00055909] [-0.14645815 -0.11717032  0.98225309]
[-0.00047517 -0.02613961 -0.00209827] [-0.14645815 -0.11717032  0.98225309]
[-0.00761609 -0.01560004 -0.00301861] [-0.14645815 -0.11717032  0.98225309]
[-0.01879928  0.00466232 -0.00309838] [-0.14645815 -0.11717032  0.98225309]
[-0.00886758 -0.03659696 -0.00308739] [-0.14645815 -0.11717032  0.98225309]
[-0.02912818  0.00631695 -0.00285838] [-0.14645815 -0.11717032  0.98225309]
[-0.01864832 -0.08673293 -0.00273026] [-0.14645815 -0.11717032  0.98225309]
[-0.03992151  0.00391353 -0.00127925] [-0.14645815 -0.11717032  0.98225309]
[-0.04060295 -0.02632737 -0.00141249] [-0.14645815 -0.11717032  0.98225309]
[0.0102994  0.06311211 0.00081663] [-0.14645815 -0.11717032  0.98225309]
[ 0.00047513  0.03442093 -0.00171804] [-0.14645815 -0.11717032  0.98225309]
[ 0.00041995  0.05402149 -0.00130839] [-0.14645815 -0.11717032  0.98225309]
[-0.02914293 -0.01701684 -0.00285458] [-0.14645815 -0.11717032  0.98225309]
[-0.04083213 -0.01600999 -0.00133849] [-0.14645815 -0.11717032  0.98225309]
[-0.02859337 -0.04649036 -0.00286041] [-0.14645815 -0.11717032  0.98225309]
[-0.01894538  0.0125743  -0.00308407] [-0.14645815 -0.11717032  0.98225309]
[-0.00827416  0.01368106 -0.00309324] [-0.14645815 -0.11717032  0.98225309]
[-0.02871841  0.02439762 -0.00249971] [-0.14645815 -0.11717032  0.98225309]
[-0.04057022  0.04371544 -0.0012603 ] [-0.14645815 -0.11717032  0.98225309]
[ 0.0002678   0.04338155 -0.00152164] [-0.14645815 -0.11717032  0.98225309]
[-0.04435804  0.02399345  0.0005924 ] [-0.14645815 -0.11717032  0.98225309]
[-0.04402479 -0.06632033  0.00120833] [-0.14645815 -0.11717032  0.98225309]
[-0.00637021  0.03403253 -0.00285979] [-0.14645815 -0.11717032  0.98225309]
[-0.01931019 -0.05637856 -0.00303646] [-0.14645815 -0.11717032  0.98225309]
[-0.02886585 -0.0661327  -0.00282606] [-0.14645815 -0.11717032  0.98225309]
[0.01084304 0.05390932 0.00047016] [-0.14645815 -0.11717032  0.98225309]
[-0.0187709  -0.09317727 -0.00090964] [-0.14645815 -0.11717032  0.98225309]
[-0.0441385   0.00339124  0.00121821] [-0.14645815 -0.11717032  0.98225309]
[0.01100066 0.03389369 0.00019636] [-0.14645815 -0.11717032  0.98225309]
[-0.01887178  0.04401781 -0.00248517] [-0.14645815 -0.11717032  0.98225309]
[-0.0086798  -0.06634869 -0.00303014] [-0.14645815 -0.11717032  0.98225309]
[-0.04394575 -0.0360258   0.0013617 ] [-0.14645815 -0.11717032  0.98225309]
[-0.01941398 -0.07658119 -0.00300535] [-0.14645815 -0.11717032  0.98225309]
[-0.00651425  0.04403512 -0.00259915] [-0.14645815 -0.11717032  0.98225309]
[ 0.01184091 -0.01641445 -0.0002178 ] [-0.14645815 -0.11717032  0.98225309]
[ 3.06913947e-05  1.36745786e-02 -1.90308012e-03] [-0.14645815 -0.11717032  0.98225309]
[0.01100259 0.04362481 0.00036681] [-0.14645815 -0.11717032  0.98225309]
[-0.02903409 -0.03614746 -0.00287489] [-0.14645815 -0.11717032  0.98225309]
[-0.04438646  0.03397863  0.00034477] [-0.14645815 -0.11717032  0.98225309]
[0.01689523 0.0236033  0.00128552] [-0.14645815 -0.11717032  0.98225309]
[-0.0085056  -0.09321245 -0.00076934] [-0.14645815 -0.11717032  0.98225309]
[ 0.01114268  0.00417088 -0.00012019] [-0.14645815 -0.11717032  0.98225309]
[ 0.01138014 -0.04599979 -0.00062293] [-0.14645815 -0.11717032  0.98225309]
[-0.02874234 -0.02815897 -0.00288224] [-0.14645815 -0.11717032  0.98225309]
[-0.03987484 -0.08688393 -0.00169756] [-0.14645815 -0.11717032  0.98225309]
[-0.03029132 -0.00631448 -0.00283944] [-0.14645815 -0.11717032  0.98225309]
[-0.00852248 -0.04612119 -0.00305749] [-0.14645815 -0.11717032  0.98225309]
[-0.02871062  0.04377116 -0.00202862] [-0.14645815 -0.11717032  0.98225309]
[-0.00901624 -0.08711917 -0.00264105] [-0.14645815 -0.11717032  0.98225309]
[-0.00845683 -0.07644711 -0.00304598] [-0.14645815 -0.11717032  0.98225309]
[-0.04395902 -0.05647258  0.0012112 ] [-0.14645815 -0.11717032  0.98225309]
[-0.00897492 -0.0560036  -0.00305006] [-0.14645815 -0.11717032  0.98225309]
[-0.0069436   0.05471209 -0.00239661] [-0.14645815 -0.11717032  0.98225309]
[-0.03997006 -0.0662441  -0.00169924] [-0.14645815 -0.11717032  0.98225309]
[-0.04396209 -0.04690643  0.0013517 ] [-0.14645815 -0.11717032  0.98225309]
[-0.01941937 -0.04621971 -0.00305806] [-0.14645815 -0.11717032  0.98225309]
[-0.01893554  0.0245899  -0.0028401 ] [-0.14645815 -0.11717032  0.98225309]
[-0.0185705  -0.03690212 -0.00311487] [-0.14645815 -0.11717032  0.98225309]
[-0.01814098 -0.02737527 -0.00309197] [-0.14645815 -0.11717032  0.98225309]
[-0.04057014 -0.03539971 -0.00136425] [-0.14645815 -0.11717032  0.98225309]
[-0.02908293 -0.05618669 -0.00284764] [-0.14645815 -0.11717032  0.98225309]
[-0.01968549 -0.06595104 -0.00299519] [-0.14645815 -0.11717032  0.98225309]
[-0.00855379  0.06331446 -0.00099908] [-0.14645815 -0.11717032  0.98225309]
[ 0.01758253 -0.08677989  0.00033745] [-0.14645815 -0.11717032  0.98225309]
[-0.01750394 -0.00673625 -0.00305793] [-0.14645815 -0.11717032  0.98225309]
[ 0.01132308 -0.02609356 -0.00040001] [-0.14645815 -0.11717032  0.98225309]
[-0.03859275  0.06454853 -0.00041089] [-0.14645815 -0.11717032  0.98225309]
[-0.02882356  0.06402647 -0.00091136] [-0.14645815 -0.11717032  0.98225309]
[ 0.01103689 -0.0059067  -0.00023607] [-0.14645815 -0.11717032  0.98225309]
[-0.02901899  0.03351505 -0.00227136] [-0.14645815 -0.11717032  0.98225309]
[-0.02852003 -0.08732946 -0.00261175] [-0.14645815 -0.11717032  0.98225309]
[0.01697308 0.00397892 0.00112655] [-0.14645815 -0.11717032  0.98225309]
[-2.43322785e-05  2.37841867e-02 -1.93771835e-03] [-0.14645815 -0.11717032  0.98225309]
[ 0.01174993 -0.05640488 -0.00072103] [-0.14645815 -0.11717032  0.98225309]
[ 0.01744523 -0.07654069  0.00037549] [-0.14645815 -0.11717032  0.98225309]
[-0.01716728 -0.01559518 -0.00305916] [-0.14645815 -0.11717032  0.98225309]
[-0.01940307  0.03332262 -0.002666  ] [-0.14645815 -0.11717032  0.98225309]
[-0.03943413 -0.07636014 -0.00180538] [-0.14645815 -0.11717032  0.98225309]
[-0.00700296 -0.00642281 -0.00302496] [-0.14645815 -0.11717032  0.98225309]
[-0.0440125  -0.01721323  0.00118433] [-0.14645815 -0.11717032  0.98225309]
[-0.01882274  0.06406658 -0.00102104] [-0.14645815 -0.11717032  0.98225309]
