[-9.74368e-03 -1.77595e-02 -8.38134e-05] [0.36413826 0.00574895 0.93132716] [ 0.36413826 -0.93132716  0.00574895] [ 0.93132716  0.00574895 -0.36413826] 0.8540361047263748 2.433167430860241 2.3750582929486654
[-0.00974368  0.0352464  -0.0003132 ] [0.40872247 0.19672799 0.8912037 ] [ 0.40872247 -0.8912037   0.19672799] [ 0.8912037   0.19672799 -0.40872247] 0.19788193651893696 2.3606759305022043 2.4577906563532133
[-0.00974368  0.0352464  -0.0003132 ] [0.38640066 0.30299536 0.87114198] [ 0.38640066 -0.87114198  0.30299536] [ 0.87114198  0.30299536 -0.38640066] 0.23218602492472717 2.3646974576602124 2.378587692487263
[ 0.00085753  0.0352464  -0.00018545] [ 0.48342694 -0.12431714  0.86651235] [ 0.48342694 -0.86651235 -0.12431714] [ 0.86651235 -0.12431714 -0.48342694] 0.17101604658764524 2.453185495019956 2.388064252779668
[-0.0203449  -0.00715835 -0.00070831] [-0.44279441 -0.23613874  0.86496914] [-0.44279441 -0.86496914 -0.23613874] [ 0.86496914 -0.23613874  0.44279441] 0.2408340517414571 2.3882246005905117 2.4040819299618224
[-0.00974368 -0.00715835 -0.00070097] [ 0.42862883 -0.29440896  0.85416667] [ 0.42862883 -0.85416667 -0.29440896] [ 0.85416667 -0.29440896 -0.42862883] 0.1923196882643738 2.4579231476049523 2.4331184437991595
[-0.00974368 -0.00715835 -0.00070097] [ 0.53213552 -0.01879202  0.84645062] [ 0.53213552 -0.84645062 -0.01879202] [ 0.84645062 -0.01879202 -0.53213552] 0.2263277342369092 2.4242056141856234 2.3770367732864224
[-0.0203449  -0.00715835 -0.00070831] [-0.4069343  -0.34718287  0.84490741] [-0.4069343  -0.84490741 -0.34718287] [ 0.84490741 -0.34718287  0.4069343 ] 0.3175375020804215 2.397758678968384 2.4098602456211937
[ 0.00085753  0.0352464  -0.00018545] [ 0.51113419 -0.20739042  0.83410494] [ 0.51113419 -0.83410494 -0.20739042] [ 0.83410494 -0.20739042 -0.51113419] 0.23664480013228112 2.428170537627566 2.3699128721997167
[-0.0203449   0.0352464  -0.00056318] [-0.47500835  0.29815349  0.8279321 ] [-0.47500835 -0.8279321   0.29815349] [0.8279321  0.29815349 0.47500835] 0.31447301396850913 2.3798497487257397 2.3634538005520795
[-0.00974368  0.0352464  -0.0003132 ] [ 0.57252546 -0.09771515  0.81404321] [ 0.57252546 -0.81404321 -0.09771515] [ 0.81404321 -0.09771515 -0.57252546] 0.2680004857968416 2.392810749381951 2.4045667260848136
[-0.00974368  0.014044    0.00130984] [-0.55480762  0.19883152  0.80787037] [-0.55480762 -0.80787037  0.19883152] [0.80787037 0.19883152 0.55480762] 0.22223468598096904 2.4365345327037153 2.367072290855818
[ 0.00085753 -0.00715835 -0.00073738] [-0.46566316  0.38768323  0.79552469] [-0.46566316 -0.79552469  0.38768323] [0.79552469 0.38768323 0.46566316] 0.2915430549071463 2.3820059323534424 2.4047718212837688
[-0.00974368  0.014044    0.00130984] [0.60726029 0.02878106 0.79398148] [ 0.60726029 -0.79398148  0.02878106] [ 0.79398148  0.02878106 -0.60726029] 0.13698650370041826 2.393320662506688 2.4900626849185152
[-0.0203449  -0.00715835 -0.00070831] [-0.4297498  -0.43284719  0.79243827] [-0.4297498  -0.79243827 -0.43284719] [ 0.79243827 -0.43284719  0.4297498 ] 0.2840936637794101 2.4647179545714644 2.399207374273369
[-0.00974368  0.014044    0.00130984] [-0.61090369  0.07844884  0.78780864] [-0.61090369 -0.78780864  0.07844884] [0.78780864 0.07844884 0.61090369] 0.1326246495571308 2.4908557360579486 2.3902969327984405
[-0.00974368  0.014044    0.00130984] [ 0.59536023 -0.18598835  0.7816358 ] [ 0.59536023 -0.7816358  -0.18598835] [ 0.7816358  -0.18598835 -0.59536023] 0.13258476519065956 2.3791045921111724 2.518501921862771
[-0.00974368  0.014044    0.00130984] [-0.56066354  0.29036802  0.77546296] [-0.56066354 -0.77546296  0.29036802] [0.77546296 0.29036802 0.56066354] 0.1419767395395941 2.5496027662236718 2.3779698858377794
[-0.00974368  0.014044    0.00130984] [0.61138186 0.16510735 0.77391975] [ 0.61138186 -0.77391975  0.16510735] [ 0.77391975  0.16510735 -0.61138186] 0.14464537957194104 2.41871789974801 2.487150072773909
[-0.0203449  -0.00715835 -0.00070831] [ 0.50747854 -0.38814719  0.76929012] [ 0.50747854 -0.76929012 -0.38814719] [ 0.76929012 -0.38814719 -0.50747854] 0.24633575001289837 2.446761655984138 2.3756789596810504
[-0.00974368  0.014044    0.00130984] [-0.63823486 -0.05675335  0.76774691] [-0.63823486 -0.76774691 -0.05675335] [ 0.76774691 -0.05675335  0.63823486] 0.13994734029435124 2.4473374257439593 2.425261839389984
[-0.00974368  0.014044    0.00130984] [ 0.64566123 -0.05591517  0.76157407] [ 0.64566123 -0.76157407 -0.05591517] [ 0.76157407 -0.05591517 -0.64566123] 0.1503792097138688 2.444626238159739 2.441667672742558
[-0.0309461  -0.00980867  0.00018249] [ 0.35137537 -0.55097228  0.75694444] [ 0.35137537 -0.75694444 -0.55097228] [ 0.75694444 -0.55097228 -0.35137537] 0.8661723547983282 2.426191655153654 2.3609756431814306
[ 0.0114587   0.014044   -0.00020251] [-0.63299238  0.16938012  0.75540123] [-0.63299238 -0.75540123  0.16938012] [0.75540123 0.16938012 0.63299238] 0.810780036404929 2.45872034271388 2.3720908183271256
[-0.00974368  0.014044    0.00130984] [0.58273763 0.30350442 0.75385802] [ 0.58273763 -0.75385802  0.30350442] [ 0.75385802  0.30350442 -0.58273763] 0.1353053525786442 2.3896063065747994 2.5180872764638904
[ 0.00085753  0.0352464  -0.00018545] [ 0.6002013  -0.28002716  0.7492284 ] [ 0.6002013  -0.7492284  -0.28002716] [ 0.7492284  -0.28002716 -0.6002013 ] 0.1872924424397396 2.4955285080632583 2.3615415934268844
[-0.00974368  0.014044    0.00130984] [-0.6333866  -0.19947     0.74768519] [-0.6333866  -0.74768519 -0.19947   ] [ 0.74768519 -0.19947     0.6333866 ] 0.15788143357938622 2.453907172574607 2.420696673553919
[-0.00974368  0.014044    0.00130984] [-0.54791459  0.38426299  0.74305556] [-0.54791459 -0.74305556  0.38426299] [0.74305556 0.38426299 0.54791459] 0.2058458218981998 2.476207266597465 2.3630482486253563
[-0.00974368  0.014044    0.00130984] [0.66527614 0.08698906 0.74151235] [ 0.66527614 -0.74151235  0.08698906] [ 0.74151235  0.08698906 -0.66527614] 0.14412117182975961 2.4654456299275367 2.416098943312841
[-0.00974368  0.014044    0.00130984] [-0.67701114  0.03052426  0.73533951] [-0.67701114 -0.73533951  0.03052426] [0.73533951 0.03052426 0.67701114] 0.13636787814274742 2.4005177252511745 2.477403932911285
[-0.00974368  0.014044    0.00130984] [0.52110725 0.43587869 0.7337963 ] [ 0.52110725 -0.7337963   0.43587869] [ 0.7337963   0.43587869 -0.52110725] 0.17434886580634595 2.39946612253583 2.582143345598534
[-0.00974368  0.014044    0.00130984] [-0.39055002  0.55994085  0.73070988] [-0.39055002 -0.73070988  0.55994085] [0.73070988 0.55994085 0.39055002] 0.14092452504599096 2.7097784339007958 2.3706646809555654
[-0.00974368  0.014044    0.00130984] [ 0.6678223  -0.14943006  0.72916667] [ 0.6678223  -0.72916667 -0.14943006] [ 0.72916667 -0.14943006 -0.6678223 ] 0.14181287358091155 2.4733112906153156 2.4210483941328462
[-0.00974368  0.014044    0.00130984] [-0.59479246 -0.34173972  0.72762346] [-0.59479246 -0.72762346 -0.34173972] [ 0.72762346 -0.34173972  0.59479246] 0.14405521118297265 2.5029051625469556 2.370007982982678
[-0.00974368  0.014044    0.00130984] [-0.63760149  0.26597794  0.72299383] [-0.63760149 -0.72299383  0.26597794] [0.72299383 0.26597794 0.63760149] 0.06428428601180612 2.4533098594857603 2.3789817431481985
[-0.00974368  0.014044    0.00130984] [0.65132868 0.23511689 0.72145062] [ 0.65132868 -0.72145062  0.23511689] [ 0.72145062  0.23511689 -0.65132868] 0.06496456691542297 2.4236800968431753 2.434016008835078
[-0.00974368  0.014044    0.00130984] [ 0.58691575 -0.37642739  0.71682099] [ 0.58691575 -0.71682099 -0.37642739] [ 0.71682099 -0.37642739 -0.58691575] 0.14310664923008623 2.4070205047647186 2.5506953152893383
[-0.00974368  0.014044    0.00130984] [-0.68860627 -0.11915997  0.71527778] [-0.68860627 -0.71527778 -0.11915997] [ 0.71527778 -0.11915997  0.68860627] 0.13026483645788944 2.372437291592442 2.4902535505975636
[-4.15473e-02  1.40440e-02 -7.92323e-05] [ 0.70509807 -0.00262769  0.70910494] [ 0.70509807 -0.70910494 -0.00262769] [ 0.70910494 -0.00262769 -0.70509807] 0.9853089008319657 2.362001607497637 2.357636855121584
[-0.00974368  0.014044    0.00130984] [-0.52283811 -0.47539111  0.70756173] [-0.52283811 -0.70756173 -0.47539111] [ 0.70756173 -0.47539111  0.52283811] 0.18609956302864933 2.5427183478342528 2.439779182199688
[-0.00974368  0.014044    0.00130984] [-0.69991777  0.12649737  0.7029321 ] [-0.69991777 -0.7029321   0.12649737] [0.7029321  0.12649737 0.69991777] 0.12838557232716277 2.37250449221884 2.5064281289361072
[ 0.0114587   0.014044   -0.00020251] [-0.66543784 -0.27178508  0.69521605] [-0.66543784 -0.69521605 -0.27178508] [ 0.69521605 -0.27178508  0.66543784] 0.8972429222875845 2.40871023550646 2.369418317539632
[-0.0415473   0.00079255  0.00040853] [0.70839172 0.15297263 0.68904321] [ 0.70839172 -0.68904321  0.15297263] [ 0.68904321  0.15297263 -0.70839172] 0.9745029363424353 2.367514274523907 2.3582462605268932
[-0.0203449  -0.00715835 -0.00070831] [0.67589925 0.30923128 0.66898148] [ 0.67589925 -0.66898148  0.30923128] [ 0.66898148  0.30923128 -0.67589925] 0.9053633416094431 2.404229615989075 2.3587507023455117
[-0.0203449   0.0352464  -0.00056318] [ 0.66030782 -0.35018595  0.66435185] [ 0.66030782 -0.66435185 -0.35018595] [ 0.66435185 -0.35018595 -0.66030782] 0.8744307972508397 2.3670148114841365 2.4214924716489015
[-0.05219537  0.03088578  0.0032144 ] [ 0.72697427 -0.3116215   0.61188272] [ 0.72697427 -0.61188272 -0.3116215 ] [ 0.61188272 -0.3116215  -0.72697427] 0.955272009544364 2.3774734323433266 2.3638075139553862
[-0.04792897  0.04053845  0.00382915] [ 0.73120008 -0.54541191  0.40972222] [ 0.73120008 -0.40972222 -0.54541191] [ 0.40972222 -0.54541191 -0.73120008] 0.9366596308427374 2.3872961717114105 2.364444385587311
[-0.0267063  -0.0336613   0.02912185] [0.70408238 0.60350735 0.3742284 ] [ 0.70408238 -0.3742284   0.60350735] [ 0.3742284   0.60350735 -0.70408238] 0.3260490581195638 2.359394714522055 2.3670409339007588
[-0.01106884  0.06487309  0.10863075] [-0.68539477 -0.72447274  0.07330247] [-0.68539477 -0.07330247 -0.72447274] [ 0.07330247 -0.72447274  0.68539477] 0.2914393788452043 2.3669494596972642 2.4161746030959073
[-1.02678174e-04 -3.63929870e-02  1.29814826e-01] [-0.69323539  0.71936801  0.04398148] [-0.69323539 -0.04398148  0.71936801] [0.04398148 0.71936801 0.69323539] 0.9683961133118884 2.356320508022029 2.370656111062531
[ 0.00033213 -0.03702788  0.1189749 ] [-0.7131631   0.69475285 -0.0933642 ] [-0.7131631   0.0933642   0.69475285] [-0.0933642   0.69475285  0.7131631 ] 0.9557548102056205 2.3772210543074532 2.3574419047953503
[-0.0009649   0.06271376  0.13021161] [-0.69346695 -0.70493014 -0.14891975] [-0.69346695  0.14891975 -0.70493014] [-0.14891975 -0.70493014  0.69346695] 0.9342024432660179 2.3824295538191542 2.3886066502332177
[ 0.01053254 -0.03096379  0.1317485 ] [-0.66884038  0.72172209 -0.17824074] [-0.66884038  0.17824074  0.72172209] [-0.17824074  0.72172209  0.66884038] 0.3141483412967771 2.366445764324731 2.410471363375282
[ 0.00747021 -0.03405451  0.12915627] [-0.71805453  0.65663586 -0.23070988] [-0.71805453  0.23070988  0.65663586] [-0.23070988  0.65663586  0.71805453] 0.9575417507323974 2.376288011696215 2.365550563461854
[0.00748327 0.0583799  0.1357595 ] [-0.71635507 -0.65739996 -0.2337963 ] [-0.71635507  0.2337963  -0.65739996] [-0.2337963  -0.65739996  0.71635507] 0.9593256019422265 2.375358242082834 2.3589234014500664
[-0.01102348 -0.03702889  0.13089555] [-0.66663801  0.67527696 -0.31558642] [-0.66663801  0.31558642  0.67527696] [-0.31558642  0.67527696  0.66663801] 0.8910294063866677 2.358335159127649 2.412163192098636
[ 0.02644822 -0.01648447  0.13593667] [-0.70562651  0.60549676 -0.36805556] [-0.70562651  0.36805556  0.60549676] [-0.36805556  0.60549676  0.70562651] 0.9627460028579957 2.373580107010792 2.3682813969112
[ 0.00894131 -0.01977539  0.13718113] [-0.67225368  0.54096635 -0.50540123] [-0.67225368  0.50540123  0.54096635] [-0.50540123  0.54096635  0.67225368] 0.9081774450587211 2.3839396049267183 2.4026852992247836
[ 0.02644822 -0.01648447  0.13593667] [-0.68732953  0.46514381 -0.55787037] [-0.68732953  0.55787037  0.46514381] [-0.55787037  0.46514381  0.68732953] 0.9185898706121619 2.3587524075810853 2.3970086707899445
[0.02040982 0.05488022 0.119232  ] [-0.70353035 -0.41996348 -0.57330247] [-0.70353035  0.57330247 -0.41996348] [-0.57330247 -0.41996348  0.70353035] 0.9816441613894398 2.3638645054541834 2.3602852838832318
[0.0353114  0.0021177  0.13533875] [-0.69045024  0.3882836  -0.61033951] [-0.69045024  0.61033951  0.3882836 ] [-0.61033951  0.3882836   0.69045024] 0.9931820057610904 2.3580224813942277 2.3579035858249853
[-0.0533493  -0.00895781  0.13046624] [ 0.68725722 -0.34992994 -0.63657407] [ 0.68725722  0.63657407 -0.34992994] [-0.63657407 -0.34992994 -0.68725722] 0.9400476676187767 2.385494510110772 2.3582015567749632
[ 0.01808445 -0.00848351  0.13713875] [-0.68074005  0.31189371 -0.66280864] [-0.68074005  0.66280864  0.31189371] [-0.66280864  0.31189371  0.68074005] 0.9474123084580494 2.381599157313603 2.3754469105671063
[-0.00046763  0.0021177   0.13765869] [ 0.42288652 -0.59746154 -0.68132716] [ 0.42288652  0.68132716 -0.59746154] [-0.68132716 -0.59746154 -0.42288652] 0.6737823109094706 2.5470873461054353 2.3928639636460236
[0.00880841 0.0021177  0.13698258] [-0.21556059 -0.69497979 -0.68595679] [-0.21556059  0.68595679 -0.69497979] [-0.68595679 -0.69497979  0.21556059] 0.8716165046144653 2.395192400574592 2.423089532621829
[-0.0107533   0.02029222  0.13598983] [ 0.67076872 -0.27438802 -0.68904321] [ 0.67076872  0.68904321 -0.27438802] [-0.68904321 -0.27438802 -0.67076872] 0.14512016299602487 2.384741499770782 2.3627325446243623
[0.00880841 0.04187215 0.13575583] [-0.67857088 -0.25026379 -0.69058642] [-0.67857088  0.69058642 -0.25026379] [-0.69058642 -0.25026379  0.67857088] 0.9855372006185792 2.360468206330076 2.3618857815204755
[-0.01140104  0.01178876  0.13662982] [ 0.70593869  0.12718922 -0.69675926] [0.70593869 0.69675926 0.12718922] [-0.69675926  0.12718922 -0.70593869] 0.16903184238041508 2.359527976075732 2.4024037890467254
[-0.0107533   0.02029222  0.13598983] [ 0.52711076 -0.47979982 -0.70138889] [ 0.52711076  0.70138889 -0.47979982] [-0.70138889 -0.47979982 -0.52711076] 0.19325041754431865 2.495971598486436 2.386254841269341
[-0.0309461   0.01139372  0.13504111] [ 0.6947118  -0.12060558 -0.70910494] [ 0.6947118   0.70910494 -0.12060558] [-0.70910494 -0.12060558 -0.6947118 ] 0.9921943496035749 2.3577880388284513 2.358519933476568
[-0.01140104  0.01178876  0.13662982] [-0.59241706 -0.37950129 -0.71064815] [-0.59241706  0.71064815 -0.37950129] [-0.71064815 -0.37950129  0.59241706] 0.13871147375705897 2.440740849248664 2.503289806449402
[0.00880841 0.0021177  0.13698258] [ 0.32480363 -0.62055263 -0.71373457] [ 0.32480363  0.71373457 -0.62055263] [-0.71373457 -0.62055263 -0.32480363] 0.2519093323346704 2.3810579938432124 2.4473565398121577
[0.01896393 0.00175198 0.13667259] [-0.65719526  0.23763858 -0.71527778] [-0.65719526  0.71527778  0.23763858] [-0.71527778  0.23763858  0.65719526] 0.9221453838709559 2.368309468236605 2.3950837289602305
[-0.00046763  0.0021177   0.13765869] [ 0.60023136 -0.34529888 -0.72145062] [ 0.60023136  0.72145062 -0.34529888] [-0.72145062 -0.34529888 -0.60023136] 0.16327700590801383 2.368775008788519 2.3732675954339815
[-0.01140104  0.01178876  0.13662982] [ 0.68365831  0.0304515  -0.72916667] [0.68365831 0.72916667 0.0304515 ] [-0.72916667  0.0304515  -0.68365831] 0.15866012790454162 2.372449473837642 2.368577228749727
[-0.00046763  0.0021177   0.13765869] [-0.4823742  -0.48309234 -0.73070988] [-0.4823742   0.73070988 -0.48309234] [-0.73070988 -0.48309234  0.4823742 ] 0.2689362111542539 2.4870603295593527 2.408028802954944
[0.00880841 0.0021177  0.13698258] [ 0.43693635 -0.52022075 -0.7337963 ] [ 0.43693635  0.7337963  -0.52022075] [-0.7337963  -0.52022075 -0.43693635] 0.1962224455441429 2.4242374353189167 2.4152743452539505
[0.00880841 0.0021177  0.13698258] [-0.6719309   0.08823082 -0.73533951] [-0.6719309   0.73533951  0.08823082] [-0.73533951  0.08823082  0.6719309 ] 0.33612836026369874 2.375136192008857 2.3785485657161973
[-0.00088749  0.02023791  0.13575189] [ 0.55368541  0.38786123 -0.73688272] [0.55368541 0.73688272 0.38786123] [-0.73688272  0.38786123 -0.55368541] 0.20340302553744122 2.3935372768082166 2.4656809603779113
[-0.01164558  0.03162433  0.13592932] [ 0.52074685 -0.40065047 -0.75385802] [ 0.52074685  0.75385802 -0.40065047] [-0.75385802 -0.40065047 -0.52074685] 0.14853310791073152 2.408383390729089 2.572849275413855
[-0.00075605  0.03214954  0.13590957] [-0.43817931  0.47994998 -0.76003086] [-0.43817931  0.76003086  0.47994998] [-0.76003086  0.47994998  0.43817931] 0.3177466342229455 2.363774073046236 2.3620177399213715
[-0.02151836  0.0312114   0.13638822] [-0.51353832 -0.39233966 -0.76311728] [-0.51353832  0.76311728 -0.39233966] [-0.76311728 -0.39233966  0.51353832] 0.296587588428677 2.40726196945538 2.3781310748045175
[-0.01164558  0.03162433  0.13592932] [ 0.57313086 -0.26938678 -0.77391975] [ 0.57313086  0.77391975 -0.26938678] [-0.77391975 -0.26938678 -0.57313086] 0.1527483524520006 2.3715188305499355 2.446126865394952
[-0.01106884  0.0021177   0.13761931] [-0.60277209 -0.18794413 -0.77546296] [-0.60277209  0.77546296 -0.18794413] [-0.77546296 -0.18794413  0.60277209] 0.10956035647519806 2.445876697319671 2.4385622420622988
[-0.02167005 -0.00848351  0.13764881] [-0.5112215   0.36070503 -0.78009259] [-0.5112215   0.78009259  0.36070503] [-0.78009259  0.36070503  0.5112215 ] 0.22659979877918635 2.4411690705275424 2.380534445923664
[-0.00046763  0.0021177   0.13765869] [-0.40152022 -0.47477589 -0.78317901] [-0.40152022  0.78317901 -0.47477589] [-0.78317901 -0.47477589  0.40152022] 0.2612964265145934 2.393216148131631 2.500912897739228
[-0.01164558  0.03162433  0.13592932] [ 0.43510328 -0.43871609 -0.78626543] [ 0.43510328  0.78626543 -0.43871609] [-0.78626543 -0.43871609 -0.43510328] 0.18082192750207346 2.4737267980543503 2.4804273004966584
[-0.01164558  0.03162433  0.13592932] [ 0.49695815 -0.32073215 -0.80632716] [ 0.49695815  0.80632716 -0.32073215] [-0.80632716 -0.32073215 -0.49695815] 0.23307583021777367 2.3612244680359047 2.3567148304396426
[-0.02167005 -0.00848351  0.13764881] [ 0.36035482  0.46367452 -0.80941358] [0.36035482 0.80941358 0.46367452] [-0.80941358  0.46367452 -0.36035482] 0.31521379287623563 2.3978616795194014 2.357699852901442
[-0.02164992  0.04216326  0.13660641] [ 0.34639888 -0.4580203  -0.81867284] [ 0.34639888  0.81867284 -0.4580203 ] [-0.81867284 -0.4580203  -0.34639888] 0.2917113559630343 2.3639578828482657 2.40895347372771
[-0.01164558  0.03162433  0.13592932] [-0.47743228  0.28089035 -0.83256173] [-0.47743228  0.83256173  0.28089035] [-0.83256173  0.28089035  0.47743228] 0.1654057250957228 2.395970296122118 2.3726116561647816
[-0.02151836  0.0312114   0.13638822] [ 0.41406648 -0.353657   -0.83873457] [ 0.41406648  0.83873457 -0.353657  ] [-0.83873457 -0.353657   -0.41406648] 0.8966662431392677 2.409029808994678 2.374095696837133
[-0.00046763 -0.00848351  0.13777481] [-0.43704037 -0.29983693 -0.84799383] [-0.43704037  0.84799383 -0.29983693] [-0.84799383 -0.29983693  0.43704037] 0.3031711881012937 2.396455435664593 2.358548595224477
[-0.01164558  0.03162433  0.13592932] [-0.49675185  0.16208281 -0.85262346] [-0.49675185  0.85262346  0.16208281] [-0.85262346  0.16208281  0.49675185] 0.21537266725239726 2.521472188759007 2.3661151952851442
[-0.0107533   0.02029222  0.13598983] [ 0.4519212  -0.24132168 -0.8587963 ] [ 0.4519212   0.8587963  -0.24132168] [-0.8587963  -0.24132168 -0.4519212 ] 0.22204559981414618 2.5659162479804514 2.394627089363153
[-0.01140104  0.01178876  0.13662982] [-0.49372874 -0.12668017 -0.86033951] [-0.49372874  0.86033951 -0.12668017] [-0.86033951 -0.12668017  0.49372874] 0.21435878803808067 2.5049340253319756 2.5158844905776907
[-0.00075605  0.03214954  0.13590957] [ 0.49771153  0.0379419  -0.86651235] [0.49771153 0.86651235 0.0379419 ] [-0.86651235  0.0379419  -0.49771153] 0.1685762752162899 2.3867210207744796 2.3688757814895727
[-0.01106884  0.0021177   0.13761931] [-0.48589292  0.04825597 -0.87268519] [-0.48589292  0.87268519  0.04825597] [-0.87268519  0.04825597  0.48589292] 0.25450207747147935 2.4874878849110833 2.4587269889486154
[1.1207400e-05 4.2049648e-02 1.3656704e-01] [ 0.38866261  0.29097437 -0.8742284 ] [0.38866261 0.8742284  0.29097437] [-0.8742284   0.29097437 -0.38866261] 0.9132700825507454 2.3681034363339504 2.3999015488650315
[-0.01164558  0.03162433  0.13592932] [ 0.4592781  -0.12912087 -0.87885802] [ 0.4592781   0.87885802 -0.12912087] [-0.87885802 -0.12912087 -0.4592781 ] 0.30882343392697037 2.4190159832052864 2.450667140620463
[-0.00046763 -0.00848351  0.13777481] [-0.42332973 -0.21374191 -0.88040123] [-0.42332973  0.88040123 -0.21374191] [-0.88040123 -0.21374191  0.42332973] 0.28026781221025526 2.357140685463265 2.435426091361475
[-0.01164558  0.03162433  0.13592932] [-0.41936138  0.20212966 -0.88503086] [-0.41936138  0.88503086  0.20212966] [-0.88503086  0.20212966  0.41936138] 0.2507315244655542 2.448102885141068 2.396375977871683
[-0.01106884 -0.00848351  0.1381475 ] [ 0.44294007  0.13338106 -0.88657407] [0.44294007 0.88657407 0.13338106] [-0.88657407  0.13338106 -0.44294007] 0.26245558344403863 2.391892720851844 2.504815780142697
[-0.01164558  0.03162433  0.13592932] [ 0.36806397 -0.26511294 -0.8912037 ] [ 0.36806397  0.8912037  -0.26511294] [-0.8912037  -0.26511294 -0.36806397] 0.23801710034487222 2.518285209581586 2.3807036690068806
[-0.01140104  0.01178876  0.13662982] [-0.44745628 -0.05278092 -0.89274691] [-0.44745628  0.89274691 -0.05278092] [-0.89274691 -0.05278092  0.44745628] 0.1967355298551996 2.3931942045543115 2.551283877454625
[-0.01070694  0.04123523  0.13630878] [ 0.43738523 -0.02524753 -0.89891975] [ 0.43738523  0.89891975 -0.02524753] [-0.89891975 -0.02524753 -0.43738523] 0.9201379001188656 2.3855887353462406 2.3961697348930833
[-0.01106884  0.0021177   0.13761931] [-0.41375045  0.09807123 -0.90509259] [-0.41375045  0.90509259  0.09807123] [-0.90509259  0.09807123  0.41375045] 0.22225505547882868 2.401433260384535 2.5515244894468045
[-0.00075605  0.03214954  0.13590957] [ 0.36845067  0.20556173 -0.9066358 ] [0.36845067 0.9066358  0.20556173] [-0.9066358   0.20556173 -0.36845067] 0.28128051412876376 2.453136687677053 2.3848397647911286
[-0.01070694  0.04123523  0.13630878] [ 0.37804689 -0.16332746 -0.91126543] [ 0.37804689  0.91126543 -0.16332746] [-0.91126543 -0.16332746 -0.37804689] 0.3389672878382373 2.3895779370144736 2.3710130570472803
[-0.01106884 -0.00848351  0.1381475 ] [-0.38584361 -0.13380992 -0.91280864] [-0.38584361  0.91280864 -0.13380992] [-0.91280864 -0.13380992  0.38584361] 0.2828916453168865 2.402334547144677 2.4020274642664066
[-0.01106884 -0.00848351  0.1381475 ] [-0.37954059  0.00619853 -0.92515432] [-0.37954059  0.92515432  0.00619853] [-0.92515432  0.00619853  0.37954059] 0.23185284105251905 2.407116024566935 2.516788532563051
