[ 0.00230035 -0.010305    0.00173267] [0.38640066 0.30299536 0.87114198] [ 0.38640066 -0.87114198  0.30299536] [ 0.87114198  0.30299536 -0.38640066] 0.8863371958440118 2.4147848952547655 2.3624761409619426
[0.00230035 0.0273692  0.00066322] [-0.63823486 -0.05675335  0.76774691] [-0.63823486 -0.76774691 -0.05675335] [ 0.76774691 -0.05675335  0.63823486] 0.24636732879729503 2.3858869270888214 2.3925475032917953
[0.00230035 0.0273692  0.00066322] [-0.6333866  -0.19947     0.74768519] [-0.6333866  -0.74768519 -0.19947   ] [ 0.74768519 -0.19947     0.6333866 ] 0.23081586402855322 2.4142542861867433 2.426016141757561
[-0.0165367   0.00853208  0.00171232] [0.66527614 0.08698906 0.74151235] [ 0.66527614 -0.74151235  0.08698906] [ 0.74151235  0.08698906 -0.66527614] 0.30835929706040754 2.3975827066831457 2.3696317223353014
[-0.0165367   0.0273692   0.00084934] [0.65132868 0.23511689 0.72145062] [ 0.65132868 -0.72145062  0.23511689] [ 0.72145062  0.23511689 -0.65132868] 0.25611954375907 2.421519858537889 2.3828620335289985
[-0.04856253 -0.03158686  0.20270687] [-0.30944247  0.79049409  0.52854938] [-0.30944247 -0.52854938  0.79049409] [0.52854938 0.79049409 0.30944247] -0.0028580036414238524 2.403149886706585 2.9227873537253894
[-0.0012316  -0.04471099  0.18092275] [-0.55417964  0.69637062  0.45601852] [-0.55417964 -0.45601852  0.69637062] [0.45601852 0.69637062 0.55417964] 0.10030045128485653 2.3939181742867754 2.414269658535675
[-0.04856253 -0.03158686  0.20270687] [-0.28363885  0.85011965  0.44367284] [-0.28363885 -0.44367284  0.85011965] [0.44367284 0.85011965 0.28363885] -0.003671464445271206 2.440018378491202 2.8637396451794124
[-0.01099069 -0.04570321  0.21030136] [-0.46451159  0.7776777   0.42361111] [-0.46451159 -0.42361111  0.7776777 ] [0.42361111 0.7776777  0.46451159] 0.1824701914178378 2.407689438560926 2.627828119515817
[-0.0506447  -0.03504728  0.20970835] [-0.1706137   0.89540589  0.41126543] [-0.1706137  -0.41126543  0.89540589] [0.41126543 0.89540589 0.1706137 ] -0.028922065634703 2.363084430736974 2.85377033530179
[-0.0012316  -0.04471099  0.18092275] [-0.6269042   0.66643756  0.40354938] [-0.6269042  -0.40354938  0.66643756] [0.40354938 0.66643756 0.6269042 ] 0.08625976928811309 2.488196689826564 2.366895550040046
[-0.0506447  -0.03504728  0.20970835] [-0.36235564  0.84596575  0.3912037 ] [-0.36235564 -0.3912037   0.84596575] [0.3912037  0.84596575 0.36235564] -0.016035937552309358 2.4134334576536496 2.779010597909577
[-0.01065015 -0.0443335   0.170327  ] [-0.54036296  0.75515661  0.37114198] [-0.54036296 -0.37114198  0.75515661] [0.37114198 0.75515661 0.54036296] -0.0014412424270297019 2.450539838748962 2.5705994145985525
[-0.02152483  0.08172414  0.21033678] [-0.42303059 -0.83138472  0.36033951] [-0.42303059 -0.36033951 -0.83138472] [ 0.36033951 -0.83138472  0.42303059] 0.17094861679549705 2.4074549260224902 2.7006884785301937
[-0.04095829 -0.03615149  0.21006811] [-0.24982188  0.89936325  0.3587963 ] [-0.24982188 -0.3587963   0.89936325] [0.3587963  0.89936325 0.24982188] -0.003238184080070073 2.451095301592846 3.0708637987348664
[0.01588493 0.07962362 0.19976   ] [-0.23653683 -0.91008866  0.34027778] [-0.23653683 -0.34027778 -0.91008866] [ 0.34027778 -0.91008866  0.23653683] -0.005560388616005514 2.37301791961717 2.6271901040018393
[-0.01099069 -0.04570321  0.21030136] [-0.440602    0.83134155  0.33873457] [-0.440602   -0.33873457  0.83134155] [0.33873457 0.83134155 0.440602  ] 0.1720109816838017 2.5382824228800276 2.687363044859991
[-0.04095829 -0.03615149  0.21006811] [-0.12928002  0.93635302  0.32638889] [-0.12928002 -0.32638889  0.93635302] [0.32638889 0.93635302 0.12928002] -0.014159129764034066 2.3634717270811674 2.9406727645849773
[-0.01044684 -0.0455046   0.1905254 ] [-0.61334894  0.72266915  0.31867284] [-0.61334894 -0.31867284  0.72266915] [0.31867284 0.72266915 0.61334894] 0.08924586464782648 2.736145013639063 2.502570511376767
[0.0216474  0.07741449 0.19976   ] [-0.35998307 -0.88069747  0.30787037] [-0.35998307 -0.30787037 -0.88069747] [ 0.30787037 -0.88069747  0.35998307] 0.05273980912789249 2.5025349061396165 2.48543549850823
[-0.01159742 -0.04592226  0.22127968] [-0.32963472  0.89303114  0.30632716] [-0.32963472 -0.30632716  0.89303114] [0.30632716 0.89303114 0.32963472] 0.09144680148146178 2.422829075507722 2.765086985181363
[-0.01065015 -0.0443335   0.170327  ] [-0.51705614  0.80666291  0.28626543] [-0.51705614 -0.28626543  0.80666291] [0.28626543 0.80666291 0.51705614] -0.0012760322981448565 2.406190993856755 2.6243912094554798
[-0.04095829 -0.03615149  0.21006811] [-0.20975091  0.93860137  0.27391975] [-0.20975091 -0.27391975  0.93860137] [0.27391975 0.93860137 0.20975091] -0.00749899675641371 2.4796076909964686 2.980992368398242
[-0.00048791 -0.04393429  0.17013079] [-0.68228403  0.68089947  0.2662037 ] [-0.68228403 -0.2662037   0.68089947] [0.2662037  0.68089947 0.68228403] 0.06742161372372901 2.6053170640575556 2.3976830468884796
[0.0216474  0.07741449 0.19976   ] [-0.29067104 -0.92210658  0.25540123] [-0.29067104 -0.25540123 -0.92210658] [ 0.25540123 -0.92210658  0.29067104] -0.007851210271806299 2.4497720714655333 2.555373582531333
[-0.01159742 -0.04592226  0.22127968] [-0.40871397  0.87664645  0.25385802] [-0.40871397 -0.25385802  0.87664645] [0.25385802 0.87664645 0.40871397] 0.12996863948459028 2.5673554482545216 2.7106329866470946
[ 0.0140735 -0.041457   0.1832775] [-0.59047739  0.77244789  0.2337963 ] [-0.59047739 -0.2337963   0.77244789] [0.2337963  0.77244789 0.59047739] 0.15821308393279693 2.367665986557328 2.437143963688148
[0.01619938 0.07966275 0.19006954] [-0.41442989 -0.88233872  0.22299383] [-0.41442989 -0.22299383 -0.88233872] [ 0.22299383 -0.88233872  0.41442989] 0.006827060192081063 2.5831807958043935 2.637751330204267
[-0.04095829 -0.03615149  0.21006811] [-0.29052833  0.93088824  0.22145062] [-0.29052833 -0.22145062  0.93088824] [0.22145062 0.93088824 0.29052833] 0.004577981308320046 2.5753932500530445 2.835335417257848
[-0.0012316   0.08301447  0.170327  ] [-0.69390551 -0.68856553  0.21064815] [-0.69390551 -0.21064815 -0.68856553] [ 0.21064815 -0.68856553  0.69390551] 0.12452116008172061 2.4596280292707213 2.4008813380846354
[0.02263535 0.07753288 0.20907382] [-0.21627422 -0.95500996  0.2029321 ] [-0.21627422 -0.2029321  -0.95500996] [ 0.2029321  -0.95500996  0.21627422] 0.02325999189297541 2.3868489941602036 2.652102716113027
[-0.01099069 -0.04570321  0.21030136] [-0.48578406  0.85056238  0.20138889] [-0.48578406 -0.20138889  0.85056238] [0.20138889 0.85056238 0.48578406] 0.17855247301445556 2.596095604768023 2.6267740655061327
[0.02184513 0.07736495 0.19057673] [-0.53209924 -0.82495285  0.19058642] [-0.53209924 -0.19058642 -0.82495285] [ 0.19058642 -0.82495285  0.53209924] 0.013068744750922514 2.7163894856932593 2.4703791620609348
[-0.04188583 -0.03626617  0.22155708] [-0.16494434  0.96801654  0.18904321] [-0.16494434 -0.18904321  0.96801654] [0.18904321 0.96801654 0.16494434] 0.012249517981944492 2.407132638415498 2.7536399454444442
[ 0.0140735 -0.041457   0.1832775] [-0.65970972  0.72931718  0.18132716] [-0.65970972 -0.18132716  0.72931718] [0.18132716 0.72931718 0.65970972] 0.1513163170764785 2.4590388129514373 2.3848660908529338
[0.02965246 0.07385177 0.19959004] [-0.34384021 -0.92341499  0.17052469] [-0.34384021 -0.17052469 -0.92341499] [ 0.17052469 -0.92341499  0.34384021] 0.03252204179968666 2.522302133364361 2.499016335054143
[-0.04095829 -0.03615149  0.21006811] [-0.37032066  0.91340455  0.16898148] [-0.37032066 -0.16898148  0.91340455] [0.16898148 0.91340455 0.37032066] 0.0651430149263192 2.584940520509133 2.6992280352249276
[-0.0012316   0.08301447  0.170327  ] [-0.64107899 -0.75099742  0.15817901] [-0.64107899 -0.15817901 -0.75099742] [ 0.15817901 -0.75099742  0.64107899] 0.11858470393469761 2.4384501358429924 2.483385060513769
[-0.03309659 -0.03953035  0.22087895] [-0.03458838  0.98705059  0.1566358 ] [-0.03458838 -0.1566358   0.98705059] [0.1566358  0.98705059 0.03458838] -0.028915433618196068 2.3919985060527136 2.845400481884225
[0.01588493 0.07962362 0.19976   ] [-0.13800065 -0.97893652  0.15046296] [-0.13800065 -0.15046296 -0.97893652] [ 0.15046296 -0.97893652  0.13800065] -0.008701197268942756 2.475299565960246 2.852280059538966
[ 0.0140735 -0.041457   0.1832775] [-0.55963697  0.81524804  0.14891975] [-0.55963697 -0.14891975  0.81524804] [0.14891975 0.81524804 0.55963697] 0.13348134959184912 2.399335519288326 2.5194421003986864
[0.02965246 0.07385177 0.19959004] [-0.46628754 -0.87378461  0.13811728] [-0.46628754 -0.13811728 -0.87378461] [ 0.13811728 -0.87378461  0.46628754] 0.06241605804016421 2.6584301738829237 2.457386537699043
[-0.04095829 -0.03615149  0.21006811] [-0.24646034  0.95948154  0.13657407] [-0.24646034 -0.13657407  0.95948154] [0.13657407 0.95948154 0.24646034] 0.005119510253590513 2.5892078647779373 2.801854752216943
[-0.0012316  -0.04471099  0.18092275] [-0.72368687  0.67799183  0.12885802] [-0.72368687 -0.12885802  0.67799183] [0.12885802 0.67799183 0.72368687] 0.0658737965455327 2.8951139194908233 2.3585240372395617
[0.02965246 0.07385177 0.19959004] [-0.26849381 -0.95601985  0.11805556] [-0.26849381 -0.11805556 -0.95601985] [ 0.11805556 -0.95601985  0.26849381] 0.028220029233146288 2.4523131271764145 2.5875636421319372
[ 0.00814093 -0.04317804  0.19034125] [-0.44788534  0.88646692  0.11651235] [-0.44788534 -0.11651235  0.88646692] [0.11651235 0.88646692 0.44788534] 0.1019280377512519 2.3782984134269083 2.6593148298856417
[0.0381979  0.07022453 0.20044245] [-0.5809658  -0.80703418  0.10570988] [-0.5809658  -0.10570988 -0.80703418] [ 0.10570988 -0.80703418  0.5809658 ] 0.16574073417548899 2.478661463532216 2.3645416202461482
[-0.03309659 -0.03953035  0.22087895] [-0.11677677  0.98768036  0.10416667] [-0.11677677 -0.10416667  0.98768036] [0.10416667 0.98768036 0.11677677] 0.012305205430153298 2.4071334084907274 2.7352394354510317
[0.01588493 0.07962362 0.19976   ] [-0.0570804  -0.99354871  0.09799383] [-0.0570804  -0.09799383 -0.99354871] [ 0.09799383 -0.99354871  0.0570804 ] -0.06543885858621794 2.381818011289793 2.7966697437383936
[ 0.0140735 -0.041457   0.1832775] [-0.62913849  0.77128597  0.09645062] [-0.62913849 -0.09645062  0.77128597] [0.09645062 0.77128597 0.62913849] 0.10810210240412275 2.494167614176406 2.4162596491111423
[0.0381979  0.07022453 0.20044245] [-0.39489364 -0.91472587  0.08564815] [-0.39489364 -0.08564815 -0.91472587] [ 0.08564815 -0.91472587  0.39489364] 0.11660641421663474 2.588661372527393 2.5225352916802497
[-0.04095829 -0.03615149  0.21006811] [-0.32674927  0.94136139  0.08410494] [-0.32674927 -0.08410494  0.94136139] [0.08410494 0.94136139 0.32674927] 0.028317023273148924 2.4713692984313838 2.7114408563926085
[-0.0012316   0.08301447  0.170327  ] [-0.68539477 -0.72447274  0.07330247] [-0.68539477 -0.07330247 -0.72447274] [ 0.07330247 -0.72447274  0.68539477] 0.09519253515624095 2.5319125369128193 2.419031510260157
[-0.03309659 -0.03953035  0.22087895] [0.01601627 0.99729338 0.07175926] [ 0.01601627 -0.07175926  0.99729338] [ 0.07175926  0.99729338 -0.01601627] -0.0035982411852268303 2.3766140734220844 2.8110493442259386
[0.03874053 0.07226735 0.20966374] [-0.18956266 -0.97967567  0.06558642] [-0.18956266 -0.06558642 -0.97967567] [ 0.06558642 -0.97967567  0.18956266] 0.19624775168282071 2.3760689369367523 2.521943427207698
[ 0.0140735 -0.041457   0.1832775] [-0.52203623  0.85051552  0.06404321] [-0.52203623 -0.06404321  0.85051552] [0.06404321 0.85051552 0.52203623] 0.11851485901971041 2.469516028155191 2.549063138348135
[0.0420401  0.06751966 0.198324  ] [-0.51450545 -0.85583267  0.05324074] [-0.51450545 -0.05324074 -0.85583267] [ 0.05324074 -0.85583267  0.51450545] 0.8896189760962295 2.412949965321297 2.3849894875331104
[-0.04135464 -0.03409424  0.19971103] [-0.19874249  0.97868728  0.05169753] [-0.19874249 -0.05169753  0.97868728] [0.05169753 0.97868728 0.19874249] -0.014716099809232311 2.3882887272644044 2.712315303470391
[ 0.0140735 -0.041457   0.1832775] [-0.69323539  0.71936801  0.04398148] [-0.69323539 -0.04398148  0.71936801] [0.04398148 0.71936801 0.69323539] 0.08640799958045718 2.685064981133943 2.3623267160594033
[0.0381979  0.07022453 0.20044245] [-0.31901808 -0.94716768  0.03317901] [-0.31901808 -0.03317901 -0.94716768] [ 0.03317901 -0.94716768  0.31901808] 0.1952264022631778 2.5113366141712743 2.44265563798506
[-0.00356332  0.00639304  0.23001165] [-0.40458883  0.91395134  0.0316358 ] [-0.40458883 -0.0316358   0.91395134] [0.0316358  0.91395134 0.40458883] 0.0647586452916197 2.411202999518583 2.7035907493292757
[0.0086989  0.08200214 0.18092275] [-0.62478401 -0.78051964  0.02083333] [-0.62478401 -0.02083333 -0.78051964] [ 0.02083333 -0.78051964  0.62478401] 0.12265890973345964 2.4936278424876828 2.5066608216817934
[-0.0283099  -0.04176853  0.2209515 ] [-0.06653922  0.99759733  0.01929012] [-0.06653922 -0.01929012  0.99759733] [0.01929012 0.99759733 0.06653922] -0.04699362691334844 2.471387993032889 2.7174115970675023
[0.02184513 0.07736495 0.19057673] [-0.10825221 -0.99403692  0.01311728] [-0.10825221 -0.01311728 -0.99403692] [ 0.01311728 -0.99403692  0.10825221] -0.0363554123104563 2.4003360851304443 2.8632791059770057
[ 0.0140735 -0.041457   0.1832775] [-0.59165175  0.80611057  0.01157407] [-0.59165175 -0.01157407  0.80611057] [0.01157407 0.80611057 0.59165175] 0.11587093695217615 2.5594560951953533 2.498364464236877
[0.02965246 0.07385177 0.19959004] [-4.42714631e-01 -8.96662233e-01  7.71604938e-04] [-4.42714631e-01 -7.71604938e-04 -8.96662233e-01] [ 7.71604938e-04 -8.96662233e-01  4.42714631e-01] 0.06433712915620793 2.6458793260387585 2.5775168785110125
[-0.04095829 -0.03615149  0.21006811] [-2.79242645e-01  9.60220261e-01 -7.71604938e-04] [-2.79242645e-01  7.71604938e-04  9.60220261e-01] [-7.71604938e-04  9.60220261e-01  2.79242645e-01] 0.01065366161925734 2.413446900269525 2.666451336807279
[0.0086989  0.08200214 0.18092275] [-0.72339282 -0.69033967 -0.01157407] [-0.72339282  0.01157407 -0.69033967] [-0.01157407 -0.69033967  0.72339282] 0.14365252622600846 2.6235915784509163 2.362486916927253
[0.03874053 0.07226735 0.20966374] [-0.23981329 -0.97062736 -0.01929012] [-0.23981329  0.01929012 -0.97062736] [-0.01929012 -0.97062736  0.23981329] 0.23759484997426306 2.429284173342898 2.4253040060465847
[-0.00356332  0.00639304  0.23001165] [-0.47880367  0.87767478 -0.02083333] [-0.47880367  0.02083333  0.87767478] [-0.02083333  0.87767478  0.47880367] 0.07510084653604462 2.508623158294879 2.64417994458868
[0.02965246 0.07385177 0.19959004] [-0.55804884 -0.82920484 -0.0316358 ] [-0.55804884  0.0316358  -0.82920484] [-0.0316358  -0.82920484  0.55804884] 0.05849482548238574 2.736239854973754 2.4914215561757205
[-0.03309659 -0.03953035  0.22087895] [-0.14862453  0.98833694 -0.03317901] [-0.14862453  0.03317901  0.98833694] [-0.03317901  0.98833694  0.14862453] 0.016357770496801077 2.4906458036564736 2.6223017005201084
[ 0.0140735 -0.041457   0.1832775] [-0.65568323  0.75392778 -0.04089506] [-0.65568323  0.04089506  0.75392778] [-0.04089506  0.75392778  0.65568323] 0.09493346535630713 2.646867234389129 2.438822835183237
[0.02965246 0.07385177 0.19959004] [-0.36667919 -0.92890997 -0.05169753] [-0.36667919  0.05169753 -0.92890997] [-0.05169753 -0.92890997  0.36667919] 0.06010903953540237 2.561250138679556 2.6737229098734945
[-0.00356332  0.00639304  0.23001165] [-0.35706285  0.93256182 -0.05324074] [-0.35706285  0.05324074  0.93256182] [-0.05324074  0.93256182  0.35706285] 0.05201386530489762 2.417286047001685 2.7815699402142506
[0.0086989  0.08200214 0.18092275] [-0.6626064  -0.74622465 -0.06404321] [-0.6626064   0.06404321 -0.74622465] [-0.06404321 -0.74622465  0.6626064 ] 0.08806439796430397 2.5793933929738455 2.4560423982600987
[-0.0283099  -0.04176853  0.2209515 ] [-0.01548062  0.9977268  -0.06558642] [-0.01548062  0.06558642  0.9977268 ] [-0.06558642  0.9977268   0.01548062] -0.03389000268825888 2.3723933051037345 2.679989299474272
[-0.0289496   0.01059454  0.2363055 ] [ 0.6852992  -0.7251611  -0.06712963] [ 0.6852992   0.06712963 -0.7251611 ] [-0.06712963 -0.7251611  -0.6852992 ] 0.04804191139227788 2.4627485334659327 2.6685962271537367
[0.02184513 0.07736495 0.19057673] [-0.15847452 -0.98475197 -0.07175926] [-0.15847452  0.07175926 -0.98475197] [-0.07175926 -0.98475197  0.15847452] -0.05474188670996007 2.4085074796182155 2.8171276193194594
[ 0.0140735 -0.041457   0.1832775] [-0.54827452  0.83307971 -0.07330247] [-0.54827452  0.07330247  0.83307971] [-0.07330247  0.83307971  0.54827452] 0.11175812888222242 2.514421511140919 2.575908847386167
[0.02965246 0.07385177 0.19959004] [-0.48619557 -0.86979321 -0.08410494] [-0.48619557  0.08410494 -0.86979321] [-0.08410494 -0.86979321  0.48619557] 0.05330817541060666 2.63914926008398 2.5752419182784854
[-0.04188583 -0.03626617  0.22155708] [-0.22900117  0.96965089 -0.08564815] [-0.22900117  0.08564815  0.96965089] [-0.08564815  0.96965089  0.22900117] 0.06760043696485525 2.3752129594257534 2.664944757136468
[ 0.0140735 -0.041457   0.1832775] [-0.7131631   0.69475285 -0.0933642 ] [-0.7131631   0.0933642   0.69475285] [-0.0933642   0.69475285  0.7131631 ] 0.08574716250981303 2.729615215866956 2.3779870030831254
[-0.0289496   0.01059454  0.2363055 ] [ 0.5808987  -0.80786699 -0.09953704] [ 0.5808987   0.09953704 -0.80786699] [-0.09953704 -0.80786699 -0.5808987 ] 0.05687248458309326 2.5970643948437044 2.5704966019860085
[0.0297463  0.07365204 0.1904547 ] [-0.28754546 -0.95208556 -0.10416667] [-0.28754546  0.10416667 -0.95208556] [-0.10416667 -0.95208556  0.28754546] -0.040229957265506204 2.3892283403216887 2.74321996987494
[-0.00356332  0.00639304  0.23001165] [-0.43102689  0.89612568 -0.10570988] [-0.43102689  0.10570988  0.89612568] [-0.10570988  0.89612568  0.43102689] 0.06673504995119846 2.5150246562588885 2.710731990656701
[-0.01085791  0.0844882   0.22065824] [-0.59587739 -0.79457851 -0.11651235] [-0.59587739  0.11651235 -0.79457851] [-0.11651235 -0.79457851  0.59587739] 0.7048840523720363 2.5047975874686403 2.526003663736577
[-0.0283099  -0.04176853  0.2209515 ] [-0.09733077  0.98822548 -0.11805556] [-0.09733077  0.11805556  0.98822548] [-0.11805556  0.98822548  0.09733077] -0.041887905769656036 2.4648873757335803 2.590520606656515
[-0.0289496   0.01059454  0.2363055 ] [ 0.7391679  -0.66281743 -0.11959877] [ 0.7391679   0.11959877 -0.66281743] [-0.11959877 -0.66281743 -0.7391679 ] 0.022704232085558867 2.424908099281448 2.6490052297622277
[ 0.0140735 -0.041457   0.1832775] [-0.61194707  0.78083436 -0.1257716 ] [-0.61194707  0.1257716   0.78083436] [-0.1257716   0.78083436  0.61194707] 0.11956065042296388 2.5946967977533357 2.5145948575526504
[-0.01036311  0.08370796  0.21056059] [-0.4103075  -0.90166251 -0.13657407] [-0.4103075   0.13657407 -0.90166251] [-0.13657407 -0.90166251  0.4103075 ] 0.147745913257552 2.3590470890011037 2.726358124803693
[-0.04095829 -0.03615149  0.21006811] [-0.30645009  0.94181312 -0.13811728] [-0.30645009  0.13811728  0.94181312] [-0.13811728  0.94181312  0.30645009] 0.09565469287835777 2.4518362454126104 2.62749040469023
[0.0086989  0.08200214 0.18092275] [-0.69346695 -0.70493014 -0.14891975] [-0.69346695  0.14891975 -0.70493014] [-0.14891975 -0.70493014  0.69346695] 0.13160147597643293 2.660347307322118 2.4321277068264933
[-0.0289496   0.01059454  0.2363055 ] [ 0.64129935 -0.75208328 -0.15200617] [ 0.64129935  0.15200617 -0.75208328] [-0.15200617 -0.75208328 -0.64129935] 0.06048558231449765 2.542134929795331 2.569437321975791
[ 0.0140735 -0.041457   0.1832775] [-0.50000606  0.85145366 -0.15817901] [-0.50000606  0.15817901  0.85145366] [-0.15817901  0.85145366  0.50000606] 0.04329336815182441 2.4598906117735977 2.6409575834519186
[-0.01085791  0.0844882   0.22065824] [-0.52421223 -0.8346537  -0.16898148] [-0.52421223  0.16898148 -0.8346537 ] [-0.16898148 -0.8346537   0.52421223] 0.5898004668749632 2.4412681092850357 2.607113913373867
[-0.03114892 -0.03923891  0.19961804] [-0.17721488  0.96928645 -0.17052469] [-0.17721488  0.17052469  0.96928645] [-0.17052469  0.96928645  0.17721488] -0.04314814783961421 2.4802898928567942 2.6601917280450036
[-0.0289496   0.01059454  0.2363055 ] [ 0.78520246 -0.5948527  -0.1720679 ] [ 0.78520246  0.1720679  -0.5948527 ] [-0.1720679  -0.5948527  -0.78520246] 0.024770672397528313 2.3788792295026164 2.6119283096537966
[ 0.0140735 -0.041457   0.1832775] [-0.66884038  0.72172209 -0.17824074] [-0.66884038  0.17824074  0.72172209] [-0.17824074  0.72172209  0.66884038] 0.1006533294584 2.667810063857429 2.4491853976938467
[-0.0289496   0.01059454  0.2363055 ] [ 0.53228877 -0.82623259 -0.18441358] [ 0.53228877  0.18441358 -0.82623259] [-0.18441358 -0.82623259 -0.53228877] 0.047009991597060895 2.677325427825518 2.471493175226586
[-0.00356332  0.00639304  0.23001165] [-0.37978127  0.90523091 -0.19058642] [-0.37978127  0.19058642  0.90523091] [-0.19058642  0.90523091  0.37978127] 0.053718881566718925 2.5091748603372044 2.7869774900016155
[0.0086989  0.08200214 0.18092275] [-0.62692003 -0.75260467 -0.20138889] [-0.62692003  0.20138889 -0.75260467] [-0.20138889 -0.75260467  0.62692003] 0.0844222892203381 2.598235280882509 2.5148942314422094
[-0.0289496   0.01059454  0.2363055 ] [ 0.69446025 -0.68986579 -0.20447531] [ 0.69446025  0.20447531 -0.68986579] [-0.20447531 -0.68986579 -0.69446025] 0.027528193550384255 2.731761661285401 2.551981993449339
[ 0.0140735 -0.041457   0.1832775] [-0.56292797  0.79921177 -0.21064815] [-0.56292797  0.21064815  0.79921177] [-0.21064815  0.79921177  0.56292797] 0.12237181265635637 2.532650480078141 2.5843360326735976
[-0.0012316   0.08496404  0.2209515 ] [-0.44870191 -0.86580957 -0.22145062] [-0.44870191  0.22145062 -0.86580957] [-0.22145062 -0.86580957  0.44870191] 0.49449249829878994 2.4033613644229312 2.68076809151469
[-0.03153581 -0.03933383  0.21022455] [-0.25389553  0.94117523 -0.22299383] [-0.25389553  0.22299383  0.94117523] [-0.22299383  0.94117523  0.25389553] 0.05092229871218407 2.3871554817691543 2.7815178177577335
[-0.0289496   0.01059454  0.2363055 ] [ 0.82267028 -0.52229946 -0.22453704] [ 0.82267028  0.22453704 -0.52229946] [-0.22453704 -0.52229946 -0.82267028] 0.03870554760160516 2.446092629071624 2.5603374318576555
[ 0.0140735 -0.041457   0.1832775] [-0.71805453  0.65663586 -0.23070988] [-0.71805453  0.23070988  0.65663586] [-0.23070988  0.65663586  0.71805453] 0.0857756490448071 2.729493686138292 2.3797651516473732
[0.02184513 0.07736495 0.19057673] [-0.71635507 -0.65739996 -0.2337963 ] [-0.71635507  0.2337963  -0.65739996] [-0.2337963  -0.65739996  0.71635507] 0.2980794150681515 2.386719184968535 2.401740077864941
[-0.0289496   0.01059454  0.2363055 ] [ 0.5917997  -0.77049315 -0.23688272] [ 0.5917997   0.23688272 -0.77049315] [-0.23688272 -0.77049315 -0.5917997 ] 0.054630513932148246 2.6146860930948463 2.4694973287882975
[ 0.0140735 -0.041457   0.1832775] [-0.44784266  0.8604423  -0.24305556] [-0.44784266  0.24305556  0.8604423 ] [-0.24305556  0.8604423   0.44784266] 0.03700066099772702 2.398491514336215 2.7040558899523006
[-0.01085791  0.0844882   0.22065824] [-0.55559272 -0.79175302 -0.25385802] [-0.55559272  0.25385802 -0.79175302] [-0.25385802 -0.79175302  0.55559272] 0.6740265914354907 2.4166805444455512 2.54691935724938
[-0.02153832 -0.04351881  0.21046568] [-0.12509213  0.95870859 -0.25540123] [-0.12509213  0.25540123  0.95870859] [-0.25540123  0.95870859  0.12509213] -0.049275988530267587 2.5661784064146147 2.7426491619141844
[-0.0289496   0.01059454  0.2363055 ] [ 0.73952444 -0.62216008 -0.25694444] [ 0.73952444  0.25694444 -0.62216008] [-0.25694444 -0.62216008 -0.73952444] 0.039707212119781184 2.548569819036535 2.519059291696406
[-0.01666632 -0.00898171  0.2336752 ] [-0.61878444  0.74018586 -0.26311728] [-0.61878444  0.26311728  0.74018586] [-0.26311728  0.74018586  0.61878444] 0.12447687121012804 2.6470646397156523 2.467774763283014
[-0.03457307  0.00841615  0.234135  ] [ 0.4795495  -0.8351737  -0.26929012] [ 0.4795495   0.26929012 -0.8351737 ] [-0.26929012 -0.8351737  -0.4795495 ] 0.04151830724591439 2.938351812191445 2.3717934971121677
[-0.00867417  0.0010582   0.23119222] [-0.32615381  0.9042919  -0.27546296] [-0.32615381  0.27546296  0.9042919 ] [-0.27546296  0.9042919   0.32615381] 0.09418649961209773 2.539350820126252 2.650242125849882
[0.01619938 0.07966275 0.19006954] [-0.6500411  -0.70391667 -0.28626543] [-0.6500411   0.28626543 -0.70391667] [-0.28626543 -0.70391667  0.6500411 ] 0.1034902644008279 2.6617135585355505 2.4851296108333316
[-0.0289496   0.01059454  0.2363055 ] [ 0.64376728 -0.7084061  -0.28935185] [ 0.64376728  0.28935185 -0.7084061 ] [-0.28935185 -0.7084061  -0.64376728] 0.021056265394905207 2.8204880849114926 2.4529061256694606
[-0.00356332  0.00639304  0.23001165] [-0.50952795  0.80811288 -0.29552469] [-0.50952795  0.29552469  0.80811288] [-0.29552469  0.80811288  0.50952795] 0.02572165903839563 2.746516232293661 2.647237862317425
[-0.00107042  0.08394575  0.21018168] [-0.48059251 -0.8217022  -0.30632716] [-0.48059251  0.30632716 -0.8217022 ] [-0.30632716 -0.8217022   0.48059251] 0.2063261312675761 2.395149637957667 2.625866747354495
[-0.02153832 -0.04351881  0.21046568] [-0.20057292  0.93004642 -0.30787037] [-0.20057292  0.30787037  0.93004642] [-0.30787037  0.93004642  0.20057292] -0.016362671851913643 2.5919711770061618 2.7421335339871544
[-0.02101348  0.01404866  0.23917622] [ 0.77572507 -0.55001259 -0.30941358] [ 0.77572507  0.30941358 -0.55001259] [-0.30941358 -0.55001259 -0.77572507] -0.02506151583630243 2.5456293089457676 2.5886646287761907
[ 0.0140735 -0.041457   0.1832775] [-0.66663801  0.67527696 -0.31558642] [-0.66663801  0.31558642  0.67527696] [-0.31558642  0.67527696  0.66663801] 0.14840453282601815 2.37155544891972 2.4381927404197277
[0.02184513 0.07736495 0.19057673] [-0.73017762 -0.60439082 -0.31867284] [-0.73017762  0.31867284 -0.60439082] [-0.31867284 -0.60439082  0.73017762] 0.25336071857348264 2.481691891411723 2.3827691521467327
[-0.0289496   0.01059454  0.2363055 ] [ 0.53764791 -0.77936237 -0.32175926] [ 0.53764791  0.32175926 -0.77936237] [-0.32175926 -0.77936237 -0.53764791] 0.047155918764092225 2.676086339998498 2.36838510420514
[-0.00356332  0.00639304  0.23001165] [-0.39279673  0.85916894 -0.3279321 ] [-0.39279673  0.3279321   0.85916894] [-0.3279321   0.85916894  0.39279673] 0.023787260720525193 2.6266728771812202 2.7734381182558674
[0.04903994 0.05428562 0.22978767] [-0.88920483 -0.31581879 -0.33101852] [-0.88920483  0.33101852 -0.31581879] [-0.33101852 -0.31581879  0.88920483] 0.6641484574575266 2.5537427988830834 2.374416427648589
[-0.00213891  0.06047606  0.224368  ] [ 0.44208501  0.83304474 -0.33256173] [0.44208501 0.33256173 0.83304474] [-0.33256173  0.83304474 -0.44208501] 0.18030068899178303 2.6423740660671755 2.401790959635206
[0.01619938 0.07966275 0.19006954] [-0.57907472 -0.74157357 -0.33873457] [-0.57907472  0.33873457 -0.74157357] [-0.33873457 -0.74157357  0.57907472] 0.12350429611509668 2.585947368210135 2.5728739424914275
[-0.00926841  0.06009483  0.22466857] [-0.07389031  0.93741733 -0.34027778] [-0.07389031  0.34027778  0.93741733] [-0.34027778  0.93741733  0.07389031] 0.03341795642995187 2.9803014778179318 2.3825910712513845
[-0.0289496   0.01059454  0.2363055 ] [ 0.68729126 -0.64092834 -0.34182099] [ 0.68729126  0.34182099 -0.64092834] [-0.34182099 -0.64092834 -0.68729126] 0.057357094549803526 2.5270588016136557 2.4222683969927137
[-0.01666632 -0.00898171  0.2336752 ] [-0.56378276  0.74903224 -0.34799383] [-0.56378276  0.34799383  0.74903224] [-0.34799383  0.74903224  0.56378276] 0.13024357930401806 2.6279523959041686 2.50135672266791
[-0.00213891  0.06047606  0.224368  ] [ 0.25094087  0.90149064 -0.35262346] [0.25094087 0.35262346 0.90149064] [-0.35262346  0.90149064 -0.25094087] 0.09499767258964054 2.8022569146771334 2.852613974052887
[0.00846772 0.08264197 0.21050685] [-0.40311362 -0.8418816  -0.3587963 ] [-0.40311362  0.3587963  -0.8418816 ] [-0.3587963  -0.8418816   0.40311362] 0.16940178229047534 2.3838973758044073 2.6959350892648986
[-0.00867417  0.0010582   0.23119222] [-0.27126648  0.89250767 -0.36033951] [-0.27126648  0.36033951  0.89250767] [-0.36033951  0.89250767  0.27126648] 0.057925815836860364 2.7836057831084773 2.685115886514497
[0.00816791 0.06370647 0.22957522] [ 0.54219648  0.75684906 -0.36496914] [0.54219648 0.36496914 0.75684906] [-0.36496914  0.75684906 -0.54219648] 0.7245713259220978 2.512972847567335 2.4695735942621817
[ 0.0140735 -0.041457   0.1832775] [-0.70562651  0.60549676 -0.36805556] [-0.70562651  0.36805556  0.60549676] [-0.36805556  0.60549676  0.70562651] 0.10610648739580249 2.6013965352505286 2.4060737199445876
[0.00833966 0.08167542 0.22951885] [-0.66399039 -0.64913049 -0.37114198] [-0.66399039  0.37114198 -0.64913049] [-0.37114198 -0.64913049  0.66399039] 0.7115546399271068 2.5215612651343373 2.430813028048966
[-0.00926841  0.06009483  0.22466857] [ 0.05109046  0.92655033 -0.37268519] [0.05109046 0.37268519 0.92655033] [-0.37268519  0.92655033 -0.05109046] 0.07162017961635415 2.8520255830389645 2.7283198356329965
[-0.00356332  0.00639304  0.23001165] [-0.45266262  0.80646851 -0.38040123] [-0.45266262  0.38040123  0.80646851] [-0.38040123  0.80646851  0.45266262] 0.026934562196044832 2.7077323402276714 2.7255954414823576
[-0.00094851  0.05448617  0.22159359] [ 0.3638404   0.84815765 -0.38503086] [0.3638404  0.38503086 0.84815765] [-0.38503086  0.84815765 -0.3638404 ] 0.49106211405507294 2.6835282317636935 2.3753862861176307
[0.00853107 0.08175384 0.19986132] [-0.50458699 -0.76964383 -0.3912037 ] [-0.50458699  0.3912037  -0.76964383] [-0.3912037  -0.76964383  0.50458699] 0.14957217463709202 2.387023925202641 2.6226447773781225
[-0.0201002   0.05303061  0.22323459] [-0.14771458  0.90770604 -0.39274691] [-0.14771458  0.39274691  0.90770604] [-0.39274691  0.90770604  0.14771458] 0.16298959423617743 2.56281037793336 2.381325840614364
[-0.0289496   0.01059454  0.2363055 ] [ 0.7215481  -0.56912533 -0.39429012] [ 0.7215481   0.39429012 -0.56912533] [-0.39429012 -0.56912533 -0.7215481 ] 0.09360268589934849 2.3613109356481528 2.3788558278657383
[0.00816791 0.06370647 0.22957522] [ 0.62911597  0.66806061 -0.39737654] [0.62911597 0.39737654 0.66806061] [-0.39737654  0.66806061 -0.62911597] 0.6212870729427796 2.3980028237007103 2.5840751112086
[-0.01666632 -0.00898171  0.2336752 ] [-0.60960844  0.68411035 -0.40046296] [-0.60960844  0.40046296  0.68411035] [-0.40046296  0.68411035  0.60960844] 0.10538040889878286 2.713197922555471 2.4134012785192667
[0.01619938 0.07966275 0.19006954] [-0.73369975 -0.54665581 -0.40354938] [-0.73369975  0.40354938 -0.54665581] [-0.40354938 -0.54665581  0.73369975] 0.1115018843276307 2.8225125868679672 2.3571471385627563
[-0.00213891  0.06047606  0.224368  ] [ 0.17161861  0.89802397 -0.40509259] [0.17161861 0.40509259 0.89802397] [-0.40509259  0.89802397 -0.17161861] 0.15826668386512788 2.7240338455478637 2.693515129730513
[-0.01666632 -0.00898171  0.2336752 ] [-0.33591526  0.84661087 -0.41280864] [-0.33591526  0.41280864  0.84661087] [-0.41280864  0.84661087  0.33591526] 0.20700507769320367 2.3982383865045627 2.5016003776456275
[-0.06102304 -0.02554796  0.2210505 ] [ 0.8189401  -0.39705119 -0.41435185] [ 0.8189401   0.41435185 -0.39705119] [-0.41435185 -0.39705119 -0.8189401 ] 0.2524577413760781 2.4588935330874646 2.4997226709244735
[0.00816791 0.06370647 0.22957522] [ 0.46640287  0.77988054 -0.41743827] [0.46640287 0.41743827 0.77988054] [-0.41743827  0.77988054 -0.46640287] 0.6548208558060964 2.560243239033544 2.386220539874918
[ 0.0329106 -0.0311836  0.177391 ] [-0.7349651   0.53196361 -0.42052469] [-0.7349651   0.42052469  0.53196361] [-0.42052469  0.53196361  0.7349651 ] 0.07790261670979089 2.6914367343306025 2.367599145204683
[0.00833966 0.08167542 0.22951885] [-0.59324054 -0.68455773 -0.42361111] [-0.59324054  0.42361111 -0.68455773] [-0.42361111 -0.68455773  0.59324054] 0.6466894933990469 2.430126700351714 2.5659555463816424
[-0.00926841  0.06009483  0.22466857] [-0.02495505  0.9047768  -0.42515432] [-0.02495505  0.42515432  0.9047768 ] [-0.42515432  0.9047768   0.02495505] 0.06793469748594241 2.888892773124557 2.709087513054163
[-0.00356332  0.00639304  0.23001165] [-0.50462359  0.74697943 -0.43287037] [-0.50462359  0.43287037  0.74697943] [-0.43287037  0.74697943  0.50462359] 0.02318126234059247 2.7780931656084724 2.653278512978897
[0.00816791 0.06370647 0.22957522] [ 0.28506144  0.85283863 -0.4375    ] [0.28506144 0.4375     0.85283863] [-0.4375      0.85283863 -0.28506144] 0.6207459304597205 2.512207657810024 2.5844656412810174
[-0.03457307  0.00841615  0.234135  ] [ 0.74579119 -0.49416765 -0.44675926] [ 0.74579119  0.44675926 -0.49416765] [-0.44675926 -0.49416765 -0.74579119] 0.19420462531551377 2.3970168797325724 2.3736478192505057
[0.00816791 0.06370647 0.22957522] [ 0.5565123   0.69852196 -0.44984568] [0.5565123  0.44984568 0.69852196] [-0.44984568  0.69852196 -0.5565123 ] 0.7502725004560667 2.435963521475021 2.4963245137252135
[-0.01666632 -0.00898171  0.2336752 ] [-0.64606246  0.61437432 -0.4529321 ] [-0.64606246  0.4529321   0.61437432] [-0.4529321   0.61437432  0.64606246] 0.09530336556986194 2.5659229114019118 2.4001081905676083
[0.00833966 0.08167542 0.22951885] [-0.66732362 -0.5888347  -0.45601852] [-0.66732362  0.45601852 -0.5888347 ] [-0.45601852 -0.5888347   0.66732362] 0.7985963068241838 2.4661155545078293 2.3911046066884794
[-0.00094851  0.05448617  0.22159359] [ 0.09422757  0.88417104 -0.45756173] [0.09422757 0.45756173 0.88417104] [-0.45756173  0.88417104 -0.09422757] 0.3880560821690763 2.769832317784666 2.4611626898859615
[-0.00356332  0.00639304  0.23001165] [-0.39327139  0.79300328 -0.46527778] [-0.39327139  0.46527778  0.79300328] [-0.46527778  0.79300328  0.39327139] 0.023738500343844005 2.654203828634836 2.7701576013143625
[-0.05846605 -0.01532894  0.22912538] [ 0.82489387 -0.3187919  -0.46682099] [ 0.82489387  0.46682099 -0.3187919 ] [-0.46682099 -0.3187919  -0.82489387] 0.7056530894452777 2.525490083429389 2.488044938997048
[-0.00094851  0.05448617  0.22159359] [ 0.38896725  0.79239605 -0.46990741] [0.38896725 0.46990741 0.79239605] [-0.46990741  0.79239605 -0.38896725] 0.4410126111001111 2.7246450749716575 2.425354149389692
[0.01588493 0.07962362 0.19976   ] [-0.5190863  -0.70985704 -0.47608025] [-0.5190863   0.47608025 -0.70985704] [-0.47608025 -0.70985704  0.5190863 ] 0.17241557343592978 2.542508022392359 2.597121820298404
[-0.00052552  0.06481441  0.22752548] [-0.09665135  0.87323213 -0.47762346] [-0.09665135  0.47762346  0.87323213] [-0.47762346  0.87323213  0.09665135] 0.1809727213825279 2.5586030971168516 2.441914531002105
[-0.0289496   0.01059454  0.2363055 ] [ 0.66049489 -0.57805347 -0.47916667] [ 0.66049489  0.47916667 -0.57805347] [-0.47916667 -0.57805347 -0.66049489] 0.24897021342905878 2.3612492756073857 2.3813209703718954
[-0.00094851  0.05448617  0.22159359] [ 0.632363    0.60625819 -0.48225309] [0.632363   0.48225309 0.60625819] [-0.48225309  0.60625819 -0.632363  ] 0.6080640080233588 2.386017189622624 2.593672170830582
[0.02263306 0.03019863 0.23317963] [-0.5475835   0.68161417 -0.48533951] [-0.5475835   0.48533951  0.68161417] [-0.48533951  0.68161417  0.5475835 ] 0.03325824974746385 2.5710890030440643 2.438741826401061
[0.00816791 0.06370647 0.22957522] [ 0.20714395  0.8467713  -0.48996914] [0.20714395 0.48996914 0.8467713 ] [-0.48996914  0.8467713  -0.20714395] 0.682053874840438 2.5414202279476097 2.36718060007638
[-0.00867417  0.0010582   0.23119222] [-0.27830109  0.82149739 -0.49768519] [-0.27830109  0.49768519  0.82149739] [-0.49768519  0.82149739  0.27830109] 0.039216218571569955 2.8681590038879428 2.6339474682638704
[-0.06152282 -0.00656428  0.23105316] [ 0.75934646 -0.41732956 -0.4992284 ] [ 0.75934646  0.4992284  -0.41732956] [-0.4992284  -0.41732956 -0.75934646] 0.5873332144822705 2.6089463795045504 2.5345746027251366
[0.00469041 0.05341556 0.22442386] [ 0.48112449  0.71846994 -0.50231481] [0.48112449 0.50231481 0.71846994] [-0.50231481  0.71846994 -0.48112449] 0.6859776813204105 2.496533351277345 2.5387471116986506
[ 0.04698836 -0.01613512  0.19994317] [-0.67225368  0.54096635 -0.50540123] [-0.67225368  0.50540123  0.54096635] [-0.50540123  0.54096635  0.67225368] 0.42165036790286664 2.740969938628854 2.436505860801689
[0.0086989  0.08200214 0.18092275] [-0.59641001 -0.62107601 -0.50848765] [-0.59641001  0.50848765 -0.62107601] [-0.50848765 -0.62107601  0.59641001] 0.11172076346839697 2.4111948372952456 2.514631303057136
[-0.00094851  0.05448617  0.22159359] [ 0.0202219   0.85991836 -0.51003086] [0.0202219  0.51003086 0.85991836] [-0.51003086  0.85991836 -0.0202219 ] 0.3651388413127151 2.789902631397554 2.380533617852568
[-0.01666632 -0.00898171  0.2336752 ] [-0.44209145  0.73245702 -0.51774691] [-0.44209145  0.51774691  0.73245702] [-0.51774691  0.73245702  0.44209145] 0.0716011371218857 2.8422906339119995 2.4221092738134757
[-0.05362926 -0.02736829  0.22451756] [ 0.81985431 -0.24119841 -0.51929012] [ 0.81985431  0.51929012 -0.24119841] [-0.51929012 -0.24119841 -0.81985431] 0.6453937126137557 2.4526493888361407 2.5668697614659353
[-0.00094851  0.05448617  0.22159359] [ 0.31126385  0.79387503 -0.52237654] [0.31126385 0.52237654 0.79387503] [-0.52237654  0.79387503 -0.31126385] 0.2893969378353423 2.7478988011952867 2.8582989468079867
[0.01829921 0.01445988 0.21834207] [-0.16254909  0.8322137  -0.53009259] [-0.16254909  0.53009259  0.8322137 ] [-0.53009259  0.8322137   0.16254909] 0.0917514724803083 2.4123377628495546 2.891373100657222
[-0.0289496   0.01059454  0.2363055 ] [ 0.68123338 -0.50327373 -0.5316358 ] [ 0.68123338  0.5316358  -0.50327373] [-0.5316358  -0.50327373 -0.68123338] 0.23534855112208777 2.4093567529148627 2.3576136354758717
[0.00469041 0.05341556 0.22442386] [ 0.55961586  0.63316841 -0.53472222] [0.55961586 0.53472222 0.63316841] [-0.53472222  0.63316841 -0.55961586] 0.21187564260672354 2.4428964878352453 2.5029904137493113
[0.02924455 0.03228857 0.23152163] [-0.58046905  0.61140621 -0.53780864] [-0.58046905  0.53780864  0.61140621] [-0.53780864  0.61140621  0.58046905] 0.202326699013927 2.4312977897132124 2.396066723707071
[0.05724748 0.03325424 0.23063187] [-0.65826593 -0.52356327 -0.54089506] [-0.65826593  0.54089506 -0.52356327] [-0.54089506 -0.52356327  0.65826593] 0.7068791841824169 2.524672038945576 2.4266169046533412
[-0.00094851  0.05448617  0.22159359] [ 0.13156717  0.82972935 -0.54243827] [0.13156717 0.54243827 0.82972935] [-0.54243827  0.82972935 -0.13156717] 0.496609956251637 2.6790681018821982 2.4825709026182667
[-0.01666632 -0.00898171  0.2336752 ] [-0.33232571  0.76608736 -0.55015432] [-0.33232571  0.55015432  0.76608736] [-0.55015432  0.76608736  0.33232571] 0.09882557009541901 2.7394077728545994 2.5125492642531086
[-0.05664946 -0.00450815  0.2362958 ] [ 0.76160096 -0.33999091 -0.55169753] [ 0.76160096  0.55169753 -0.33999091] [-0.55169753 -0.33999091 -0.76160096] 0.9301277551393762 2.3907868746698426 2.3599270855737435
[0.00469041 0.05341556 0.22442386] [ 0.40427658  0.72716932 -0.55478395] [0.40427658 0.55478395 0.72716932] [-0.55478395  0.72716932 -0.40427658] 0.15862537225598514 2.6356862747685046 2.7343339879096695
[ 0.04698836 -0.01613512  0.19994317] [-0.68732953  0.46514381 -0.55787037] [-0.68732953  0.55787037  0.46514381] [-0.55787037  0.46514381  0.68732953] 0.35230080133461417 2.8012769412280267 2.423682856994155
[-0.03114401  0.04315246  0.2229955 ] [-0.04887444  0.82535146 -0.5625    ] [-0.04887444  0.5625      0.82535146] [-0.5625      0.82535146  0.04887444] 0.032753348898865234 3.0147475341373418 2.3828369031466297
[-0.00094851  0.05448617  0.22159359] [ 0.62286608  0.53888944 -0.56712963] [0.62286608 0.56712963 0.53888944] [-0.56712963  0.53888944 -0.62286608] 0.630116090941663 2.4116991913658152 2.5777301543292235
[0.02263306 0.03019863 0.23317963] [-0.48112185  0.66586442 -0.57021605] [-0.48112185  0.57021605  0.66586442] [-0.57021605  0.66586442  0.48112185] 0.06674807901806694 2.494730935695394 2.459376750630976
[-0.05362926 -0.02736829  0.22451756] [ 0.80349805 -0.16577768 -0.57175926] [ 0.80349805  0.57175926 -0.16577768] [-0.57175926 -0.16577768 -0.80349805] 0.6241885941942682 2.444292508469344 2.5819843802769986
[0.05724748 0.03325424 0.23063187] [-0.70353035 -0.41996348 -0.57330247] [-0.70353035  0.57330247 -0.41996348] [-0.57330247 -0.41996348  0.70353035] 0.5578906732671045 2.6311188822421476 2.3853561084855563
[-0.00094851  0.05448617  0.22159359] [ 0.2347697   0.78385945 -0.57484568] [0.2347697  0.57484568 0.78385945] [-0.57484568  0.78385945 -0.2347697 ] 0.38248104725017057 2.743218584638208 2.7746867884817825
[0.01829921 0.01445988 0.21834207] [-0.22114144  0.78212422 -0.58256173] [-0.22114144  0.58256173  0.78212422] [-0.58256173  0.78212422  0.22114144] 0.3527985161139374 2.500413403954497 2.800834249204076
[-0.0618898   0.01429026  0.23416635] [ 0.69043737 -0.42675245 -0.58410494] [ 0.69043737  0.58410494 -0.42675245] [-0.58410494 -0.42675245 -0.69043737] 0.7068796973233188 2.3694016621816356 2.5246716967783134
[0.02980409 0.0640127  0.23185443] [-0.79628102 -0.15150178 -0.58564815] [-0.79628102  0.58564815 -0.15150178] [-0.58564815 -0.15150178  0.79628102] 0.6699427150437525 2.549732790971812 2.504955906858095
[0.00469041 0.05341556 0.22442386] [ 0.48414661  0.64869744 -0.58719136] [0.48414661 0.58719136 0.64869744] [-0.58719136  0.64869744 -0.48414661] 0.10630933629129163 2.4855877763253407 2.8189943203892276
[0.02263306 0.03019863 0.23317963] [-0.60220965  0.53750878 -0.59027778] [-0.60220965  0.59027778  0.53750878] [-0.59027778  0.53750878  0.60220965] 0.0493834009062303 2.6318501958234504 2.4388823336960397
[0.05724748 0.03325424 0.23063187] [-0.58644831 -0.55135951 -0.5933642 ] [-0.58644831  0.5933642  -0.55135951] [-0.5933642  -0.55135951  0.58644831] 0.25209568925899306 2.371524243956208 2.508948395094174
[-0.00094851  0.05448617  0.22159359] [ 0.05990578  0.80155878 -0.59490741] [0.05990578 0.59490741 0.80155878] [-0.59490741  0.80155878 -0.05990578] 0.4884418048810412 2.6856416278561377 2.3985785312047803
[-0.01056855  0.04401391  0.21729385] [ 0.66968222  0.43827054 -0.59953704] [0.66968222 0.59953704 0.43827054] [-0.59953704  0.43827054 -0.66968222] 0.13239807148481864 2.357468182240452 2.7814176472084897
[-0.01310164 -0.00593015  0.23002111] [-0.37694847  0.7033881  -0.60262346] [-0.37694847  0.60262346  0.7033881 ] [-0.60262346  0.7033881   0.37694847] 0.08004307581621391 2.7331592652600527 2.6029072204840533
[-0.03457307  0.00841615  0.234135  ] [ 0.75197998 -0.26364512 -0.60416667] [ 0.75197998  0.60416667 -0.26364512] [-0.60416667 -0.26364512 -0.75197998] 0.17910531566752905 2.3607363036456532 2.48414567205267
[0.05544659 0.04233879 0.20012059] [-0.73149853 -0.31309015 -0.60570988] [-0.73149853  0.60570988 -0.31309015] [-0.60570988 -0.31309015  0.73149853] 0.8040320874335508 2.4628052990414284 2.3693384492146765
[-0.00094851  0.05448617  0.22159359] [ 0.32740981  0.72391056 -0.60725309] [0.32740981 0.60725309 0.72391056] [-0.60725309  0.72391056 -0.32740981] 0.5319506914358022 2.645411221060267 2.6511197429877034
[ 0.04698836 -0.01613512  0.19994317] [-0.69045024  0.3882836  -0.61033951] [-0.69045024  0.61033951  0.3882836 ] [-0.61033951  0.3882836   0.69045024] 0.30494182210314036 2.844015612890697 2.4207092806248895
[-0.03114401  0.04315246  0.2229955 ] [-0.11144739  0.78063592 -0.61496914] [-0.11144739  0.61496914  0.78063592] [-0.61496914  0.78063592  0.11144739] 0.011406666857981957 3.101638468929489 2.4994352634616526
[-0.0683089   0.014198    0.22928576] [ 0.60855773 -0.49956983 -0.61651235] [ 0.60855773  0.61651235 -0.49956983] [-0.61651235 -0.49956983 -0.60855773] 0.8201215681455035 2.4531096637432253 2.410342764514767
[-0.00094851  0.05448617  0.22159359] [ 0.54916289  0.56081859 -0.61959877] [0.54916289 0.61959877 0.56081859] [-0.61959877  0.56081859 -0.54916289] 0.7674484470842736 2.4724710310509628 2.4854250874689576
[0.02924455 0.03228857 0.23152163] [-0.50906877  0.5942324  -0.62268519] [-0.50906877  0.62268519  0.5942324 ] [-0.62268519  0.5942324   0.50906877] 0.1429147257582731 2.522338287854002 2.507516909576574
[-0.05362926 -0.02736829  0.22451756] [ 0.77554809 -0.09414916 -0.6242284 ] [ 0.77554809  0.6242284  -0.09414916] [-0.6242284  -0.09414916 -0.77554809] 0.634090016243163 2.434209114806188 2.574890731867326
[0.06063984 0.03277717 0.22080526] [-0.63445687 -0.45373382 -0.6257716 ] [-0.63445687  0.6257716  -0.45373382] [-0.6257716  -0.45373382  0.63445687] 0.6648969566229482 2.5532235812493815 2.471663696670891
[-0.00094851  0.05448617  0.22159359] [ 0.16107936  0.76192491 -0.62731481] [0.16107936 0.62731481 0.76192491] [-0.62731481  0.76192491 -0.16107936] 0.4576818573885919 2.7107762327058276 2.690680021211903
[ 0.04712391 -0.01606811  0.19044907] [-0.74253722  0.22634655 -0.63040123] [-0.74253722  0.63040123  0.22634655] [-0.63040123  0.22634655  0.74253722] 0.11928343909543355 2.812364981043832 2.357044910465248
[-0.0662943  0.0391423  0.226838 ] [ 0.69928566  0.33413437 -0.63194444] [0.69928566 0.63194444 0.33413437] [-0.63194444  0.33413437 -0.69928566] 0.6341689497541434 2.4037693314596575 2.574834436044103
[0.01829921 0.01445988 0.21834207] [-0.27083349  0.72345354 -0.63503086] [-0.27083349  0.63503086  0.72345354] [-0.63503086  0.72345354  0.27083349] 0.11378140110067889 2.8232904027494197 2.8386736906531826
[-0.03457307  0.00841615  0.234135  ] [ 0.68725722 -0.34992994 -0.63657407] [ 0.68725722  0.63657407 -0.34992994] [-0.63657407 -0.34992994 -0.68725722] 0.26233127283730745 2.45020558628889 2.3746350136645202
[0.02954847 0.05384847 0.23299748] [-0.74190644 -0.20586685 -0.63811728] [-0.74190644  0.63811728 -0.20586685] [-0.63811728 -0.20586685  0.74190644] 0.38152708421380815 2.459612203804967 2.7755192698850033
[0.00469041 0.05341556 0.22442386] [ 0.40731852  0.65186354 -0.63966049] [0.40731852 0.63966049 0.65186354] [-0.63966049  0.65186354 -0.40731852] 0.683942715466735 2.540132223925669 2.4775480554834606
[0.0267319  0.03719816 0.236145  ] [-0.6116982   0.46119596 -0.64274691] [-0.6116982   0.64274691  0.46119596] [-0.64274691  0.46119596  0.6116982 ] 0.06558694138194167 2.6277830371295217 2.392676528611317
[-0.03971916 -0.0240757   0.23655817] [ 0.76128912  0.07300081 -0.64429012] [0.76128912 0.64429012 0.07300081] [-0.64429012  0.07300081 -0.76128912] 0.13676136651260387 2.358134308814845 2.607838998418457
[-0.00926841  0.06009483  0.22466857] [-0.00614399  0.76214557 -0.64737654] [-0.00614399  0.64737654  0.76214557] [-0.64737654  0.76214557  0.00614399] 0.09653518614413019 2.8326794567291165 2.5231557964556464
[-0.00094851  0.05448617  0.22159359] [ 0.59798054  0.46616223 -0.65200617] [0.59798054 0.65200617 0.46616223] [-0.65200617  0.46616223 -0.59798054] 0.9233197097379683 2.3648066337362543 2.3944494503037568
[-0.01310164 -0.00593015  0.23002111] [-0.41064994  0.63420842 -0.65509259] [-0.41064994  0.65509259  0.63420842] [-0.65509259  0.63420842  0.41064994] 0.07805295266268625 2.699197149421006 2.6059666747413774
[-0.0289496   0.01059454  0.2363055 ] [ 0.72990453 -0.18991787 -0.6566358 ] [ 0.72990453  0.6566358  -0.18991787] [-0.6566358  -0.18991787 -0.72990453] 0.11411080316505434 2.3928477535127803 2.4843640336024784
[0.06063984 0.03277717 0.22080526] [-0.66530679 -0.35237375 -0.65817901] [-0.66530679  0.65817901 -0.35237375] [-0.65817901 -0.35237375  0.66530679] 0.5495227050711263 2.637523308168676 2.418740639734847
[-0.00094851  0.05448617  0.22159359] [ 0.25209797  0.70796413 -0.65972222] [0.25209797 0.65972222 0.70796413] [-0.65972222  0.70796413 -0.25209797] 0.3746545377624527 2.781532235125919 2.5687521581172175
[0.02263306 0.03019863 0.23317963] [-0.68074005  0.31189371 -0.66280864] [-0.68074005  0.66280864  0.31189371] [-0.66280864  0.31189371  0.68074005] 0.07466002998311573 2.7976309999399103 2.411757026636021
[-0.0662943  0.0391423  0.226838 ] [ 0.71133494  0.22943239 -0.66435185] [0.71133494 0.66435185 0.22943239] [-0.66435185  0.22943239 -0.71133494] 0.5322690412590597 2.388621546558703 2.6508716409900472
[-0.03114401  0.04315246  0.2229955 ] [-0.16575174  0.72598382 -0.66743827] [-0.16575174  0.66743827  0.72598382] [-0.66743827  0.72598382  0.16575174] 0.1831789489859599 2.5518767753488762 2.4533732233370267
[-0.0683089   0.014198    0.22928576] [ 0.61147493 -0.42256619 -0.66898148] [ 0.61147493  0.66898148 -0.42256619] [-0.66898148 -0.42256619 -0.61147493] 0.7677407089964692 2.485241182580525 2.442071430894059
[0.03862899 0.05460061 0.23212419] [-0.73494312 -0.10126824 -0.67052469] [-0.73494312  0.67052469 -0.10126824] [-0.67052469 -0.10126824  0.73494312] 0.31258320421776803 2.4395670516297416 2.395614406078152
[-0.00926841  0.06009483  0.22466857] [ 0.47262638  0.57004302 -0.6720679 ] [0.47262638 0.6720679  0.57004302] [-0.6720679   0.57004302 -0.47262638] 0.6157820703973834 2.5880567857927037 2.394312104578559
[0.04872489 0.03336365 0.23371736] [-0.5245404   0.51867525 -0.67515432] [-0.5245404   0.67515432  0.51867525] [-0.67515432  0.51867525  0.5245404 ] 0.847260786871947 2.3878883856757835 2.4370983412498304
[-0.03971916 -0.0240757   0.23655817] [ 0.7357255  -0.02807906 -0.67669753] [ 0.7357255   0.67669753 -0.02807906] [-0.67669753 -0.02807906 -0.7357255 ] 0.11065140956697303 2.563438945277237 2.7851132154155938
[0.06063984 0.03277717 0.22080526] [-0.56038431 -0.47535137 -0.67824074] [-0.56038431  0.67824074 -0.47535137] [-0.67824074 -0.47535137  0.56038431] 0.6547566686302613 2.476577514033567 2.560288164493682
[-0.00926841  0.06009483  0.22466857] [ 0.09193579  0.72762737 -0.67978395] [0.09193579 0.67978395 0.72762737] [-0.67978395  0.72762737 -0.09193579] 0.12213556358059117 2.7581657287060803 2.607320172284768
[0.02924455 0.03228857 0.23152163] [-0.71399596  0.1545892  -0.68287037] [-0.71399596  0.68287037  0.1545892 ] [-0.68287037  0.1545892   0.71399596] 0.123634802603172 2.6343301017084944 2.368366956785119
[-0.0583753   0.05333165  0.22930696] [ 0.62965349  0.36757928 -0.68441358] [0.62965349 0.68441358 0.36757928] [-0.68441358  0.36757928 -0.62965349] 0.3015324497636499 2.534497620483034 2.8471378819638815
[0.02873783 0.02318581 0.22300828] [-0.30988231  0.65674706 -0.6875    ] [-0.30988231  0.6875      0.65674706] [-0.6875      0.65674706  0.30988231] 0.42140915755204295 2.5711932505729975 2.7411747555968726
[-0.03457307  0.00841615  0.234135  ] [ 0.67076872 -0.27438802 -0.68904321] [ 0.67076872  0.68904321 -0.27438802] [-0.68904321 -0.27438802 -0.67076872] 0.24052773504190245 2.4703925216487743 2.3831125895770646
[0.06063984 0.03277717 0.22080526] [-0.67857088 -0.25026379 -0.69058642] [-0.67857088  0.69058642 -0.25026379] [-0.69058642 -0.25026379  0.67857088] 0.4681817486920883 2.7021294260506035 2.4637289389016424
[0.00469041 0.05341556 0.22442386] [ 0.33062986  0.64159214 -0.69212963] [0.33062986 0.69212963 0.64159214] [-0.69212963  0.64159214 -0.33062986] 0.6893021742604112 2.5364899256089797 2.384031174625687
[0.03826678 0.03310382 0.232206  ] [-0.60771693  0.38386818 -0.69521605] [-0.60771693  0.69521605  0.38386818] [-0.69521605  0.38386818  0.60771693] 0.6010419704924184 2.5988146971393364 2.4611946716982995
[-0.03971916 -0.0240757   0.23655817] [ 0.70593869  0.12718922 -0.69675926] [0.70593869 0.69675926 0.12718922] [-0.69675926  0.12718922 -0.70593869] 0.1737150572002081 2.3972164475967888 2.6221012000160213
[-0.03893435  0.0325439   0.223821  ] [-0.06471223  0.7113567  -0.69984568] [-0.06471223  0.69984568  0.7113567 ] [-0.69984568  0.7113567   0.06471223] 0.16263693012416314 2.67698080907228 2.3842043388881615
[0.04922735 0.04433151 0.23224119] [-0.71125336 -0.00226391 -0.7029321 ] [-0.71125336  0.7029321  -0.00226391] [-0.7029321  -0.00226391  0.71125336] 0.8698968536302881 2.4240675978827944 2.421098786076152
[-0.06382876  0.0035362   0.23237133] [ 0.52180309  0.48107803 -0.70447531] [0.52180309 0.70447531 0.48107803] [-0.70447531  0.48107803 -0.52180309] 0.7693428796783102 2.484233943873212 2.3789784329174775
[0.02924455 0.03228857 0.23152163] [-0.43173709  0.55942782 -0.70756173] [-0.43173709  0.70756173  0.55942782] [-0.70756173  0.55942782  0.43173709] 0.1430129777888917 2.688625235945518 2.480755213771764
[-0.0289496   0.01059454  0.2363055 ] [ 0.6947118  -0.12060558 -0.70910494] [ 0.6947118   0.70910494 -0.12060558] [-0.70910494 -0.12060558 -0.6947118 ] 0.11927909981438684 2.435626978458754 2.4628421320428866
[0.06063984 0.03277717 0.22080526] [-0.59241706 -0.37950129 -0.71064815] [-0.59241706  0.71064815 -0.37950129] [-0.71064815 -0.37950129  0.59241706] 0.6576719391465901 2.5528561117463955 2.5582503931142964
[-0.00926841  0.06009483  0.22466857] [ 0.18007971  0.67849449 -0.71219136] [0.18007971 0.71219136 0.67849449] [-0.71219136  0.67849449 -0.18007971] 0.13612054669253554 2.754164979701235 2.487831605799283
[0.04872489 0.03336365 0.23371736] [-0.65719526  0.23763858 -0.71527778] [-0.65719526  0.71527778  0.23763858] [-0.71527778  0.23763858  0.65719526] 0.9336623115346776 2.3857514905302146 2.388895146747061
[-0.03185805 -0.02485594  0.23673047] [ 0.64365657  0.26809307 -0.71682099] [0.64365657 0.71682099 0.26809307] [-0.71682099  0.26809307 -0.64365657] 0.8339961102800576 2.3566310774643884 2.444870704227834
[0.02873783 0.02318581 0.22300828] [-0.20983087  0.66159227 -0.71990741] [-0.20983087  0.71990741  0.66159227] [-0.71990741  0.66159227  0.20983087] 0.3383155368067521 2.3984227355534795 2.813772184426954
[-0.0683089   0.014198    0.22928576] [ 0.60023136 -0.34529888 -0.72145062] [ 0.60023136  0.72145062 -0.34529888] [-0.72145062 -0.34529888 -0.60023136] 0.690618420267989 2.535598187310994 2.4534649768277825
[0.03862899 0.05460061 0.23212419] [-0.67426526 -0.15048681 -0.72299383] [-0.67426526  0.72299383 -0.15048681] [-0.72299383 -0.15048681  0.67426526] 0.724986259367451 2.4256700684191923 2.512700814342687
[-0.02141372  0.04410073  0.21901156] [ 0.39460315  0.56509684 -0.72453704] [0.39460315 0.72453704 0.56509684] [-0.72453704  0.56509684 -0.39460315] 0.4288043694764643 2.734911435411341 2.4555261333953844
[0.0267319  0.03719816 0.236145  ] [-0.52593589  0.44040384 -0.72762346] [-0.52593589  0.72762346  0.44040384] [-0.72762346  0.44040384  0.52593589] 0.11731663630377852 2.511581857886026 2.386044587456242
[-0.04088735  0.00190845  0.23765455] [ 0.68365831  0.0304515  -0.72916667] [0.68365831 0.72916667 0.0304515 ] [-0.72916667  0.0304515  -0.68365831] 0.7334645676428982 2.398675406206322 2.507165830108315
[0.06063984 0.03277717 0.22080526] [-0.4823742  -0.48309234 -0.73070988] [-0.4823742   0.73070988 -0.48309234] [-0.73070988 -0.48309234  0.4823742 ] 0.5307979308104013 2.401919045526064 2.6520186807426516
[-0.03893435  0.0325439   0.223821  ] [ 0.02929233  0.68040236 -0.73225309] [0.02929233 0.73225309 0.68040236] [-0.73225309  0.68040236 -0.02929233] 0.08383626103212218 2.872370505992478 2.488307395115464
[0.04922735 0.04433151 0.23224119] [-0.6719309   0.08823082 -0.73533951] [-0.6719309   0.73533951  0.08823082] [-0.73533951  0.08823082  0.6719309 ] 0.8651093826858643 2.384567162603965 2.4267992990251113
[-0.05664946 -0.00450815  0.2362958 ] [ 0.55368541  0.38786123 -0.73688272] [0.55368541 0.73688272 0.38786123] [-0.73688272  0.38786123 -0.55368541] 0.9008258057216638 2.373130961053698 2.4067288392577337
[0.02873783 0.02318581 0.22300828] [-0.33628008  0.58254732 -0.73996914] [-0.33628008  0.73996914  0.58254732] [-0.73996914  0.58254732  0.33628008] 0.47460736539018034 2.586995864613171 2.6968720669271824
[-0.03457307  0.00841615  0.234135  ] [ 0.63984479 -0.20188632 -0.74151235] [ 0.63984479  0.74151235 -0.20188632] [-0.74151235 -0.20188632 -0.63984479] 0.21851581747219626 2.5165233181110325 2.370610337473996
[0.06190027 0.02383722 0.2209515 ] [-0.60662432 -0.28262232 -0.74305556] [-0.60662432  0.74305556 -0.28262232] [-0.74305556 -0.28262232  0.60662432] 0.5904475727123248 2.606633952249757 2.5542121062035057
[-0.03114401  0.04315246  0.2229955 ] [ 0.25573927  0.61657936 -0.74459877] [0.25573927 0.74459877 0.61657936] [-0.74459877  0.61657936 -0.25573927] 0.06563427797251507 2.9487942965147993 2.4335079448975017
[0.0267319  0.03719816 0.236145  ] [-0.58879338  0.3070655  -0.74768519] [-0.58879338  0.74768519  0.3070655 ] [-0.74768519  0.3070655   0.58879338] 0.10886397130706132 2.5467063822973115 2.428536864284583
[-0.03185805 -0.02485594  0.23673047] [ 0.63989498  0.17085439 -0.7492284 ] [0.63989498 0.7492284  0.17085439] [-0.7492284   0.17085439 -0.63989498] 0.8424618918521041 2.4398985073652577 2.4047111464246167
[-0.03893435  0.0325439   0.223821  ] [-0.11365175  0.64892657 -0.75231481] [-0.11365175  0.75231481  0.64892657] [-0.75231481  0.64892657  0.11365175] 0.16294830522372372 2.592457658294786 2.3666159638115647
[0.02866888 0.07265031 0.22922404] [-0.65284973 -0.05618009 -0.75540123] [-0.65284973  0.75540123 -0.05618009] [-0.75540123 -0.05618009  0.65284973] 0.9724349392382947 2.3644037291528828 2.3685760701225833
[-0.02141372  0.04410073  0.21901156] [ 0.44223515  0.48110621 -0.75694444] [0.44223515 0.75694444 0.48110621] [-0.75694444  0.48110621 -0.44223515] 0.5294639614178728 2.653059999204483 2.508157282510604
[0.03826678 0.03310382 0.232206  ] [-0.43817931  0.47994998 -0.76003086] [-0.43817931  0.76003086  0.47994998] [-0.76003086  0.47994998  0.43817931] 0.6564249165952138 2.41722584346794 2.5591213937206985
[-0.04088735  0.00190845  0.23765455] [ 0.64549943 -0.05775309 -0.76157407] [ 0.64549943  0.76157407 -0.05775309] [-0.76157407 -0.05775309 -0.64549943] 0.7777525715894082 2.4789725367354523 2.4193812163276056
[0.06063984 0.03277717 0.22080526] [-0.51353832 -0.39233966 -0.76311728] [-0.51353832  0.76311728 -0.39233966] [-0.76311728 -0.39233966  0.51353832] 0.5291524280297003 2.4695258698758837 2.653303352882381
[-0.00926841  0.06009483  0.22466857] [ 0.11332432  0.63439099 -0.76466049] [0.11332432 0.76466049 0.63439099] [-0.76466049  0.63439099 -0.11332432] 0.14593953230515996 2.7292735824467256 2.408744846124151
[0.0541023 0.0487499 0.226838 ] [-0.61850214  0.16739109 -0.76774691] [-0.61850214  0.76774691  0.16739109] [-0.76774691  0.16739109  0.61850214] 0.279111439638604 2.418354471901754 2.4347016325744755
[-0.05664946 -0.00450815  0.2362958 ] [ 0.56748886  0.29351166 -0.76929012] [0.56748886 0.76929012 0.29351166] [-0.76929012  0.29351166 -0.56748886] 0.840016549464589 2.4413304723413285 2.4085689758625306
[0.02873783 0.02318581 0.22300828] [-0.24135555  0.58752189 -0.77237654] [-0.24135555  0.77237654  0.58752189] [-0.77237654  0.58752189  0.24135555] 0.37295225395669857 2.7830258214553734 2.7630189568744647
[-0.05362926 -0.02736829  0.22451756] [ 0.57313086 -0.26938678 -0.77391975] [ 0.57313086  0.77391975 -0.26938678] [-0.77391975 -0.26938678 -0.57313086] 0.2006232056467456 2.471852395136257 2.49029975589135
[0.05610216 0.00454004 0.22840383] [-0.60277209 -0.18794413 -0.77546296] [-0.60277209  0.77546296 -0.18794413] [-0.77546296 -0.18794413  0.60277209] 0.7315900164174957 2.49057006842803 2.5083857676079755
[-0.01099084  0.05452102  0.22126083] [ 0.31655545  0.5441085  -0.77700617] [0.31655545 0.77700617 0.5441085 ] [-0.77700617  0.5441085  -0.31655545] 0.43944239541498453 2.7259603834449826 2.5852922498207795
[0.02844128 0.04143595 0.23613093] [-0.5112215   0.36070503 -0.78009259] [-0.5112215   0.78009259  0.36070503] [-0.78009259  0.36070503  0.5112215 ] 0.14115203839066545 2.4700715598816254 2.4706210361493826
[-0.04088735  0.00190845  0.23765455] [ 0.61869817  0.07910785 -0.7816358 ] [0.61869817 0.7816358  0.07910785] [-0.7816358   0.07910785 -0.61869817] 0.7815199730038698 2.450229355636239 2.4766293807628803
[0.02873783 0.02318581 0.22300828] [-0.02456077  0.6193608  -0.78472222] [-0.02456077  0.78472222  0.6193608 ] [-0.78472222  0.6193608   0.02456077] 0.4612826710108059 2.4026632594643185 2.7078031161668936
[0.03862899 0.05460061 0.23212419] [-0.61521353  0.02949327 -0.78780864] [-0.61521353  0.78780864  0.02949327] [-0.78780864  0.02949327  0.61521353] 0.8036607150448086 2.456811844527162 2.4630308970097547
[-0.03144112  0.00396111  0.23828279] [ 0.47204014  0.39255797 -0.78935185] [0.47204014 0.78935185 0.39255797] [-0.78935185  0.39255797 -0.47204014] 0.12045384600172268 2.3774784402985607 2.503098039768349
[0.02924455 0.03228857 0.23152163] [-0.34751376  0.50127415 -0.79243827] [-0.34751376  0.79243827  0.50127415] [-0.79243827  0.50127415  0.34751376] 0.21335482921852028 2.5746086776104984 2.389870246790098
[-0.0289496   0.01059454  0.2363055 ] [ 0.59289124 -0.13443727 -0.79398148] [ 0.59289124  0.79398148 -0.13443727] [-0.79398148 -0.13443727 -0.59289124] 0.16788418165598162 2.5614371882065177 2.540103454190918
[0.06190027 0.02383722 0.2209515 ] [-0.5262356  -0.30036071 -0.79552469] [-0.5262356   0.79552469 -0.30036071] [-0.79552469 -0.30036071  0.5262356 ] 0.533317938326974 2.5144712994945038 2.650054659554484
[-0.02161803  0.03345759  0.21676212] [ 0.18451829  0.57500936 -0.7970679 ] [0.18451829 0.7970679  0.57500936] [-0.7970679   0.57500936 -0.18451829] 0.1357937586792079 3.0050318028806013 2.620528475298313
[0.03861868 0.04396401 0.23391512] [-0.55290071  0.23249487 -0.80015432] [-0.55290071  0.80015432  0.23249487] [-0.80015432  0.23249487  0.55290071] 0.7856005102327037 2.4741011134947097 2.4462771767571185
[-0.05243894 -0.01757578  0.23288626] [ 0.5627962   0.20134922 -0.80169753] [0.5627962  0.80169753 0.20134922] [-0.80169753  0.20134922 -0.5627962 ] 0.8775973888461444 2.419700805099202 2.3933670664642652
[0.02873783 0.02318581 0.22300828] [-0.15032135  0.57421798 -0.80478395] [-0.15032135  0.80478395  0.57421798] [-0.80478395  0.57421798  0.15032135] 0.4886636266655038 2.6854625492307793 2.6432399578773618
[-0.05362926 -0.02736829  0.22451756] [ 0.49695815 -0.32073215 -0.80632716] [ 0.49695815  0.80632716 -0.32073215] [-0.80632716 -0.32073215 -0.49695815] 0.17475500438752786 2.5553934464204713 2.3931347386345196
[0.03903988 0.06439158 0.22980052] [-0.58101323 -0.09883871 -0.80787037] [-0.58101323  0.80787037 -0.09883871] [-0.80787037 -0.09883871  0.58101323] 0.6271139543234423 2.579881981803114 2.4085667472452656
[-0.05103212  0.00317659  0.23670795] [ 0.36035482  0.46367452 -0.80941358] [0.36035482 0.80941358 0.46367452] [-0.80941358  0.46367452 -0.36035482] 0.8308056051388165 2.446755353508706 2.38991597674241
[0.03826678 0.03310382 0.232206  ] [-0.42725958  0.39660182 -0.8125    ] [-0.42725958  0.8125      0.39660182] [-0.8125      0.39660182  0.42725958] 0.9440094740143384 2.3833954471718135 2.358961582414353
[-0.04088735  0.00190845  0.23765455] [ 0.58079177 -0.00381796 -0.81404321] [ 0.58079177  0.81404321 -0.00381796] [-0.81404321 -0.00381796 -0.58079177] 0.6933019669522255 2.533783519446666 2.3855315526655203
[-0.03893435  0.0325439   0.223821  ] [ 0.05417067  0.57390305 -0.81712963] [0.05417067 0.81712963 0.57390305] [-0.81712963  0.57390305 -0.05417067] 0.07172958711546039 2.9214766729726036 2.809476046622784
[0.02954847 0.05384847 0.23299748] [-0.56264199  0.10334226 -0.82021605] [-0.56264199  0.82021605  0.10334226] [-0.82021605  0.10334226  0.56264199] 0.275158157526185 2.4614927265736455 2.4697518871900783
[-0.02161803  0.03345759  0.21676212] [ 0.48280126  0.30267914 -0.82175926] [0.48280126 0.82175926 0.30267914] [-0.82175926  0.30267914 -0.48280126] 0.5736365209049709 2.619191014651428 2.53085293840174
[0.03826678 0.03310382 0.232206  ] [-0.25727368  0.50342811 -0.82484568] [-0.25727368  0.82484568  0.50342811] [-0.82484568  0.50342811  0.25727368] 0.7768025752041225 2.4795647445922127 2.477429333560842
[-0.0289496   0.01059454  0.2363055 ] [ 0.52765044 -0.19663779 -0.82638889] [ 0.52765044  0.82638889 -0.19663779] [-0.82638889 -0.19663779 -0.52765044] 0.5381761954449266 2.646279863711587 2.386888287173651
[0.05610216 0.00454004 0.22840383] [-0.51979466 -0.21057529 -0.8279321 ] [-0.51979466  0.8279321  -0.21057529] [-0.8279321  -0.21057529  0.51979466] 0.6205211342536875 2.3948938669802757 2.584627927218873
[-0.02161803  0.03345759  0.21676212] [ 0.24005678  0.50432475 -0.82947531] [0.24005678 0.82947531 0.50432475] [-0.82947531  0.50432475 -0.24005678] 0.23420427136793542 2.9099422574343565 2.626731245278226
[0.03826678 0.03310382 0.232206  ] [-0.47743228  0.28089035 -0.83256173] [-0.47743228  0.83256173  0.28089035] [-0.83256173  0.28089035  0.47743228] 0.6494681504908207 2.4043044037039905 2.5639987539383036
[-0.04088735  0.00190845  0.23765455] [ 0.53950695  0.11489647 -0.83410494] [0.53950695 0.83410494 0.11489647] [-0.83410494  0.11489647 -0.53950695] 0.8772063088078271 2.3891292012948626 2.4199217749977606
[0.02873783 0.02318581 0.22300828] [-0.06671693  0.54282546 -0.83719136] [-0.06671693  0.83719136  0.54282546] [-0.83719136  0.54282546  0.06671693] 0.4255724666370623 2.456446269662387 2.737644568106417
[0.03008504 0.04620623 0.2349318 ] [-0.54182869 -0.01883937 -0.84027778] [-0.54182869  0.84027778 -0.01883937] [-0.84027778 -0.01883937  0.54182869] 0.6370126358706178 2.4062648436949003 2.5728089833159613
[-0.05664946 -0.00450815  0.2362958 ] [ 0.38509003  0.37821039 -0.84182099] [0.38509003 0.84182099 0.37821039] [-0.84182099  0.37821039 -0.38509003] 0.8703748572022337 2.3715197032017965 2.4237955623289116
[0.02924455 0.03228857 0.23152163] [-0.34001623  0.4129412  -0.84490741] [-0.34001623  0.84490741  0.4129412 ] [-0.84490741  0.4129412   0.34001623] 0.2346414860334563 2.5307595373830756 2.4456880523793236
[-0.0289496   0.01059454  0.2363055 ] [ 0.52723384 -0.07447032 -0.84645062] [ 0.52723384  0.84645062 -0.07447032] [-0.84645062 -0.07447032 -0.52723384] 0.1470148314419929 2.620476952685358 2.522808692510055
[-0.03893435  0.0325439   0.223821  ] [ 0.11916348  0.51389385 -0.84953704] [0.11916348 0.84953704 0.51389385] [-0.84953704  0.51389385 -0.11916348] 0.06434218360702733 2.9305065991098016 2.8274538253881447
[0.03862899 0.05460061 0.23212419] [-0.49675185  0.16208281 -0.85262346] [-0.49675185  0.85262346  0.16208281] [-0.85262346  0.16208281  0.49675185] 0.7858218680958978 2.3676044782820975 2.473964248284057
[-0.05664946 -0.00450815  0.2362958 ] [ 0.47347428  0.21499166 -0.85416667] [0.47347428 0.85416667 0.21499166] [-0.85416667  0.21499166 -0.47347428] 0.23576692001973273 2.3851415421162274 2.5198565140388283
[0.03826678 0.03310382 0.232206  ] [-0.17107877  0.48564308 -0.85725309] [-0.17107877  0.85725309  0.48564308] [-0.85725309  0.48564308  0.17107877] 0.6440138418916856 2.385911753078482 2.5678444922332564
[-0.05362926 -0.02736829  0.22451756] [ 0.4519212  -0.24132168 -0.8587963 ] [ 0.4519212   0.8587963  -0.24132168] [-0.8587963  -0.24132168 -0.4519212 ] 0.056763825831286335 2.9353624780974696 2.3836827785836547
[0.03903988 0.06439158 0.22980052] [-0.49372874 -0.12668017 -0.86033951] [-0.49372874  0.86033951 -0.12668017] [-0.86033951 -0.12668017  0.49372874] 0.7545402290957862 2.4935994714622787 2.4578388066749595
[-0.02161803  0.03345759  0.21676212] [ 0.27706094  0.42472982 -0.86188272] [0.27706094 0.86188272 0.42472982] [-0.86188272  0.42472982 -0.27706094] 0.23237306450898734 2.9116789470051723 2.704273167912897
[0.02263306 0.03019863 0.23317963] [-0.3947261   0.30987046 -0.86496914] [-0.3947261   0.86496914  0.30987046] [-0.86496914  0.30987046  0.3947261 ] 0.19099120065919734 2.4856682724620223 2.424166361378278
[-0.05664946 -0.00450815  0.2362958 ] [ 0.49771153  0.0379419  -0.86651235] [0.49771153 0.86651235 0.0379419 ] [-0.86651235  0.0379419  -0.49771153] 0.25412825748495493 2.4733676591507328 2.454515360462541
[0.02873783 0.02318581 0.22300828] [ 0.00565436  0.49372666 -0.86959877] [0.00565436 0.86959877 0.49372666] [-0.86959877  0.49372666 -0.00565436] 0.31964849180585103 2.386722853133908 2.830615945199732
[0.02924455 0.03228857 0.23152163] [-0.48589292  0.04825597 -0.87268519] [-0.48589292  0.87268519  0.04825597] [-0.87268519  0.04825597  0.48589292] 0.544038750261013 2.4069517897645754 2.6417450819580255
[-0.05664946 -0.00450815  0.2362958 ] [ 0.38866261  0.29097437 -0.8742284 ] [0.38866261 0.8742284  0.29097437] [-0.8742284   0.29097437 -0.38866261] 0.8602927565904854 2.429560727266436 2.429093423038853
[0.03826678 0.03310382 0.232206  ] [-0.25292999  0.40785431 -0.87731481] [-0.25292999  0.87731481  0.40785431] [-0.87731481  0.40785431  0.25292999] 0.689723878135859 2.4394441286018727 2.5362041076526256
[-0.03457307  0.00841615  0.234135  ] [ 0.4592781  -0.12912087 -0.87885802] [ 0.4592781   0.87885802 -0.12912087] [-0.87885802 -0.12912087 -0.4592781 ] 0.6318223584042713 2.5765097548894937 2.4299327193880744
[0.03903988 0.06439158 0.22980052] [-0.42332973 -0.21374191 -0.88040123] [-0.42332973  0.88040123 -0.21374191] [-0.88040123 -0.21374191  0.42332973] 0.7757763892825802 2.480205060149002 2.4275693272422427
[-0.04891295  0.00794342  0.2350565 ] [ 0.16675206  0.44087158 -0.88194444] [0.16675206 0.88194444 0.44087158] [-0.88194444  0.44087158 -0.16675206] 0.5584030491056016 2.6307282113072907 2.5609467935893457
[0.02924455 0.03228857 0.23152163] [-0.41936138  0.20212966 -0.88503086] [-0.41936138  0.88503086  0.20212966] [-0.88503086  0.20212966  0.41936138] 0.50665950181274 2.446550880094266 2.671038993517784
[-0.05664946 -0.00450815  0.2362958 ] [ 0.44294007  0.13338106 -0.88657407] [0.44294007 0.88657407 0.13338106] [-0.88657407  0.13338106 -0.44294007] 0.2560848317215037 2.469637167408332 2.4033169120642635
[0.02873783 0.02318581 0.22300828] [-0.09293219  0.44706578 -0.88966049] [-0.09293219  0.88966049  0.44706578] [-0.88966049  0.44706578  0.09293219] 0.3946094222115736 2.593016016588332 2.764149293182567
[-0.05362926 -0.02736829  0.22451756] [ 0.36806397 -0.26511294 -0.8912037 ] [ 0.36806397  0.8912037  -0.26511294] [-0.8912037  -0.26511294 -0.36806397] 0.14676724842310485 2.5490501889057944 2.505786216724616
[0.03903988 0.06439158 0.22980052] [-0.44745628 -0.05278092 -0.89274691] [-0.44745628  0.89274691 -0.05278092] [-0.89274691 -0.05278092  0.44745628] 0.6683973716987768 2.4156761810762784 2.5508001729445553
[-0.04088735  0.00190845  0.23765455] [ 0.29228157  0.33884607 -0.89429012] [0.29228157 0.89429012 0.33884607] [-0.89429012  0.33884607 -0.29228157] 0.19948619181636157 2.4814641572912484 2.649720358573514
[0.0267319  0.03719816 0.236145  ] [-0.30765762  0.31632598 -0.89737654] [-0.30765762  0.89737654  0.31632598] [-0.89737654  0.31632598  0.30765762] 0.2926412915688161 2.4028703982922606 2.4278121298887334
[-0.03457307  0.00841615  0.234135  ] [ 0.43738523 -0.02524753 -0.89891975] [ 0.43738523  0.89891975 -0.02524753] [-0.89891975 -0.02524753 -0.43738523] 0.6501537155193179 2.5635167268797185 2.467822624946926
[-0.04891295  0.00794342  0.2350565 ] [ 0.062465    0.42718028 -0.90200617] [0.062465   0.90200617 0.42718028] [-0.90200617  0.42718028 -0.062465  ] 0.2966795104962241 2.4215988809309983 2.4584004157480996
[0.03008504 0.04620623 0.2349318 ] [-0.41375045  0.09807123 -0.90509259] [-0.41375045  0.90509259  0.09807123] [-0.90509259  0.09807123  0.41375045] 0.9567278921599238 2.3767127575823537 2.3599188767030452
[-0.05052465 -0.00696956  0.23764509] [ 0.36845067  0.20556173 -0.9066358 ] [0.36845067 0.9066358  0.20556173] [-0.9066358   0.20556173 -0.36845067] 0.7787332734818501 2.4783617594429943 2.402621583225523
[0.02924455 0.03228857 0.23152163] [-0.16982362  0.37890027 -0.90972222] [-0.16982362  0.90972222  0.37890027] [-0.90972222  0.37890027  0.16982362] 0.5593356612044016 2.601215418727323 2.6300175603473583
[-0.04980803 -0.0249008   0.22921106] [ 0.37804689 -0.16332746 -0.91126543] [ 0.37804689  0.91126543 -0.16332746] [-0.91126543 -0.16332746 -0.37804689] 0.10087966551504819 2.8711058730521932 2.5457891054312434
[0.03903988 0.06439158 0.22980052] [-0.38584361 -0.13380992 -0.91280864] [-0.38584361  0.91280864 -0.13380992] [-0.91280864 -0.13380992  0.38584361] 0.7114384974040502 2.3807175826329994 2.5216383733622276
[-0.04891295  0.00794342  0.2350565 ] [ 0.1924738   0.35625065 -0.91435185] [0.1924738  0.91435185 0.35625065] [-0.91435185  0.35625065 -0.1924738 ] 0.5048719372256184 2.6724624415134617 2.5602189977546033
[0.00816791 0.06370647 0.22957522] [-0.33217983  0.21900589 -0.91743827] [-0.33217983  0.91743827  0.21900589] [-0.91743827  0.21900589  0.33217983] 0.8882747490860073 2.362823440573981 2.4137008351572566
[-0.05243894 -0.01757578  0.23288626] [ 0.38934295  0.0623306  -0.91898148] [0.38934295 0.91898148 0.0623306 ] [-0.91898148  0.0623306  -0.38934295] 0.7519840722943422 2.4952302937742488 2.405816017625649
[-0.05103212  0.00317659  0.23670795] [-0.02753593  0.38604735 -0.9220679 ] [-0.02753593  0.9220679   0.38604735] [-0.9220679   0.38604735  0.02753593] 0.28285196961278425 2.408647850869042 2.3706301924700792
[-0.05103212  0.00317659  0.23670795] [ 0.28121753  0.24929579 -0.92669753] [0.28121753 0.92669753 0.24929579] [-0.92669753  0.24929579 -0.28121753] 0.6113013564309209 2.553486602846375 2.5913120935809837
[0.02924455 0.03228857 0.23152163] [-0.21916963  0.29574732 -0.92978395] [-0.21916963  0.92978395  0.29574732] [-0.92978395  0.29574732  0.21916963] 0.6799422619859039 2.5428628246509164 2.520589128893515
[-0.03457307  0.00841615  0.234135  ] [ 0.35753287 -0.06928178 -0.93132716] [ 0.35753287  0.93132716 -0.06928178] [-0.93132716 -0.06928178 -0.35753287] 0.5201915329653005 2.6603299539542107 2.3713476300320218
[0.03903988 0.06439158 0.22980052] [-0.30704756 -0.18834721 -0.93287037] [-0.30704756  0.93287037 -0.18834721] [-0.93287037 -0.18834721  0.30704756] 0.2985346357177002 2.366556684363651 2.458399113906112
[-0.04891295  0.00794342  0.2350565 ] [ 0.09807309  0.34242215 -0.93441358] [0.09807309 0.93441358 0.34242215] [-0.93441358  0.34242215 -0.09807309] 0.8018018639155328 2.4255346404561577 2.4641613255688064
[0.03008504 0.04620623 0.2349318 ] [-0.3248771   0.12469409 -0.9375    ] [-0.3248771   0.9375      0.12469409] [-0.9375      0.12469409  0.3248771 ] 0.8807206914863492 2.364616422737818 2.4179391336098517
[-0.04187483 -0.00635687  0.2392823 ] [ 0.31988892  0.12597194 -0.93904321] [0.31988892 0.93904321 0.12597194] [-0.93904321  0.12597194 -0.31988892] 0.6328943880707391 2.5757439521861127 2.547343554706223
[0.02924455 0.03228857 0.23152163] [-0.09509766  0.32147814 -0.94212963] [-0.09509766  0.94212963  0.32147814] [-0.94212963  0.32147814  0.09509766] 0.5919124182219483 2.4594909480990754 2.6055484744723385
[-0.05362926 -0.02736829  0.22451756] [ 0.28353375 -0.17055844 -0.94367284] [ 0.28353375  0.94367284 -0.17055844] [-0.94367284 -0.17055844 -0.28353375] 0.06591039679456002 2.858806384948942 2.4478379538225283
[-0.05103212  0.00317659  0.23670795] [ 0.18943454  0.26031032 -0.94675926] [0.18943454 0.94675926 0.26031032] [-0.94675926  0.26031032 -0.18943454] 0.5714166630508264 2.620862862884289 2.5132195974564784
[0.02844128 0.04143595 0.23613093] [-0.23579751  0.20540867 -0.94984568] [-0.23579751  0.94984568  0.20540867] [-0.94984568  0.20540867  0.23579751] 0.763222066502533 2.4880903337636204 2.477173678196605
[-0.03457307  0.00841615  0.234135  ] [ 0.30789594  0.00769881 -0.95138889] [0.30789594 0.95138889 0.00769881] [-0.95138889  0.00769881 -0.30789594] 0.554592915246344 2.6336373987154014 2.361382002948196
[-0.04088735  0.00190845  0.23765455] [ 0.01864233  0.29770682 -0.95447531] [0.01864233 0.95447531 0.29770682] [-0.95447531  0.29770682 -0.01864233] 0.7851244309533743 2.419733438839308 2.4743955722942568
[-0.05243894 -0.01757578  0.23288626] [ 0.18422165 -0.22823448 -0.95601852] [ 0.18422165  0.95601852 -0.22823448] [-0.95601852 -0.22823448 -0.18422165] 0.18379172412217046 2.502565076722208 2.3705739198253504
[0.03862899 0.05460061 0.23212419] [-0.28498852  0.04309383 -0.95756173] [-0.28498852  0.95756173  0.04309383] [-0.95756173  0.04309383  0.28498852] 0.7379326410432779 2.3704766509805504 2.504266840139763
[-0.05103212  0.00317659  0.23670795] [ 0.23495339  0.15784367 -0.95910494] [0.23495339 0.95910494 0.15784367] [-0.95910494  0.15784367 -0.23495339] 0.5357485900286786 2.648164169701641 2.496861124088203
[0.03826678 0.03310382 0.232206  ] [-0.1315422   0.23850459 -0.96219136] [-0.1315422   0.96219136  0.23850459] [-0.96219136  0.23850459  0.1315422 ] 0.5591214759402864 2.475116194213275 2.630180719708807
[-0.05243894 -0.01757578  0.23288626] [ 0.25287977 -0.08524966 -0.96373457] [ 0.25287977  0.96373457 -0.08524966] [-0.96373457 -0.08524966 -0.25287977] 0.15098630779998093 2.5506402283126866 2.511059916437736
[-0.04088735  0.00190845  0.23765455] [ 0.10245607  0.2340084  -0.96682099] [0.10245607 0.96682099 0.2340084 ] [-0.96682099  0.2340084  -0.10245607] 0.8747527987972872 2.3721556140646745 2.421310025292292
[0.03008504 0.04620623 0.2349318 ] [-0.21364227  0.11677586 -0.96990741] [-0.21364227  0.96990741  0.11677586] [-0.96990741  0.11677586  0.21364227] 0.7334885266378673 2.441960646239685 2.507150251965065
[-0.05243894 -0.01757578  0.23288626] [ 0.23036263  0.05671648 -0.97145062] [0.23036263 0.97145062 0.05671648] [-0.97145062  0.05671648 -0.23036263] 0.18661650125421636 2.623273061794931 2.4173115263313045
[0.03826678 0.03310382 0.232206  ] [-0.03436498  0.22157755 -0.97453704] [-0.03436498  0.97453704  0.22157755] [-0.97453704  0.22157755  0.03436498] 0.4460660652250012 2.38895506500769 2.7204223487882486
[-0.05243894 -0.01757578  0.23288626] [ 0.16969311 -0.13591027 -0.97608025] [ 0.16969311  0.97608025 -0.13591027] [-0.97608025 -0.13591027 -0.16969311] 0.1211455591673266 2.647594633540349 2.4130385990837215
[-0.05103212  0.00317659  0.23670795] [ 0.14030829  0.14678631 -0.97916667] [0.14030829 0.97916667 0.14678631] [-0.97916667  0.14678631 -0.14030829] 0.2839897868105173 2.3657182164212234 2.409607366534992
[0.03826678 0.03310382 0.232206  ] [-0.12373374  0.14095686 -0.98225309] [-0.12373374  0.98225309  0.14095686] [-0.98225309  0.14095686  0.12373374] 0.16646130135129483 2.3595546016404167 2.6854640392758435
[-0.05243894 -0.01757578  0.23288626] [ 0.17823077 -0.01945865 -0.9837963 ] [ 0.17823077  0.9837963  -0.01945865] [-0.9837963  -0.01945865 -0.17823077] 0.14843310931516382 2.7155171364644524 2.3616028112765584
[-0.05664946 -0.00450815  0.2362958 ] [ 0.0314847   0.15833894 -0.98688272] [0.0314847  0.98688272 0.15833894] [-0.98688272  0.15833894 -0.0314847 ] 0.17468553298606007 2.4377611991946857 2.4035699678276865
[-0.04160064  0.01333025  0.22904084] [ 0.1166243   0.05746339 -0.99151235] [0.1166243  0.99151235 0.05746339] [-0.99151235  0.05746339 -0.1166243 ] 0.12030126977660557 2.803839549005848 2.374943261407251
[-0.04088735  0.00190845  0.23765455] [-0.03755991  0.09676026 -0.99459877] [-0.03755991  0.99459877  0.09676026] [-0.99459877  0.09676026  0.03755991] 0.7002076050896499 2.529134716924873 2.4547274235230585
[-0.04896996 -0.01445129  0.23641942] [ 0.0786772  -0.03887239 -0.99614198] [ 0.0786772   0.99614198 -0.03887239] [-0.99614198 -0.03887239 -0.0786772 ] 0.359923191313647 2.794512417441001 2.3812448789500107
[-0.04187483 -0.00635687  0.2392823 ] [ 0.02040958  0.03355687 -0.9992284 ] [0.02040958 0.9992284  0.03355687] [-0.9992284   0.03355687 -0.02040958] 0.7332404988631253 2.5073115369068617 2.440305544324928
