[-0.06720347 -0.00743562  0.03118441] [ 0.91310897 -0.06799304  0.40200617] [ 0.91310897 -0.40200617 -0.06799304] [ 0.40200617 -0.06799304 -0.91310897] 0.9482565909788891 2.381154421258127 2.3595104989290983
[-0.04379956 -0.04735405  0.0342428 ] [0.91487303 0.13086553 0.38194444] [ 0.91487303 -0.38194444  0.13086553] [ 0.38194444  0.13086553 -0.91487303] 0.8387759698421134 2.4420582617428117 2.3697586988406627
[-0.05407396  0.04567462  0.03392966] [ 0.90914984 -0.19194615  0.36959877] [ 0.90914984 -0.36959877 -0.19194615] [ 0.36959877 -0.19194615 -0.90914984] 0.8514988726045183 2.43463640634703 2.3981460241609702
[-0.05004631  0.0521622   0.03640731] [ 0.88697145 -0.31556876  0.33719136] [ 0.88697145 -0.33719136 -0.31556876] [ 0.33719136 -0.31556876 -0.88697145] 0.7092953855035405 2.3822085659172028 2.5230627266139214
[-0.06670849 -0.01717032  0.04381928] [ 0.96346046 -0.041216    0.26466049] [ 0.96346046 -0.26466049 -0.041216  ] [ 0.26466049 -0.041216   -0.96346046] 0.626142225888562 2.4161111899642247 2.5805797303661526
[-0.05993919 -0.03357629  0.04634154] [0.97645012 0.03898704 0.21219136] [ 0.97645012 -0.21219136  0.03898704] [ 0.21219136  0.03898704 -0.97645012] 0.8879445448346659 2.3681962911608156 2.413885436879303
[0.06875544 0.01417199 0.04554184] [-0.97931764 -0.07973103  0.18595679] [-0.97931764 -0.18595679 -0.07973103] [ 0.18595679 -0.07973103  0.97931764] 0.7746734483608917 2.480893979007632 2.380469903477924
[-0.04379956 -0.04735405  0.0342428 ] [0.87705605 0.44851458 0.1720679 ] [ 0.87705605 -0.1720679   0.44851458] [ 0.1720679   0.44851458 -0.87705605] 0.927685105965116 2.3618626980077284 2.392098105973384
[-0.05578939 -0.03840365  0.04449401] [0.97975658 0.12068911 0.15972222] [ 0.97975658 -0.15972222  0.12068911] [ 0.15972222  0.12068911 -0.97975658] 0.8462982489398021 2.362543367963578 2.4376589225144816
[0.06875544 0.01417199 0.04554184] [-0.98677901  0.0518631   0.15354938] [-0.98677901 -0.15354938  0.0518631 ] [0.15354938 0.0518631  0.98677901] 0.8186267205676124 2.454004046262807 2.400335719815774
[-0.05954217  0.04280072  0.04555403] [ 0.99180037 -0.01108885  0.12731481] [ 0.99180037 -0.12731481 -0.01108885] [ 0.12731481 -0.01108885 -0.99180037] 0.9183833432799536 2.3971206936558893 2.3609856356534245
[-0.06522587 -0.01546551  0.0346581 ] [ 0.9850501  -0.14376675  0.09490741] [ 0.9850501  -0.09490741 -0.14376675] [ 0.09490741 -0.14376675 -0.9850501 ] 0.15337846373243494 2.607168364785129 2.394290931636063
[-0.06888747 -0.0052091   0.03590827] [0.99464875 0.07121795 0.07484568] [ 0.99464875 -0.07484568  0.07121795] [ 0.07484568  0.07121795 -0.99464875] 0.24213495295699541 2.4925708343329274 2.3923349409437833
[-0.06824997 -0.01122437  0.03956837] [0.95740693 0.28349724 0.05478395] [ 0.95740693 -0.05478395  0.28349724] [ 0.05478395  0.28349724 -0.95740693] 0.3514455929874714 2.3661382777492497 2.3570504405424404
[-0.06357357  0.03432005  0.04525592] [ 0.9808018  -0.19474908  0.01003086] [ 0.9808018  -0.01003086 -0.19474908] [ 0.01003086 -0.19474908 -0.9808018 ] 0.9835048946978269 2.3629177853581225 2.3593100436763983
[-0.05436651 -0.03635514  0.03438102] [0.93212841 0.36212053 0.00231481] [ 0.93212841 -0.00231481  0.36212053] [ 0.00231481  0.36212053 -0.93212841] 0.9014630049028637 2.4063771959595734 2.3860060143909316
[-0.05436651 -0.03635514  0.03438102] [ 0.89791824  0.43729553 -0.05015432] [0.89791824 0.05015432 0.43729553] [-0.05015432  0.43729553 -0.89791824] 0.8956129147448472 2.370211542985884 2.409613996346643
[-0.0405637  0.0599604  0.0836247] [ 0.75197998 -0.26364512 -0.60416667] [ 0.75197998  0.60416667 -0.26364512] [-0.60416667 -0.26364512 -0.75197998] 0.949193730330203 2.380661210622513 2.3769479132055595
[0.0505568  0.00511321 0.0949154 ] [-0.73149853 -0.31309015 -0.60570988] [-0.73149853  0.60570988 -0.31309015] [-0.60570988 -0.31309015  0.73149853] 0.8514236354329558 2.4157929082621123 2.434680022445901
[-0.0535809   0.00511321  0.0931447 ] [ 0.77023808  0.17981333 -0.61188272] [0.77023808 0.61188272 0.17981333] [-0.61188272  0.17981333 -0.77023808] 0.27741430551191465 2.4508661699766945 2.361531908228629
[0.0505568  0.00511321 0.0949154 ] [-0.78497707 -0.04264191 -0.61805556] [-0.78497707  0.61805556 -0.04264191] [-0.61805556 -0.04264191  0.78497707] 0.6924109641035273 2.534385528035081 2.4192607017513943
[-0.0535809   0.00511321  0.0931447 ] [ 0.77554809 -0.09414916 -0.6242284 ] [ 0.77554809  0.6242284  -0.09414916] [-0.6242284  -0.09414916 -0.77554809] 0.8723862679945512 2.42265226306098 2.3960818496771275
[0.0505568  0.00511321 0.0949154 ] [-0.74253722  0.22634655 -0.63040123] [-0.74253722  0.63040123  0.22634655] [-0.63040123  0.22634655  0.74253722] 0.7501754027656984 2.4963866428876997 2.4509452273414536
[0.0505568  0.00511321 0.0949154 ] [-0.74190644 -0.20586685 -0.63811728] [-0.74190644  0.63811728 -0.20586685] [-0.63811728 -0.20586685  0.74190644] 0.8180216611340854 2.4468250623318597 2.4543664322815752
[-0.0535809   0.00511321  0.0931447 ] [ 0.76128912  0.07300081 -0.64429012] [0.76128912 0.64429012 0.07300081] [-0.64429012  0.07300081 -0.76128912] 0.3377767469348585 2.3724451369215007 2.3564456385979464
[0.0505568  0.00511321 0.0949154 ] [-0.75714044  0.06030167 -0.65046296] [-0.75714044  0.65046296  0.06030167] [-0.65046296  0.06030167  0.75714044] 0.7394111275842931 2.503310284736826 2.454597975767477
[0.0505568  0.00511321 0.0949154 ] [-0.73494312 -0.10126824 -0.67052469] [-0.73494312  0.67052469 -0.10126824] [-0.67052469 -0.10126824  0.73494312] 0.7602443053903208 2.451151346555099 2.4899747099194567
[-0.00151207  0.00511321  0.0983698 ] [ 0.03648925 -0.73818467 -0.67361111] [ 0.03648925  0.67361111 -0.73818467] [-0.67361111 -0.73818467 -0.03648925] 0.6345050943388372 2.574594740842894 2.5363545409268
[0.0505568  0.00511321 0.0949154 ] [-0.71399596  0.1545892  -0.68287037] [-0.71399596  0.68287037  0.1545892 ] [-0.68287037  0.1545892   0.71399596] 0.7173447142023558 2.44830586000454 2.517727889163268
[-0.00151207  0.00511321  0.0983698 ] [ 0.18920355 -0.69499641 -0.69367284] [ 0.18920355  0.69367284 -0.69499641] [-0.69367284 -0.69499641 -0.18920355] 0.5076338849248992 2.4144583423340364 2.6702639499046317
[0.0505568  0.00511321 0.0949154 ] [-0.71125336 -0.00226391 -0.7029321 ] [-0.71125336  0.7029321  -0.00226391] [-0.7029321  -0.00226391  0.71125336] 0.6985157007340655 2.4290272632622627 2.53027090442315
[-0.00151207  0.00511321  0.0983698 ] [-0.05966848 -0.70567523 -0.70601852] [-0.05966848  0.70601852 -0.70567523] [-0.70601852 -0.70567523  0.05966848] 0.5330865986318237 2.650234787916876 2.431855725526617
[-0.00151207  0.00511321  0.0983698 ] [ 0.09053528 -0.68162368 -0.72608025] [ 0.09053528  0.72608025 -0.68162368] [-0.72608025 -0.68162368 -0.09053528] 0.4933012156606371 2.4989893978931694 2.68172576492249
[-0.00151207  0.00511321  0.0983698 ] [-0.14590908 -0.65835985 -0.73842593] [-0.14590908  0.73842593 -0.65835985] [-0.73842593 -0.65835985  0.14590908] 0.4704953510368326 2.7002334639574825 2.4436284593575923
[-0.00151207  0.00511321  0.0983698 ] [-0.00110482 -0.65168647 -0.75848765] [-0.00110482  0.75848765 -0.65168647] [-0.75848765 -0.65168647  0.00110482] 0.6172911858417874 2.4769374245687343 2.586963316896214
[-0.00151207  0.00511321  0.0983698 ] [-0.24135555  0.58752189 -0.77237654] [-0.24135555  0.77237654  0.58752189] [-0.77237654  0.58752189  0.24135555] 0.21194603600645812 2.468732322737381 2.3675847118256685
[-0.00151207  0.00511321  0.0983698 ] [ 0.0314847   0.15833894 -0.98688272] [0.0314847  0.98688272 0.15833894] [-0.98688272  0.15833894 -0.0314847 ] 0.9929069577570427 2.3581609652739615 2.3564506939372944
