[0.0212376  0.0514235  0.00667482] [ 0.01423268 -0.03660663  0.9992284 ] [ 0.01423268 -0.9992284  -0.03660663] [ 0.9992284  -0.03660663 -0.01423268] 0.594927456831219 2.443054246491091 2.6033186590867383
[0.02428527 0.04841127 0.00735628] [-0.06098302  0.03008891  0.99768519] [-0.06098302 -0.99768519  0.03008891] [0.99768519 0.03008891 0.06098302] 0.8934840829921387 2.4107965382736904 2.357057711277882
[0.02428527 0.04841127 0.00735628] [0.08425872 0.02452821 0.99614198] [ 0.08425872 -0.99614198  0.02452821] [ 0.99614198  0.02452821 -0.08425872] 0.6914203374049689 2.535055437448487 2.5181558615037254
[0.0212376  0.0514235  0.00667482] [-0.05388788 -0.08870959  0.99459877] [-0.05388788 -0.99459877 -0.08870959] [ 0.99459877 -0.08870959  0.05388788] 0.8510084128912534 2.357387951934296 2.434920791363539
[0.02428527 0.04841127 0.00735628] [ 0.10479061 -0.07695581  0.99151235] [ 0.10479061 -0.99151235 -0.07695581] [ 0.99151235 -0.07695581 -0.10479061] 0.7081530194612266 2.4926332607204142 2.5238231430940132
[0.02428527 0.04841127 0.00735628] [0.10014145 0.1139556  0.98842593] [ 0.10014145 -0.98842593  0.1139556 ] [ 0.98842593  0.1139556  -0.10014145] 0.6091434175525056 2.5928845097584774 2.4694143498345094
[0.0212376  0.0514235  0.00667482] [ 0.00333586 -0.16140439  0.98688272] [ 0.00333586 -0.98688272 -0.16140439] [ 0.98688272 -0.16140439 -0.00333586] 0.800826411694056 2.360467542608853 2.4647553513075264
[ 0.0212376  -0.0168528   0.00332367] [ 0.1788891  -0.01198066  0.9837963 ] [ 0.1788891  -0.9837963  -0.01198066] [ 0.9837963  -0.01198066 -0.1788891 ] 0.9178029702340215 2.39743561829308 2.3734021935784018
[0.02428527 0.04841127 0.00735628] [-0.14645815 -0.11717032  0.98225309] [-0.14645815 -0.98225309 -0.11717032] [ 0.98225309 -0.11717032  0.14645815] 0.3942416783451621 2.7644675286704397 2.49654887439363
[0.0373026 0.0313422 0.017978 ] [ 0.11250405 -0.16904283  0.97916667] [ 0.11250405 -0.97916667 -0.16904283] [ 0.97916667 -0.16904283 -0.11250405] 0.03111673609878082 2.9633878046202096 2.895981360965346
[0.0212376  0.0313422  0.00814646] [-0.2042353   0.05040159  0.97762346] [-0.2042353  -0.97762346  0.05040159] [0.97762346 0.05040159 0.2042353 ] 0.11800436336187879 2.828382678161555 2.62297255409431
[0.02428527 0.04841127 0.00735628] [0.19082888 0.10417145 0.97608025] [ 0.19082888 -0.97608025  0.10417145] [ 0.97608025  0.10417145 -0.19082888] 0.5090116180534141 2.669169113735913 2.388871859200938
[0.0343232  0.02911765 0.0116918 ] [ 0.21690998 -0.09609245  0.97145062] [ 0.21690998 -0.97145062 -0.09609245] [ 0.97145062 -0.09609245 -0.21690998] 0.06548524803606023 2.4423578671565593 2.827700571575623
[0.0212376  0.0313422  0.00814646] [-0.23075892 -0.07765269  0.96990741] [-0.23075892 -0.96990741 -0.07765269] [ 0.96990741 -0.07765269  0.23075892] 0.11189057928267662 2.8396262695077463 2.66139317480892
[0.0373026 0.0313422 0.017978 ] [0.12063377 0.21844513 0.9683642 ] [ 0.12063377 -0.9683642   0.21844513] [ 0.9683642   0.21844513 -0.12063377] 0.04418789556010848 2.9055431985503253 2.8125344752243837
[0.0212376  0.0313422  0.00814646] [-0.21675765  0.14579072  0.96527778] [-0.21675765 -0.96527778  0.14579072] [0.96527778 0.14579072 0.21675765] 0.1523771773325186 2.739920040319853 2.621612063693795
[0.0212376  0.0313422  0.00814646] [0.26388473 0.03975593 0.96373457] [ 0.26388473 -0.96373457  0.03975593] [ 0.96373457  0.03975593 -0.26388473] 0.38112616501730584 2.4251551114250267 2.775869292318953
[0.0373026 0.0313422 0.017978 ] [ 0.20376146 -0.19646624  0.95910494] [ 0.20376146 -0.95910494 -0.19646624] [ 0.95910494 -0.19646624 -0.20376146] 0.04065374231636143 2.9109213680424966 2.8017935298702854
[0.0212376  0.0313422  0.00814646] [-0.28813425  0.00736144  0.95756173] [-0.28813425 -0.95756173  0.00736144] [0.95756173 0.00736144 0.28813425] 0.1322418536284352 2.7857923834873657 2.71121523072088
[0.02428527 0.04841127 0.00735628] [0.22126458 0.19253721 0.95601852] [ 0.22126458 -0.95601852  0.19253721] [ 0.95601852  0.19253721 -0.22126458] 0.4235135778839572 2.739389038836452 2.4789157468594176
[0.0212376  0.0313422  0.00814646] [ 0.30181497 -0.06137515  0.95138889] [ 0.30181497 -0.95138889 -0.06137515] [ 0.95138889 -0.06137515 -0.30181497] 0.41571906320690116 2.4365106766663236 2.7460165772891183
[0.0212376  0.0313422  0.00814646] [-0.26805907 -0.16105129  0.94984568] [-0.26805907 -0.94984568 -0.16105129] [ 0.94984568 -0.16105129  0.26805907] 0.13770070329758347 2.7758085364356626 2.687632169598608
[ 0.0212376  -0.00078784  0.00171691] [ 0.14104005 -0.28940388  0.94675926] [ 0.14104005 -0.94675926 -0.28940388] [ 0.94675926 -0.28940388 -0.14104005] 0.8941348378336206 2.410434785795514 2.373696502297456
[0.0212376  0.0313422  0.00814646] [-0.30367703  0.11977847  0.94521605] [-0.30367703 -0.94521605  0.11977847] [0.94521605 0.11977847 0.30367703] 0.11322669838507286 2.8214729972156736 2.7145264578092787
[0.0212376  0.0313422  0.00814646] [-0.14980273 -0.29991816  0.94212963] [-0.14980273 -0.94212963 -0.29991816] [ 0.94212963 -0.29991816  0.14980273] 0.6713980920021659 2.5019708622356713 2.5487289433958646
[0.0212376  0.0313422  0.00814646] [ 0.29295911 -0.17992446  0.93904321] [ 0.29295911 -0.93904321 -0.17992446] [ 0.93904321 -0.17992446 -0.29295911] 0.4402286390451054 2.3859664390117743 2.725301587401341
[0.0212376  0.0313422  0.00814646] [-0.34166627 -0.06601447  0.9375    ] [-0.34166627 -0.9375     -0.06601447] [ 0.9375     -0.06601447  0.34166627] 0.10264983505454778 2.856421255202374 2.7775713911745035
[0.02428527 0.04841127 0.00735628] [0.20980251 0.28278578 0.93595679] [ 0.20980251 -0.93595679  0.28278578] [ 0.93595679  0.28278578 -0.20980251] 0.8200773014200213 2.452403296111232 2.4531361301443653
[0.0212376  0.0313422  0.00814646] [-0.26941722  0.2390967   0.93287037] [-0.26941722 -0.93287037  0.2390967 ] [0.93287037 0.2390967  0.26941722] 0.14532327701150652 2.7688769147113765 2.694754266434259
[0.0212376  0.0313422  0.00814646] [0.36413826 0.00574895 0.93132716] [ 0.36413826 -0.93132716  0.00574895] [ 0.93132716  0.00574895 -0.36413826] 0.5008365963531372 2.5193158973586556 2.6756833379074982
[0.0212376  0.0313422  0.00814646] [-0.26747069 -0.25290559  0.92978395] [-0.26747069 -0.92978395 -0.25290559] [ 0.92978395 -0.25290559  0.26747069] 0.16188985484312665 2.7013943819599335 2.659543622071662
[0.0343232  0.02911765 0.0116918 ] [ 0.23333572 -0.29459485  0.92669753] [ 0.23333572 -0.92669753 -0.29459485] [ 0.92669753 -0.29459485 -0.23333572] 0.08147356676611017 2.8168664566857258 2.7158586405390945
[0.0212376  0.0313422  0.00814646] [-0.37478573  0.06020913  0.92515432] [-0.37478573 -0.92515432  0.06020913] [0.92515432 0.06020913 0.37478573] 0.12133794856429345 2.785397601841983 2.7992702490197985
[0.0212376  0.0313422  0.00814646] [ 0.37246409 -0.12939683  0.91898148] [ 0.37246409 -0.91898148 -0.12939683] [ 0.91898148 -0.12939683 -0.37246409] 0.5206164732413012 2.4818104570791943 2.6599955712988383
[0.0212376  0.0313422  0.00814646] [-0.36533457 -0.15759971  0.91743827] [-0.36533457 -0.91743827 -0.15759971] [ 0.91743827 -0.15759971  0.36533457] 0.12236299449819568 2.805642780472828 2.786573044315732
[0.0212376  0.0313422  0.00814646] [-0.3565299   0.1991653   0.91280864] [-0.3565299  -0.91280864  0.1991653 ] [0.91280864 0.1991653  0.3565299 ] 0.14450361093602868 2.7276372310682118 2.7416542162655757
[0.0212376  0.0313422  0.00814646] [0.40076815 0.09476392 0.91126543] [ 0.40076815 -0.91126543  0.09476392] [ 0.91126543  0.09476392 -0.40076815] 0.5714085785280281 2.5795761521890683 2.6208689574544572
[0.0212376  0.0313422  0.00814646] [-0.23341195 -0.34340114  0.90972222] [-0.23341195 -0.90972222 -0.34340114] [ 0.90972222 -0.34340114  0.23341195] 0.1897595410528496 2.6679139079576473 2.6395402595882693
[0.02428527 0.04841127 0.00735628] [-0.06033844  0.41421028  0.90817901] [-0.06033844 -0.90817901  0.41421028] [0.90817901 0.41421028 0.06033844] 0.8383978983968136 2.442280235217176 2.378067195409804
[0.02428527 0.04841127 0.00735628] [ 0.3268682  -0.26677463  0.9066358 ] [ 0.3268682  -0.9066358  -0.26677463] [ 0.9066358  -0.26677463 -0.3268682 ] 0.7771620212930574 2.390286163300608 2.479340609307688
[0.0212376  0.0313422  0.00814646] [-0.42452114 -0.02427339  0.90509259] [-0.42452114 -0.90509259 -0.02427339] [ 0.90509259 -0.02427339  0.42452114] 0.09829126153651044 2.7690865856026696 2.867864492026731
[0.0373026 0.0313422 0.017978 ] [0.29891302 0.30700085 0.90354938] [ 0.29891302 -0.90354938  0.30700085] [ 0.90354938  0.30700085 -0.29891302] 0.04584565577242807 2.884804163619745 2.6511566211468502
[0.0212376  0.0152772  0.00267092] [ 0.43506883 -0.05155959  0.89891975] [ 0.43506883 -0.89891975 -0.05155959] [ 0.89891975 -0.05155959 -0.43506883] 0.22249657413266694 2.4606204625236834 2.5777952573731797
[0.0212376  0.0313422  0.00814646] [-0.35819306 -0.25770734  0.89737654] [-0.35819306 -0.89737654 -0.25770734] [ 0.89737654 -0.25770734  0.35819306] 0.14131667577132623 2.7252578370230833 2.741302437036274
[0.0212376  0.0313422  0.00814646] [-0.43135205  0.13014745  0.89274691] [-0.43135205 -0.89274691  0.13014745] [0.89274691 0.13014745 0.43135205] 0.10530660220970095 2.699613401020479 2.8414817864128423
[0.0343232  0.02911765 0.0116918 ] [0.40872247 0.19672799 0.8912037 ] [ 0.40872247 -0.8912037   0.19672799] [ 0.8912037   0.19672799 -0.40872247] 0.09649885012353154 2.4079441402931483 2.63064971763038
[0.0212376  0.0313422  0.00814646] [-0.16961291 -0.42395244  0.88966049] [-0.16961291 -0.88966049 -0.42395244] [ 0.88966049 -0.42395244  0.16961291] 0.6317941900637114 2.4188104425541352 2.5765298868999773
[0.0212376  0.0152772  0.00267092] [ 0.41282306 -0.20871879  0.88657407] [ 0.41282306 -0.88657407 -0.20871879] [ 0.88657407 -0.20871879 -0.41282306] 0.20831977105711283 2.403451206511244 2.588162003780682
[0.0212376  0.0313422  0.00814646] [-0.44822659 -0.12575093  0.88503086] [-0.44822659 -0.88503086 -0.12575093] [ 0.88503086 -0.12575093  0.44822659] 0.09327125441611059 2.729342221909073 2.881135285477091
[0.0373026 0.0313422 0.017978 ] [0.24710618 0.39798002 0.88348765] [ 0.24710618 -0.88348765  0.39798002] [ 0.88348765  0.39798002 -0.24710618] 0.05763206176347326 2.807334070804275 2.6044628411998096
[0.0212376  0.0313422  0.00814646] [-0.37947392  0.28441731  0.88040123] [-0.37947392 -0.88040123  0.28441731] [0.88040123 0.28441731 0.37947392] 0.1535041653632366 2.6481662577863654 2.749993032600445
[0.0212376  0.0313422  0.00814646] [0.47477343 0.04689097 0.87885802] [ 0.47477343 -0.87885802  0.04689097] [ 0.87885802  0.04689097 -0.47477343] 0.18823570551231736 2.4086213270744743 2.6141868898558327
[0.03271259 0.05740946 0.01230011] [-0.3202988  -0.3573897   0.87731481] [-0.3202988  -0.87731481 -0.3573897 ] [ 0.87731481 -0.3573897   0.3202988 ] 0.795687198400898 2.4678943529101858 2.3665233316401983
[0.0212376  0.0313422  0.00814646] [-0.48685038  0.03738019  0.87268519] [-0.48685038 -0.87268519  0.03738019] [0.87268519 0.03738019 0.48685038] 0.07468045132408954 2.670982152603248 2.925146612094016
[0.0212376  0.0152772  0.00267092] [0.38640066 0.30299536 0.87114198] [ 0.38640066 -0.87114198  0.30299536] [ 0.87114198  0.30299536 -0.38640066] 0.26071645879312827 2.3731102147083316 2.4818621159261567
[0.03271259 0.05740946 0.01230011] [-0.08069521 -0.48712039  0.86959877] [-0.08069521 -0.86959877 -0.48712039] [ 0.86959877 -0.48712039  0.08069521] 0.6040659488367914 2.5965961935936894 2.3583831117045104
[ 0.02257633 -0.02306053  0.00498794] [-0.27102127  0.41596517  0.86805556] [-0.27102127 -0.86805556  0.41596517] [0.86805556 0.41596517 0.27102127] 0.23575842277834347 2.4339588846743085 2.3964828763830734
[0.0212376  0.0152772  0.00267092] [ 0.48342694 -0.12431714  0.86651235] [ 0.48342694 -0.86651235 -0.12431714] [ 0.86651235 -0.12431714 -0.48342694] 0.254869302462449 2.4993926922587475 2.514863299891722
[0.0212376  0.0514235  0.00667482] [-0.44279441 -0.23613874  0.86496914] [-0.44279441 -0.86496914 -0.23613874] [ 0.86496914 -0.23613874  0.44279441] 0.10181450298110663 2.6609339218465093 2.373195409098382
[0.0212376  0.0313422  0.00814646] [-0.4640013   0.21099462  0.86033951] [-0.4640013  -0.86033951  0.21099462] [0.86033951 0.21099462 0.4640013 ] 0.14392470603428761 2.6237792241898212 2.372528559991731
[0.0212376  0.0152772  0.00267092] [0.48713311 0.15865135 0.8587963 ] [ 0.48713311 -0.8587963   0.15865135] [ 0.8587963   0.15865135 -0.48713311] 0.2577082296098548 2.377288209602229 2.466089330229752
[0.03271259 0.05740946 0.01230011] [-0.2532976  -0.4482828   0.85725309] [-0.2532976  -0.85725309 -0.4482828 ] [ 0.85725309 -0.4482828   0.2532976 ] 0.5352016562664742 2.648589225640074 2.422928550867206
[ 0.0212376  -0.0168528   0.00332367] [ 0.42862883 -0.29440896  0.85416667] [ 0.42862883 -0.85416667 -0.29440896] [ 0.85416667 -0.29440896 -0.42862883] 0.2027263951562158 2.374593071043738 2.5856032178939405
[0.0212376  0.0313422  0.00814646] [-0.51742981 -0.0727986   0.85262346] [-0.51742981 -0.85262346 -0.0727986 ] [ 0.85262346 -0.0727986   0.51742981] 0.13531176507606094 2.6222227130413454 2.4320614670325487
[0.0343232  0.02911765 0.0116918 ] [0.33395829 0.40513488 0.85108025] [ 0.33395829 -0.85108025  0.40513488] [ 0.85108025  0.40513488 -0.33395829] 0.06358608346841553 2.895235680118704 2.4886744389088635
[ 0.02257633 -0.02306053  0.00498794] [-0.37793139  0.37158355  0.84799383] [-0.37793139 -0.84799383  0.37158355] [0.84799383 0.37158355 0.37793139] 0.1351787428196202 2.6391866135217423 2.44635555622803
[0.0212376  0.0152772  0.00267092] [ 0.53213552 -0.01879202  0.84645062] [ 0.53213552 -0.84645062 -0.01879202] [ 0.84645062 -0.01879202 -0.53213552] 0.22382954701231203 2.5750978845883696 2.467222211119828
[0.03271259 0.05740946 0.01230011] [-0.4069343  -0.34718287  0.84490741] [-0.4069343  -0.84490741 -0.34718287] [ 0.84490741 -0.34718287  0.4069343 ] 0.7467672274425198 2.498571078158512 2.430063129800705
[ 0.0323305  -0.0168528   0.00382254] [-0.53020307  0.11321646  0.84027778] [-0.53020307 -0.84027778  0.11321646] [0.84027778 0.11321646 0.53020307] 0.6175304761548825 2.5867900682841958 2.4138415777760645
[0.0212376  0.0152772  0.00267092] [0.46948758 0.27587268 0.83873457] [ 0.46948758 -0.83873457  0.27587268] [ 0.83873457  0.27587268 -0.46948758] 0.271963236051543 2.461322409294794 2.4210080133224485
[ 0.0232457  -0.0274631   0.00767557] [-0.23579938  0.49607542  0.83564815] [-0.23579938 -0.83564815  0.49607542] [0.83564815 0.49607542 0.23579938] 0.2308344985143883 2.4054121324146855 2.4298166012341356
[ 0.0212376  -0.0168528   0.00332367] [ 0.51113419 -0.20739042  0.83410494] [ 0.51113419 -0.83410494 -0.20739042] [ 0.83410494 -0.20739042 -0.51113419] 0.23186333854789087 2.4134488551744733 2.523817308501928
[0.0212376  0.0313422  0.00814646] [-0.51916513 -0.19315418  0.83256173] [-0.51916513 -0.83256173 -0.19315418] [ 0.83256173 -0.19315418  0.51916513] 0.14473408144938138 2.592785783791256 2.4296656801763463
[0.0212376  0.0313422  0.00814646] [-0.47500835  0.29815349  0.8279321 ] [-0.47500835 -0.8279321   0.29815349] [0.8279321  0.29815349 0.47500835] 0.1670269852632667 2.552881988932892 2.3775060030540387
[-0.00767948  0.02732594  0.00547021] [0.55389048 0.10142356 0.82638889] [ 0.55389048 -0.82638889  0.10142356] [ 0.82638889  0.10142356 -0.55389048] 0.7268292914699306 2.4355669047021746 2.5114938057505753
[0.02335888 0.05758654 0.01095319] [-0.34127408 -0.45073452  0.82484568] [-0.34127408 -0.82484568 -0.45073452] [ 0.82484568 -0.45073452  0.34127408] 0.13869068953072544 2.6102297020751917 2.474500280375887
[0.0212376  0.0313422  0.00814646] [-0.57204347 -0.00344941  0.82021605] [-0.57204347 -0.82021605 -0.00344941] [ 0.82021605 -0.00344941  0.57204347] 0.14805355343018559 2.557665765666208 2.5078686870461775
[0.0212376  0.0152772  0.00267092] [0.42109487 0.39045344 0.81867284] [ 0.42109487 -0.81867284  0.39045344] [ 0.81867284  0.39045344 -0.42109487] 0.25740561619125035 2.4231491803852476 2.4115166397718566
[ 0.02257633 -0.02306053  0.00498794] [-0.35482674  0.45707415  0.81558642] [-0.35482674 -0.81558642  0.45707415] [0.81558642 0.45707415 0.35482674] 0.15434104693919776 2.5814365289936054 2.500955019695674
[ 0.0212376  -0.0168528   0.00332367] [ 0.57252546 -0.09771515  0.81404321] [ 0.57252546 -0.81404321 -0.09771515] [ 0.81404321 -0.09771515 -0.57252546] 0.26272137914060534 2.465355680606347 2.4653910452599295
[0.0212376  0.0313422  0.00814646] [-0.48998095 -0.31585189  0.8125    ] [-0.48998095 -0.8125     -0.31585189] [ 0.8125     -0.31585189  0.48998095] 0.14150747857792081 2.5640704810183834 2.3836117713662874
[0.0212376  0.0313422  0.00814646] [-0.55480762  0.19883152  0.80787037] [-0.55480762 -0.80787037  0.19883152] [0.80787037 0.19883152 0.55480762] 0.1570642233877406 2.5137797364605112 2.4775183131473497
[-0.00767948  0.02732594  0.00547021] [0.54535172 0.22897165 0.80632716] [ 0.54535172 -0.80632716  0.22897165] [ 0.80632716  0.22897165 -0.54535172] 0.7916789936594378 2.415775094157471 2.4703534766229986
[ 0.02324568 -0.02957184  0.01333471] [-0.18169364  0.5672669   0.80324074] [-0.18169364 -0.80324074  0.5672669 ] [0.80324074 0.5672669  0.18169364] 0.1499075249685111 2.557023055984386 2.4171536510199827
[0.0212376  0.0152772  0.00267092] [ 0.51896042 -0.29658245  0.80169753] [ 0.51896042 -0.80169753 -0.29658245] [ 0.80169753 -0.29658245 -0.51896042] 0.3159073800489577 2.41179071223515 2.432722576912075
[0.0212376  0.0313422  0.00814646] [-0.58501723 -0.13231745  0.80015432] [-0.58501723 -0.80015432 -0.13231745] [ 0.80015432 -0.13231745  0.58501723] 0.1652689463592632 2.5321501212879873 2.5116362480286347
[0.0373026 0.0313422 0.017978 ] [0.34316506 0.49442698 0.79861111] [ 0.34316506 -0.79861111  0.49442698] [ 0.79861111  0.49442698 -0.34316506] 0.04627050315711636 2.86941007902253 2.446483547728733
[ 0.02257633 -0.02306053  0.00498794] [-0.46566316  0.38768323  0.79552469] [-0.46566316 -0.79552469  0.38768323] [0.79552469 0.38768323 0.46566316] 0.16682157695436184 2.5459167361821127 2.532038006190104
[0.0212376  0.0152772  0.00267092] [0.60726029 0.02878106 0.79398148] [ 0.60726029 -0.79398148  0.02878106] [ 0.79398148  0.02878106 -0.60726029] 0.19802664155194244 2.5140173379316555 2.462712985622868
[0.0212376  0.0313422  0.00814646] [-0.4297498  -0.43284719  0.79243827] [-0.4297498  -0.79243827 -0.43284719] [ 0.79243827 -0.43284719  0.4297498 ] 0.2058785473392244 2.5324533702198613 2.4177713768579836
[0.0212376  0.0313422  0.00814646] [-0.61090369  0.07844884  0.78780864] [-0.61090369 -0.78780864  0.07844884] [0.78780864 0.07844884 0.61090369] 0.1437469693846698 2.494847314427184 2.5552278779066944
[0.0212376  0.0152772  0.00267092] [0.5050621  0.35594795 0.78626543] [ 0.5050621  -0.78626543  0.35594795] [ 0.78626543  0.35594795 -0.5050621 ] 0.2128337097053976 2.5155805038970156 2.3615716287417956
[0.02324568 0.05842448 0.02173246] [-0.13239606 -0.60554299  0.78472222] [-0.13239606 -0.78472222 -0.60554299] [ 0.78472222 -0.60554299  0.13239606] 0.17254628414517945 2.532903091862559 2.378265646483631
[ 0.02257633 -0.02306053  0.00498794] [-0.31239272  0.53762573  0.78317901] [-0.31239272 -0.78317901  0.53762573] [0.78317901 0.53762573 0.31239272] 0.17211793705304373 2.527043238971589 2.531336427456673
[0.0212376  0.0152772  0.00267092] [ 0.59536023 -0.18598835  0.7816358 ] [ 0.59536023 -0.7816358  -0.18598835] [ 0.7816358  -0.18598835 -0.59536023] 0.20030600390531883 2.6055174741597504 2.3874497646959445
[0.0212376  0.0313422  0.00814646] [-0.56637964 -0.26583764  0.78009259] [-0.56637964 -0.78009259 -0.26583764] [ 0.78009259 -0.26583764  0.56637964] 0.15901886411827745 2.5096020040633418 2.4774839769310817
[ 0.02257633 -0.02306053  0.00498794] [-0.56066354  0.29036802  0.77546296] [-0.56066354 -0.77546296  0.29036802] [0.77546296 0.29036802 0.56066354] 0.1313002363766085 2.505161053672265 2.56038689955754
[-0.00767948  0.02732594  0.00547021] [0.61138186 0.16510735 0.77391975] [ 0.61138186 -0.77391975  0.16510735] [ 0.77391975  0.16510735 -0.61138186] 0.7420393440803812 2.5016132089702507 2.4219943855013852
[0.02335888 0.05758654 0.01095319] [-0.34029343 -0.536316    0.77237654] [-0.34029343 -0.77237654 -0.536316  ] [ 0.77237654 -0.536316    0.34029343] 0.1522997008242439 2.522095919719772 2.568511018357553
[ 0.02324568 -0.02957184  0.01333471] [-0.11168265  0.6271706   0.77083333] [-0.11168265 -0.77083333  0.6271706 ] [0.77083333 0.6271706  0.11168265] 0.1687916203701964 2.5013154036971326 2.450250609519469
[0.0212376  0.0152772  0.00267092] [ 0.50747854 -0.38814719  0.76929012] [ 0.50747854 -0.76929012 -0.38814719] [ 0.76929012 -0.38814719 -0.50747854] 0.3442940934493787 2.380307200492746 2.389989217214837
[ 0.0373026  -0.00078784  0.00223446] [-0.63823486 -0.05675335  0.76774691] [-0.63823486 -0.76774691 -0.05675335] [ 0.76774691 -0.05675335  0.63823486] 0.775812769290084 2.480182349006685 2.38586625200823
[0.0373026 0.0313422 0.017978 ] [0.43352259 0.47433115 0.7662037 ] [ 0.43352259 -0.7662037   0.47433115] [ 0.7662037   0.47433115 -0.43352259] 0.032260990542240985 2.948952973789884 2.395745245898746
[ 0.02257633 -0.02306053  0.00498794] [-0.43709086  0.47602898  0.76311728] [-0.43709086 -0.76311728  0.47602898] [0.76311728 0.47602898 0.43709086] 0.15113895521642096 2.495526544367901 2.5908150094566396
[0.0212376  0.0152772  0.00267092] [ 0.64566123 -0.05591517  0.76157407] [ 0.64566123 -0.76157407 -0.05591517] [ 0.76157407 -0.05591517 -0.64566123] 0.1347056923433796 2.7045733337846296 2.4171001477764733
[0.0212376  0.0313422  0.00814646] [-0.51529509 -0.39601017  0.76003086] [-0.51529509 -0.76003086 -0.39601017] [ 0.76003086 -0.39601017  0.51529509] 0.1886870590845715 2.479108653947763 2.5087592261048535
[ 0.0323305  -0.0168528   0.00382254] [-0.63299238  0.16938012  0.75540123] [-0.63299238 -0.75540123  0.16938012] [0.75540123 0.16938012 0.63299238] 0.24776341844249933 2.4854495230369533 2.3580502732055084
[-0.00767948  0.02732594  0.00547021] [0.58273763 0.30350442 0.75385802] [ 0.58273763 -0.75385802  0.30350442] [ 0.75385802  0.30350442 -0.58273763] 0.8322811111815603 2.445883028805203 2.3840069519641736
[0.02324568 0.05842448 0.02173246] [-0.22528235 -0.61908827  0.75231481] [-0.22528235 -0.75231481 -0.61908827] [ 0.75231481 -0.61908827  0.22528235] 0.1645002744959684 2.4881086048770817 2.5858686732633016
[ 0.03328634 -0.02955782  0.01322328] [-0.25274461  0.61029678  0.7507716 ] [-0.25274461 -0.7507716   0.61029678] [0.7507716  0.61029678 0.25274461] 0.2658917328048435 2.47502483426411 2.3812304781945555
[-0.00744997  0.04855471  0.00561866] [ 0.6002013  -0.28002716  0.7492284 ] [ 0.6002013  -0.7492284  -0.28002716] [ 0.7492284  -0.28002716 -0.6002013 ] 0.7946230921048351 2.468546270312532 2.4390736038476417
[ 0.0373026  -0.00078784  0.00223446] [-0.6333866  -0.19947     0.74768519] [-0.6333866  -0.74768519 -0.19947   ] [ 0.74768519 -0.19947     0.6333866 ] 0.28400309572514615 2.488747976482509 2.3741948638183623
[ 0.03328633 -0.02708457  0.00767557] [-0.54791459  0.38426299  0.74305556] [-0.54791459 -0.74305556  0.38426299] [0.74305556 0.38426299 0.54791459] 0.2766134489089702 2.447389695546706 2.3830218706744137
[0.0212376  0.0152772  0.00267092] [0.66527614 0.08698906 0.74151235] [ 0.66527614 -0.74151235  0.08698906] [ 0.74151235  0.08698906 -0.66527614] 0.16640801088427987 2.5940529591827914 2.37747571355995
[0.0212376  0.0313422  0.00814646] [-0.43288875 -0.51483299  0.73996914] [-0.43288875 -0.73996914 -0.51483299] [ 0.73996914 -0.51483299  0.43288875] 0.2141822866851325 2.432131419809645 2.4378057237633173
[ 0.03328634 -0.02955782  0.01322328] [-0.02863793  0.67372622  0.73842593] [-0.02863793 -0.73842593  0.67372622] [0.73842593 0.67372622 0.02863793] 0.3434045321894304 2.3641855718692955 2.3701521515344783
[0.05394303 0.00842655 0.00357728] [-0.67701114  0.03052426  0.73533951] [-0.67701114 -0.73533951  0.03052426] [0.73533951 0.03052426 0.67701114] 0.8551272866787913 2.432536802779408 2.370519429060844
[0.02324568 0.05897963 0.05185436] [-0.09003631 -0.67505472  0.73225309] [-0.09003631 -0.73225309 -0.67505472] [ 0.73225309 -0.67505472  0.09003631] 0.10389439427069393 2.440706649084092 2.666531401839503
[ 0.02257633 -0.02306053  0.00498794] [-0.39055002  0.55994085  0.73070988] [-0.39055002 -0.73070988  0.55994085] [0.73070988 0.55994085 0.39055002] 0.13974436138312232 2.4470276894209215 2.6250724237802396
[ 0.00517255 -0.00078784  0.00460487] [ 0.6678223  -0.14943006  0.72916667] [ 0.6678223  -0.72916667 -0.14943006] [ 0.72916667 -0.14943006 -0.6678223 ] 0.9349191964578377 2.3565619238944904 2.3882240561775365
[0.0212376  0.0313422  0.00814646] [-0.59479246 -0.34173972  0.72762346] [-0.59479246 -0.72762346 -0.34173972] [ 0.72762346 -0.34173972  0.59479246] 0.15765316030565626 2.4302703721498995 2.5916885017638447
[ 0.0373026  -0.00078784  0.00223446] [-0.63760149  0.26597794  0.72299383] [-0.63760149 -0.72299383  0.26597794] [0.72299383 0.26597794 0.63760149] 0.32800594808290856 2.403386375739828 2.3679925494676146
[ 0.0212376  -0.00078784  0.00171691] [0.65132868 0.23511689 0.72145062] [ 0.65132868 -0.72145062  0.23511689] [ 0.72145062  0.23511689 -0.65132868] 0.11192048626201137 2.7281407447885244 2.3733536634497643
[0.0212376  0.0313422  0.00814646] [-0.32219502 -0.61475499  0.71990741] [-0.32219502 -0.71990741 -0.61475499] [ 0.71990741 -0.61475499  0.32219502] 0.18733731398437606 2.4015021314501506 2.5475126390710634
[ 0.04332696 -0.03011385  0.02173246] [-0.17809331  0.67248469  0.7183642 ] [-0.17809331 -0.7183642   0.67248469] [0.7183642  0.67248469 0.17809331] 0.8941327306112749 2.4104359568159968 2.359166394347941
[ 0.00517255 -0.00078784  0.00460487] [ 0.58691575 -0.37642739  0.71682099] [ 0.58691575 -0.71682099 -0.37642739] [ 0.71682099 -0.37642739 -0.58691575] 0.961538952961019 2.3727191474124814 2.3742069121165073
[ 0.0533676  -0.00075699  0.0036622 ] [-0.68860627 -0.11915997  0.71527778] [-0.68860627 -0.71527778 -0.11915997] [ 0.71527778 -0.11915997  0.68860627] 0.9148719040639561 2.3990288715738073 2.376960971516972
[0.03328634 0.05884662 0.06189498] [ 0.0587651  -0.69952136  0.71219136] [ 0.0587651  -0.71219136 -0.69952136] [ 0.71219136 -0.69952136 -0.0587651 ] 0.2636809230815408 2.4193399429282927 2.3828798937618667
[ 0.0614001  -0.01283658  0.0058351 ] [-0.51699943  0.47716957  0.71064815] [-0.51699943 -0.71064815  0.47716957] [0.71064815 0.47716957 0.51699943] 0.9231594458170415 2.362181997084467 2.39453596855176
[0.0212376  0.0313422  0.00814646] [-0.52283811 -0.47539111  0.70756173] [-0.52283811 -0.70756173 -0.47539111] [ 0.70756173 -0.47539111  0.52283811] 0.14961394165175212 2.399941308095821 2.536883750317751
[ 0.03328634 -0.03002294  0.07193562] [0.06454299 0.70524609 0.70601852] [ 0.06454299 -0.70601852  0.70524609] [ 0.70601852  0.70524609 -0.06454299] 0.31749948403180644 2.356525509455211 2.3970570962840663
[0.05394303 0.00842655 0.00357728] [-0.69991777  0.12649737  0.7029321 ] [-0.69991777 -0.7029321   0.12649737] [0.7029321  0.12649737 0.69991777] 0.9004216397342911 2.3804464786951467 2.4069519969172113
[0.03328634 0.05884662 0.06189498] [-0.18800321 -0.68910871  0.69984568] [-0.18800321 -0.69984568 -0.68910871] [ 0.69984568 -0.68910871  0.18800321] 0.32891697461491776 2.397795144465356 2.3654854391718736
[ 0.03328634 -0.02955782  0.01322328] [-0.32754892  0.63646317  0.69830247] [-0.32754892 -0.69830247  0.63646317] [0.69830247 0.63646317 0.32754892] 0.3236270983320588 2.399873142984837 2.402021548040505
[-0.01957067  0.04759843  0.05185436] [ 0.67285823 -0.24857259  0.69675926] [ 0.67285823 -0.69675926 -0.24857259] [ 0.69675926 -0.24857259 -0.67285823] 0.20246336334998638 2.3599401566980687 2.3658186325437374
[0.0614001  0.0233097  0.00652823] [-0.66543784 -0.27178508  0.69521605] [-0.66543784 -0.69521605 -0.27178508] [ 0.69521605 -0.27178508  0.66543784] 0.9447940450546319 2.3829807459381698 2.366657642515086
[0.00517255 0.0152772  0.00469363] [0.30772126 0.65124928 0.69367284] [ 0.30772126 -0.69367284  0.65124928] [ 0.69367284  0.65124928 -0.30772126] 0.8947213161831222 2.4101089647730927 2.3589588519736675
[0.03328634 0.05849359 0.05185436] [ 0.21344705 -0.68949034  0.69212963] [ 0.21344705 -0.69212963 -0.68949034] [ 0.69212963 -0.68949034 -0.21344705] 0.2972357833397811 2.3790274280620136 2.364548796458002
[ 0.0614001  -0.01283658  0.0058351 ] [-0.62440811  0.36497248  0.69058642] [-0.62440811 -0.69058642  0.36497248] [0.69058642 0.36497248 0.62440811] 0.8720015203566357 2.380657546338449 2.422870780009465
[0.0212376  0.0313422  0.00814646] [-0.41986099 -0.59250358  0.6875    ] [-0.41986099 -0.6875     -0.59250358] [ 0.6875     -0.59250358  0.41986099] 0.15299815431873404 2.3568210792552593 2.637331615981738
[ 0.05990206 -0.02852959  0.01429949] [-0.09081996  0.72195223  0.68595679] [-0.09081996 -0.68595679  0.72195223] [0.68595679 0.72195223 0.09081996] 0.9585949152701577 2.375738886419688 2.3587717910449935
[-0.00486808  0.0554397   0.00658995] [ 0.55574609 -0.47193679  0.68441358] [ 0.55574609 -0.68441358 -0.47193679] [ 0.68441358 -0.47193679 -0.55574609] 0.6401452937166191 2.3748670766417956 2.5705837412687664
[0.05394303 0.00842655 0.00357728] [-0.73002314 -0.02746394  0.68287037] [-0.73002314 -0.68287037 -0.02746394] [ 0.68287037 -0.02746394  0.73002314] 0.9554218254306864 2.360119324668688 2.3773951049279884
[0.0437078  0.05947173 0.12219742] [-0.03660742 -0.73249824  0.67978395] [-0.03660742 -0.67978395 -0.73249824] [ 0.67978395 -0.73249824  0.03660742] 0.9620548531982949 2.373938919408267 2.3637130100072867
[ 0.05990206 -0.02852959  0.01429949] [-0.46871271  0.56594867  0.67824074] [-0.46871271 -0.67824074  0.56594867] [0.67824074 0.56594867 0.46871271] 0.948215558786595 2.363200642062755 2.38117602679564
[ 0.06686222 -0.00375111  0.0127291 ] [-0.6070938  -0.41905102  0.67515432] [-0.6070938  -0.67515432 -0.41905102] [ 0.67515432 -0.41905102  0.6070938 ] 0.2897651385629899 2.383255085540198 2.3614507083669767
[ 0.04332696 -0.03011385  0.02173246] [0.16490165 0.72045508 0.67361111] [ 0.16490165 -0.67361111  0.72045508] [ 0.67361111  0.72045508 -0.16490165] 0.9113110337481475 2.358121486638849 2.4009707388525183
[ 0.05537575 -0.0208691   0.00614905] [-0.70594537  0.22811789  0.67052469] [-0.70594537 -0.67052469  0.22811789] [0.67052469 0.22811789 0.70594537] 0.9656478835199055 2.361955688972719 2.3720762887411055
[0.02385919 0.05981772 0.11174903] [-0.29004421 -0.6858575   0.66743827] [-0.29004421 -0.66743827 -0.6858575 ] [ 0.66743827 -0.6858575   0.29004421] 0.12731318016638268 2.3579287361842716 2.620659357443384
[ 0.04332696 -0.03169175  0.1823826 ] [-0.24988283  0.70295259  0.66589506] [-0.24988283 -0.66589506  0.70295259] [0.66589506 0.70295259 0.24988283] 0.9414808089224384 2.384734237951502 2.3819541199137846
[-0.00744997  0.04855471  0.00561866] [ 0.66030782 -0.35018595  0.66435185] [ 0.66030782 -0.66435185 -0.35018595] [ 0.66435185 -0.35018595 -0.66030782] 0.7063371170992365 2.5250335869116 2.4166031897895524
[ 0.0533676  -0.00075699  0.0036622 ] [-0.72476258 -0.18815928  0.66280864] [-0.72476258 -0.66280864 -0.18815928] [ 0.66280864 -0.18815928  0.72476258] 0.873576038125447 2.368400810654516 2.4219770614114444
[ 0.00517255 -0.00078784  0.00460487] [0.60777771 0.45772197 0.64891975] [ 0.60777771 -0.64891975  0.45772197] [ 0.64891975  0.45772197 -0.60777771] 0.7842262598597445 2.392441965137939 2.474951469152397
[ 0.04332696 -0.03011385  0.02173246] [0.26943051 0.71851584 0.6412037 ] [ 0.26943051 -0.6412037   0.71851584] [ 0.6412037   0.71851584 -0.26943051] 0.3099872218547284 2.357506638122116 2.3779342463279294
[-0.00486808  0.0554397   0.00658995] [ 0.63015063 -0.45117225  0.63194444] [ 0.63015063 -0.63194444 -0.45117225] [ 0.63194444 -0.45117225 -0.63015063] 0.7717496937128536 2.4612408964949166 2.48272377784493
[ 0.06686222 -0.00375111  0.0127291 ] [-0.6050613  -0.49614916  0.62268519] [-0.6050613  -0.62268519 -0.49614916] [ 0.62268519 -0.49614916  0.6050613 ] 0.7455702068973563 2.499339992199318 2.3977710400069787
[-0.00486808  0.0554397   0.00658995] [ 0.58280814 -0.54853443  0.59953704] [ 0.58280814 -0.59953704 -0.54853443] [ 0.59953704 -0.54853443 -0.58280814] 0.6698839421886995 2.3779665962029317 2.5497733579993445
[-0.00486808  0.0554397   0.00658995] [ 0.69956454 -0.41811221  0.57947531] [ 0.69956454 -0.57947531 -0.41811221] [ 0.57947531 -0.41811221 -0.69956454] 0.9286664523040042 2.383986646316686 2.391570928451433
[ 0.06686222 -0.00375111  0.0127291 ] [-0.59005959 -0.57156219  0.57021605] [-0.59005959 -0.57021605 -0.57156219] [ 0.57021605 -0.57156219  0.59005959] 0.7604996790001447 2.4898128931775054 2.416153739954129
[-0.00687621  0.06082197  0.04181372] [ 0.65485053 -0.52142832  0.5470679 ] [ 0.65485053 -0.5470679  -0.52142832] [ 0.5470679  -0.52142832 -0.65485053] 0.19155741590044825 2.4611039696027692 2.3785802135591476
[ 0.06686222 -0.00375111  0.0127291 ] [-0.6783639  -0.50058394  0.53780864] [-0.6783639  -0.53780864 -0.50058394] [ 0.53780864 -0.50058394  0.6783639 ] 0.7302047977638453 2.3793692737059686 2.509288654298646
[ 0.0614001  -0.00279596  0.00507497] [-0.56326441 -0.64394979  0.51774691] [-0.56326441 -0.51774691 -0.64394979] [ 0.51774691 -0.64394979  0.56326441] 0.7801242823903835 2.477496440001757 2.4164710730200496
[-0.00687621  0.06073997  0.05185436] [ 0.59352807 -0.61874793  0.51466049] [ 0.59352807 -0.51466049 -0.61874793] [ 0.51466049 -0.61874793 -0.59352807] 0.02798051884172006 2.358606098910803 2.475527392090884
[-0.00486808  0.0554397   0.00658995] [ 0.72228778 -0.48339675  0.49459877] [ 0.72228778 -0.49459877 -0.48339675] [ 0.49459877 -0.48339675 -0.72228778] 0.8981073185674562 2.4082315632104327 2.363963445986801
[ 0.01083337 -0.0168528   0.0035437 ] [0.54578862 0.6786239  0.49151235] [ 0.54578862 -0.49151235  0.6786239 ] [ 0.49151235  0.6786239  -0.54578862] 0.2955013783137543 2.4183842650604648 2.374408062630251
[ 0.0614001  -0.00279596  0.00507497] [-0.65825073 -0.57545768  0.48533951] [-0.65825073 -0.48533951 -0.57545768] [ 0.48533951 -0.57545768  0.65825073] 0.7111719088641792 2.3830428970548376 2.5218153962639374
[-0.00687621  0.06073997  0.05185436] [ 0.6646125  -0.58708549  0.46219136] [ 0.6646125  -0.46219136 -0.58708549] [ 0.46219136 -0.58708549 -0.6646125 ] 0.12764229397201612 2.4385031561951536 2.430684097125902
[-0.0075456  -0.01350595  0.00552063] [0.64410316 0.61184456 0.45910494] [ 0.64410316 -0.45910494  0.61184456] [ 0.45910494  0.61184456 -0.64410316] 0.8768811141025203 2.410419977060963 2.42010558330885
[ 0.04332695 -0.0248854   0.00644798] [0.56279706 0.74687713 0.35416667] [ 0.56279706 -0.35416667  0.74687713] [ 0.35416667  0.74687713 -0.56279706] 0.8754109728544625 2.3682369947393958 2.42093728439277
[ 0.04332696 -0.03169175  0.1823826 ] [-0.61334894  0.72266915  0.31867284] [-0.61334894 -0.31867284  0.72266915] [0.31867284 0.72266915 0.61334894] 0.2787408406880444 2.3689133827309656 2.3917892614932246
[ 0.03228227 -0.02306448  0.00552335] [0.50893626 0.80620251 0.30169753] [ 0.50893626 -0.30169753  0.80620251] [ 0.30169753  0.80620251 -0.50893626] 0.20601920428553364 2.431351958908167 2.475636791679345
[ 0.03228227 -0.02306448  0.00552335] [0.44758592 0.85880851 0.2492284 ] [ 0.44758592 -0.2492284   0.85880851] [ 0.2492284   0.85880851 -0.44758592] 0.1687133095600605 2.3725276967272158 2.5697559574373887
[ 0.05299249 -0.02959025  0.20067479] [-0.65970972  0.72931718  0.18132716] [-0.65970972 -0.18132716  0.72931718] [0.18132716 0.72931718 0.65970972] 0.960107831945539 2.3749510546034553 2.3676338525795813
[ 0.04332696 -0.0317667   0.192423  ] [-0.69323539  0.71936801  0.04398148] [-0.69323539 -0.04398148  0.71936801] [0.04398148 0.71936801 0.69323539] 0.9306479830341753 2.390508025033977 2.3767875805788443
[ 0.00316443 -0.02956598  0.04181372] [ 0.66085671  0.72978721 -0.17515432] [0.66085671 0.17515432 0.72978721] [-0.17515432  0.72978721 -0.66085671] 0.2871261089306882 2.3970747021498244 2.378364757381591
[ 0.03328634 -0.03002543  0.2016254 ] [-0.66884038  0.72172209 -0.17824074] [-0.66884038  0.17824074  0.72172209] [-0.17824074  0.72172209  0.66884038] 0.9342033127350692 2.367224145877388 2.388606185955547
[ 0.00316443 -0.02956598  0.04181372] [ 0.61507109  0.72390006 -0.3125    ] [0.61507109 0.3125     0.72390006] [-0.3125      0.72390006 -0.61507109] 0.2972931550807759 2.3797167145490428 2.372874919563747
[ 0.05381889 -0.03127311  0.1623012 ] [-0.70562651  0.60549676 -0.36805556] [-0.70562651  0.36805556  0.60549676] [-0.36805556  0.60549676  0.70562651] 0.21187296784457077 2.395242191209382 2.368592784234346
[ 0.00316443 -0.02935677  0.02173246] [ 0.48112449  0.71846994 -0.50231481] [0.48112449 0.50231481 0.71846994] [-0.50231481  0.71846994 -0.48112449] 0.9347269708279285 2.388326637011832 2.3658134829967365
[-0.00688028 -0.03088523  0.18227414] [-0.44209145  0.73245702 -0.51774691] [-0.44209145  0.51774691  0.73245702] [-0.51774691  0.73245702  0.44209145] 0.9524463776292827 2.3700945087321097 2.3789529394829834
[ 0.00316443 -0.02935677  0.02173246] [ 0.40427658  0.72716932 -0.55478395] [0.40427658 0.55478395 0.72716932] [-0.55478395  0.72716932 -0.40427658] 0.9525183409396775 2.3637122370257067 2.3789152074905453
[-0.00737336 -0.02910409  0.02173246] [ 0.32740981  0.72391056 -0.60725309] [0.32740981 0.60725309 0.72391056] [-0.60725309  0.72391056 -0.32740981] 0.829638589303459 2.44744619438186 2.3799062198500014
[ 0.01320506 -0.02938518  0.03177308] [ 0.16107936  0.76192491 -0.62731481] [0.16107936 0.62731481 0.76192491] [-0.62731481  0.76192491 -0.16107936] 0.2899672474455412 2.3612883895336854 2.4319215048511658
[-0.01744673  0.04730053  0.20112   ] [ 0.69928566  0.33413437 -0.63194444] [0.69928566 0.63194444 0.33413437] [-0.63194444  0.33413437 -0.69928566] 0.9528542206304548 2.378739134032208 2.37617719517353
[-0.00688028 -0.03088523  0.18227414] [-0.27083349  0.72345354 -0.63503086] [-0.27083349  0.63503086  0.72345354] [-0.63503086  0.72345354  0.27083349] 0.9530160359026483 2.3786543289831967 2.368122080833088
[ 0.01320506 -0.02968521  0.05185436] [-0.00614399  0.76214557 -0.64737654] [-0.00614399  0.64737654  0.76214557] [-0.64737654  0.76214557  0.00614399] 0.2666651638550357 2.3572759200805367 2.4353554287693004
[-0.00708676 -0.02976292  0.06181775] [ 0.25209797  0.70796413 -0.65972222] [0.25209797 0.65972222 0.70796413] [-0.65972222  0.70796413 -0.25209797] 0.3335725469032087 2.3978388835835798 2.362385932845193
[-0.01744673  0.04730053  0.20112   ] [ 0.71133494  0.22943239 -0.66435185] [0.71133494 0.66435185 0.22943239] [-0.66435185  0.22943239 -0.71133494] 0.9163763265599428 2.373605731409906 2.3982105245314544
[ 0.03328634 -0.02940464  0.04181372] [-0.16575174  0.72598382 -0.66743827] [-0.16575174  0.66743827  0.72598382] [-0.66743827  0.72598382  0.16575174] 0.014846181387998631 2.3702308387884545 2.5321893692071824
[ 0.01289745 -0.0318427   0.19272726] [ 0.47262638  0.57004302 -0.6720679 ] [0.47262638 0.6720679  0.57004302] [-0.6720679   0.57004302 -0.47262638] 0.19164721307732885 2.3706614796564764 2.462610541632101
[-0.01750628  0.02741451  0.20247014] [ 0.7357255  -0.02807906 -0.67669753] [ 0.7357255   0.67669753 -0.02807906] [-0.67669753 -0.02807906 -0.7357255 ] 0.870363097359893 2.3616312812887705 2.42380225340161
[ 0.0328956  -0.03060593  0.1022808 ] [ 0.09193579  0.72762737 -0.67978395] [0.09193579 0.67978395 0.72762737] [-0.67978395  0.72762737 -0.09193579] -0.013754634181714775 2.3912906167619585 2.6248880766239844
[-0.01763453  0.03732282  0.20215727] [ 0.67076872 -0.27438802 -0.68904321] [ 0.67076872  0.68904321 -0.27438802] [-0.68904321 -0.27438802 -0.67076872] 0.8565956930552597 2.3573824827358294 2.4316892371674776
[ 0.01289745 -0.0318427   0.19272726] [ 0.33062986  0.64159214 -0.69212963] [0.33062986 0.69212963 0.64159214] [-0.69212963  0.64159214 -0.33062986] 0.2305101265847616 2.3863339249711233 2.448989627285289
[-0.01744673  0.04730053  0.20112   ] [ 0.70593869  0.12718922 -0.69675926] [0.70593869 0.69675926 0.12718922] [-0.69675926  0.12718922 -0.70593869] 0.9362237556595215 2.3875284002983013 2.363557214585276
[ 0.03328634 -0.02949053  0.03177308] [-0.06471223  0.7113567  -0.69984568] [-0.06471223  0.69984568  0.7113567 ] [-0.69984568  0.7113567   0.06471223] -0.0049528764648704305 2.4347946445297075 2.5191907836750977
[ 0.01641806 -0.02046748  0.2071798 ] [ 0.52180309  0.48107803 -0.70447531] [0.52180309 0.70447531 0.48107803] [-0.70447531  0.48107803 -0.52180309] 0.1729162309858791 2.3843949853357023 2.416934864501812
[-0.01744673  0.04730053  0.20112   ] [ 0.6947118  -0.12060558 -0.70910494] [ 0.6947118   0.70910494 -0.12060558] [-0.70910494 -0.12060558 -0.6947118 ] 0.9196493721212452 2.3876440541502433 2.396434346995621
[ 0.01289745 -0.0318427   0.19272726] [ 0.18007971  0.67849449 -0.71219136] [0.18007971 0.71219136 0.67849449] [-0.71219136  0.67849449 -0.18007971] 0.22850331700930768 2.4232516757490825 2.3717003964031815
[ 0.02276206 -0.00165066  0.20647356] [-0.65719526  0.23763858 -0.71527778] [-0.65719526  0.71527778  0.23763858] [-0.71527778  0.23763858  0.65719526] 0.24379126070673227 2.410919978458868 2.3751180682022985
[ 0.02324568 -0.01283659  0.2076654 ] [ 0.64365657  0.26809307 -0.71682099] [0.64365657 0.71682099 0.26809307] [-0.71682099  0.26809307 -0.64365657] 0.10300829327904695 2.3789529229368203 2.5847456461998455
[0.02324568 0.01728532 0.20595308] [ 0.60023136 -0.34529888 -0.72145062] [ 0.60023136  0.72145062 -0.34529888] [-0.72145062 -0.34529888 -0.60023136] 0.1317773736935 2.3626372424804716 2.5757548362584863
[ 0.01344319 -0.02987192  0.20053358] [ 0.39460315  0.56509684 -0.72453704] [0.39460315 0.72453704 0.56509684] [-0.72453704  0.56509684 -0.39460315] 0.20492538874945226 2.4254483896528263 2.40155395046712
[0.02324568 0.03736656 0.20603612] [-0.52593589  0.44040384 -0.72762346] [-0.52593589  0.72762346  0.44040384] [-0.72762346  0.44040384  0.52593589] 0.20979670409506876 2.4441541617039 2.377304072253734
[0.02326684 0.00665033 0.2062519 ] [ 0.68365831  0.0304515  -0.72916667] [0.68365831 0.72916667 0.0304515 ] [-0.72916667  0.0304515  -0.68365831] 0.07667742802180802 2.3818975819655357 2.778540093362302
[ 0.0241063  -0.00623846  0.20692314] [-0.6719309   0.08823082 -0.73533951] [-0.6719309   0.73533951  0.08823082] [-0.73533951  0.08823082  0.6719309 ] 0.26532295694023483 2.3921839092446024 2.3801661462469985
[0.02326684 0.00665033 0.2062519 ] [ 0.55368541  0.38786123 -0.73688272] [0.55368541 0.73688272 0.38786123] [-0.73688272  0.38786123 -0.55368541] 0.18711000062144542 2.4214517704123026 2.3605779328927885
[0.02326684 0.00665033 0.2062519 ] [ 0.63984479 -0.20188632 -0.74151235] [ 0.63984479  0.74151235 -0.20188632] [-0.74151235 -0.20188632 -0.63984479] 0.11302273530054241 2.369459177010632 2.650070499543772
[0.02324568 0.02732594 0.2058658 ] [-0.60662432 -0.28262232 -0.74305556] [-0.60662432  0.74305556 -0.28262232] [-0.74305556 -0.28262232  0.60662432] 0.2625435108361375 2.371696036334839 2.374744947242416
[ 0.01289745 -0.0318427   0.19272726] [ 0.25573927  0.61657936 -0.74459877] [0.25573927 0.74459877 0.61657936] [-0.74459877  0.61657936 -0.25573927] 0.22292831178485423 2.46536045945905 2.366184313076797
[0.01424157 0.02709925 0.20643388] [-0.58879338  0.3070655  -0.74768519] [-0.58879338  0.74768519  0.3070655 ] [-0.74768519  0.3070655   0.58879338] 0.07834913883210276 2.404061420442702 2.3929764140421605
[0.02326684 0.00665033 0.2062519 ] [ 0.63989498  0.17085439 -0.7492284 ] [0.63989498 0.7492284  0.17085439] [-0.7492284   0.17085439 -0.63989498] 0.14413293429294707 2.4243394772546 2.5362451676666
[0.02326684 0.00665033 0.2062519 ] [ 0.52074685 -0.40065047 -0.75385802] [ 0.52074685  0.75385802 -0.40065047] [-0.75385802 -0.40065047 -0.52074685] 0.21180881711424715 2.3707960136821358 2.4736529954515283
[0.02324568 0.03736656 0.20603612] [-0.65284973 -0.05618009 -0.75540123] [-0.65284973  0.75540123 -0.05618009] [-0.75540123 -0.05618009  0.65284973] 0.21010986485744804 2.3849831105820454 2.3689300326858325
[0.02326684 0.00665033 0.2062519 ] [ 0.64549943 -0.05775309 -0.76157407] [ 0.64549943  0.76157407 -0.05775309] [-0.76157407 -0.05775309 -0.64549943] 0.09014624894631672 2.4283384607296976 2.7217453759120445
[ 0.04332696 -0.02187318  0.20777515] [-0.51353832 -0.39233966 -0.76311728] [-0.51353832  0.76311728 -0.39233966] [-0.76311728 -0.39233966  0.51353832] 0.9069496213807449 2.4033585694388586 2.3839933895560543
[0.02352865 0.05825529 0.19284839] [ 0.34398055 -0.5427792  -0.7662037 ] [ 0.34398055  0.7662037  -0.5427792 ] [-0.7662037  -0.5427792  -0.34398055] 0.15082403543830797 2.3828874543743592 2.541400746117563
[0.02326684 0.00665033 0.2062519 ] [-0.61850214  0.16739109 -0.76774691] [-0.61850214  0.76774691  0.16739109] [-0.76774691  0.16739109  0.61850214] 0.2750887680204846 2.39095757515997 2.3709896319666237
[0.02326684 0.00665033 0.2062519 ] [ 0.56748886  0.29351166 -0.76929012] [0.56748886 0.76929012 0.29351166] [-0.76929012  0.29351166 -0.56748886] 0.16697596723472324 2.4658903701470067 2.423142886246697
[0.02326684 0.00665033 0.2062519 ] [ 0.57313086 -0.26938678 -0.77391975] [ 0.57313086  0.77391975 -0.26938678] [-0.77391975 -0.26938678 -0.57313086] 0.14041870974173248 2.4117754641523708 2.5548420743768947
[0.01424157 0.02709925 0.20643388] [-0.60277209 -0.18794413 -0.77546296] [-0.60277209  0.77546296 -0.18794413] [-0.77546296 -0.18794413  0.60277209] 0.059142162662931666 2.3728823485199606 2.414294113641183
[0.02324568 0.03736656 0.20603612] [-0.5112215   0.36070503 -0.78009259] [-0.5112215   0.78009259  0.36070503] [-0.78009259  0.36070503  0.5112215 ] 0.26210861319169143 2.4017511761114516 2.3964454752412427
[0.02326684 0.00665033 0.2062519 ] [ 0.61869817  0.07910785 -0.7816358 ] [0.61869817 0.7816358  0.07910785] [-0.7816358   0.07910785 -0.61869817] 0.0976014452830974 2.4634552096383464 2.691472888690181
[0.02277304 0.05542582 0.20108319] [ 0.43510328 -0.43871609 -0.78626543] [ 0.43510328  0.78626543 -0.43871609] [-0.78626543 -0.43871609 -0.43510328] 0.1567617419069362 2.4268777290804184 2.49699232186577
[0.01424157 0.02709925 0.20643388] [-0.61521353  0.02949327 -0.78780864] [-0.61521353  0.78780864  0.02949327] [-0.78780864  0.02949327  0.61521353] 0.05093950122973994 2.4412936824351545 2.3807155722635907
[0.02324568 0.02732594 0.2058658 ] [ 0.47204014  0.39255797 -0.78935185] [0.47204014 0.78935185 0.39255797] [-0.78935185  0.39255797 -0.47204014] 0.21355817735597862 2.3698826310390526 2.4261865087792205
[0.02326684 0.00665033 0.2062519 ] [ 0.59289124 -0.13443727 -0.79398148] [ 0.59289124  0.79398148 -0.13443727] [-0.79398148 -0.13443727 -0.59289124] 0.12494980555201944 2.4559111085902776 2.607280869479882
[ 0.04332696 -0.02187318  0.20777515] [-0.5262356  -0.30036071 -0.79552469] [-0.5262356   0.79552469 -0.30036071] [-0.79552469 -0.30036071  0.5262356 ] 0.891421349354711 2.3794052738251774 2.4119447521750708
[0.02352865 0.05825529 0.19284839] [ 0.25150175 -0.5467789  -0.79861111] [ 0.25150175  0.79861111 -0.5467789 ] [-0.79861111 -0.5467789  -0.25150175] 0.17768890543015053 2.4285503384277947 2.4340048333027147
[0.01424157 0.02709925 0.20643388] [-0.55290071  0.23249487 -0.80015432] [-0.55290071  0.80015432  0.23249487] [-0.80015432  0.23249487  0.55290071] 0.06846193766690158 2.367327835069341 2.4705377404237305
[0.02326684 0.00665033 0.2062519 ] [ 0.5627962   0.20134922 -0.80169753] [0.5627962  0.80169753 0.20134922] [-0.80169753  0.20134922 -0.5627962 ] 0.151901319201129 2.511490516419631 2.438102350072605
[0.02326684 0.00665033 0.2062519 ] [ 0.49695815 -0.32073215 -0.80632716] [ 0.49695815  0.80632716 -0.32073215] [-0.80632716 -0.32073215 -0.49695815] 0.17202114464825174 2.458129881527457 2.4581766733831585
[0.01424157 0.02709925 0.20643388] [-0.58101323 -0.09883871 -0.80787037] [-0.58101323  0.80787037 -0.09883871] [-0.80787037 -0.09883871  0.58101323] 0.05422622055218754 2.3994672226890623 2.410352504764523
[ 0.02346084 -0.02991952  0.20114811] [ 0.36035482  0.46367452 -0.80941358] [0.36035482 0.80941358 0.46367452] [-0.80941358  0.46367452 -0.36035482] 0.10674061597708648 2.49714364414792 2.5597074165658853
[0.02326684 0.00665033 0.2062519 ] [ 0.58079177 -0.00381796 -0.81404321] [ 0.58079177  0.81404321 -0.00381796] [-0.81404321 -0.00381796 -0.58079177] 0.10957088125776862 2.514980952277031 2.6446677578867597
[0.01424157 0.02709925 0.20643388] [-0.56264199  0.10334226 -0.82021605] [-0.56264199  0.82021605  0.10334226] [-0.82021605  0.10334226  0.56264199] 0.051130207690347866 2.373114955087746 2.4394527102951518
[0.02324568 0.02732594 0.2058658 ] [ 0.48280126  0.30267914 -0.82175926] [0.48280126 0.82175926 0.30267914] [-0.82175926  0.30267914 -0.48280126] 0.1372750439012552 2.5868557827216465 2.46002115049281
[0.02326684 0.00665033 0.2062519 ] [ 0.52765044 -0.19663779 -0.82638889] [ 0.52765044  0.82638889 -0.19663779] [-0.82638889 -0.19663779 -0.52765044] 0.15118383971067675 2.503427350041238 2.520363289885216
[0.01536149 0.017329   0.20652238] [-0.51979466 -0.21057529 -0.8279321 ] [-0.51979466  0.8279321  -0.21057529] [-0.8279321  -0.21057529  0.51979466] 0.14866030188928211 2.5718840788680835 2.445763323297186
[0.02352865 0.05825529 0.19284839] [ 0.16298256 -0.53183165 -0.83101852] [ 0.16298256  0.83101852 -0.53183165] [-0.83101852 -0.53183165 -0.16298256] 0.16198495411943625 2.479293196040121 2.40486951087003
[0.02326684 0.00665033 0.2062519 ] [ 0.53950695  0.11489647 -0.83410494] [0.53950695 0.83410494 0.11489647] [-0.83410494  0.11489647 -0.53950695] 0.14729578812007718 2.554075380489602 2.4253990043596136
[0.01536149 0.017329   0.20652238] [ 0.41406648 -0.353657   -0.83873457] [ 0.41406648  0.83873457 -0.353657  ] [-0.83873457 -0.353657   -0.41406648] 0.9514247728389531 2.3794888826334275 2.3769367621530586
[0.02324568 0.03736656 0.20603612] [-0.54182869 -0.01883937 -0.84027778] [-0.54182869  0.84027778 -0.01883937] [-0.84027778 -0.01883937  0.54182869] 0.20312851411132554 2.357741443116349 2.506779335465964
[ 1.66918778e-02 -7.53496667e-05  2.06521111e-01] [-0.34001623  0.4129412  -0.84490741] [-0.34001623  0.84490741  0.4129412 ] [-0.84490741  0.4129412   0.34001623] 0.1957990803157024 2.3743398079003004 2.593962706945344
[0.02326684 0.00665033 0.2062519 ] [ 0.52723384 -0.07447032 -0.84645062] [ 0.52723384  0.84645062 -0.07447032] [-0.84645062 -0.07447032 -0.52723384] 0.12849540923005723 2.571039704427745 2.5752635035686438
[0.01570302 0.00801421 0.20650106] [-0.49675185  0.16208281 -0.85262346] [-0.49675185  0.85262346  0.16208281] [-0.85262346  0.16208281  0.49675185] 0.15559248257833672 2.585663941487913 2.5171692664052694
[ 0.01641806 -0.02046748  0.2071798 ] [ 0.47347428  0.21499166 -0.85416667] [0.47347428 0.85416667 0.21499166] [-0.85416667  0.21499166 -0.47347428] 0.33647090122453893 2.376857659781089 2.3602625571041314
[0.02326684 0.00665033 0.2062519 ] [ 0.4519212  -0.24132168 -0.8587963 ] [ 0.4519212   0.8587963  -0.24132168] [-0.8587963  -0.24132168 -0.4519212 ] 0.21609014408270066 2.373158870144518 2.428481179757188
[ 0.01074406 -0.01623199  0.206449  ] [-0.49372874 -0.12668017 -0.86033951] [-0.49372874  0.86033951 -0.12668017] [-0.86033951 -0.12668017  0.49372874] 0.08595580321754172 2.4851777998917064 2.5486928259470547
[0.01424157 0.02709925 0.20643388] [-0.3947261   0.30987046 -0.86496914] [-0.3947261   0.86496914  0.30987046] [-0.86496914  0.30987046  0.3947261 ] 0.13993284652089139 2.66029103444109 2.370322304358087
[0.02326684 0.00665033 0.2062519 ] [ 0.49771153  0.0379419  -0.86651235] [0.49771153 0.86651235 0.0379419 ] [-0.86651235  0.0379419  -0.49771153] 0.11790613360826742 2.613402627527254 2.5467333318810037
[ 0.01368319 -0.01216722  0.20728619] [-0.48589292  0.04825597 -0.87268519] [-0.48589292  0.87268519  0.04825597] [-0.87268519  0.04825597  0.48589292] 0.19477056319925523 2.4686161949049747 2.361060254265603
[0.01424157 0.02709925 0.20643388] [ 0.38866261  0.29097437 -0.8742284 ] [0.38866261 0.8742284  0.29097437] [-0.8742284   0.29097437 -0.38866261] 0.8594336321422382 2.430054657299102 2.3622781518458327
[0.02326684 0.00665033 0.2062519 ] [ 0.4592781  -0.12912087 -0.87885802] [ 0.4592781   0.87885802 -0.12912087] [-0.87885802 -0.12912087 -0.4592781 ] 0.12468555983947534 2.608206606977502 2.4536656431694484
[ 0.01641806 -0.02046748  0.2071798 ] [-0.42332973 -0.21374191 -0.88040123] [-0.42332973  0.88040123 -0.21374191] [-0.88040123 -0.21374191  0.42332973] 0.23453339433523226 2.482159132880006 2.379899947984599
[0.01424157 0.02709925 0.20643388] [-0.41936138  0.20212966 -0.88503086] [-0.41936138  0.88503086  0.20212966] [-0.88503086  0.20212966  0.41936138] 0.13047380452269808 2.6883641303284236 2.3777086633724633
[0.01424157 0.02709925 0.20643388] [ 0.44294007  0.13338106 -0.88657407] [0.44294007 0.88657407 0.13338106] [-0.88657407  0.13338106 -0.44294007] 0.8416765151931846 2.3879971940051052 2.440358039057591
[ 1.66918778e-02 -7.53496667e-05  2.06521111e-01] [ 0.36806397 -0.26511294 -0.8912037 ] [ 0.36806397  0.8912037  -0.26511294] [-0.8912037  -0.26511294 -0.36806397] 0.7659240419532962 2.4863851565798 2.370359120035136
[ 0.01074406 -0.01623199  0.206449  ] [-0.44745628 -0.05278092 -0.89274691] [-0.44745628  0.89274691 -0.05278092] [-0.89274691 -0.05278092  0.44745628] 0.15084927623891092 2.432184567604093 2.397789113082494
[0.02326684 0.00665033 0.2062519 ] [ 0.43738523 -0.02524753 -0.89891975] [ 0.43738523  0.89891975 -0.02524753] [-0.89891975 -0.02524753 -0.43738523] 0.19212025243598285 2.4770646810469152 2.476902448576175
[ 0.01641806 -0.02046748  0.2071798 ] [-0.33710352 -0.27482298 -0.90046296] [-0.33710352  0.90046296 -0.27482298] [-0.90046296 -0.27482298  0.33710352] 0.25493088161079225 2.441428783136607 2.439697340161925
[0.01424157 0.02709925 0.20643388] [-0.41375045  0.09807123 -0.90509259] [-0.41375045  0.90509259  0.09807123] [-0.90509259  0.09807123  0.41375045] 0.1856356704102888 2.503357624712804 2.390462187563006
[0.01536149 0.017329   0.20652238] [ 0.36845067  0.20556173 -0.9066358 ] [0.36845067 0.9066358  0.20556173] [-0.9066358   0.20556173 -0.36845067] 0.7048125202662008 2.5260514534045724 2.3932348602664817
[0.02326684 0.00665033 0.2062519 ] [ 0.37804689 -0.16332746 -0.91126543] [ 0.37804689  0.91126543 -0.16332746] [-0.91126543 -0.16332746 -0.37804689] 0.1929623691952668 2.4838865384256987 2.361470210353166
[ 0.01641806 -0.02046748  0.2071798 ] [-0.38584361 -0.13380992 -0.91280864] [-0.38584361  0.91280864 -0.13380992] [-0.91280864 -0.13380992  0.38584361] 0.25202291048907133 2.395667542790903 2.4470730232631825
[ 0.01344319 -0.02987192  0.20053358] [ 0.1924738   0.35625065 -0.91435185] [0.1924738  0.91435185 0.35625065] [-0.91435185  0.35625065 -0.1924738 ] 0.6452153699313358 2.5669956725237233 2.3706092595641266
[0.01424157 0.02709925 0.20643388] [-0.33217983  0.21900589 -0.91743827] [-0.33217983  0.91743827  0.21900589] [-0.91743827  0.21900589  0.33217983] 0.1630704010298469 2.5949891260400353 2.4668450696904545
[0.02326684 0.00665033 0.2062519 ] [ 0.38934295  0.0623306  -0.91898148] [0.38934295 0.91898148 0.0623306 ] [-0.91898148  0.0623306  -0.38934295] 0.17152603231152316 2.531209812063897 2.425486587892421
[0.01424157 0.02709925 0.20643388] [-0.37954059  0.00619853 -0.92515432] [-0.37954059  0.92515432  0.00619853] [-0.92515432  0.00619853  0.37954059] 0.20196366289980316 2.462601315324675 2.4335570340873947
[0.02326684 0.00665033 0.2062519 ] [ 0.35753287 -0.06928178 -0.93132716] [ 0.35753287  0.93132716 -0.06928178] [-0.93132716 -0.06928178 -0.35753287] 0.16211014884541028 2.5574275219467997 2.3873643222310603
[ 1.66918778e-02 -7.53496667e-05  2.06521111e-01] [-0.30704756 -0.18834721 -0.93287037] [-0.30704756  0.93287037 -0.18834721] [-0.93287037 -0.18834721  0.30704756] 0.24424117143661628 2.410511831819676 2.488096850177692
[0.01424157 0.02709925 0.20643388] [-0.3248771   0.12469409 -0.9375    ] [-0.3248771   0.9375      0.12469409] [-0.9375      0.12469409  0.3248771 ] 0.1868443666422104 2.407427014548859 2.4925387982983955
[0.01536149 0.017329   0.20652238] [-0.31993344 -0.06487848 -0.94521605] [-0.31993344  0.94521605 -0.06487848] [-0.94521605 -0.06487848  0.31993344] 0.2170884332461478 2.385421872507559 2.4888728260145845
[0.02277304 0.05542582 0.20108319] [-0.21836916 -0.21032196 -0.9529321 ] [-0.21836916  0.9529321  -0.21032196] [-0.9529321  -0.21032196  0.21836916] 0.9562600590913195 2.3589864597858 2.3769570720539845
[0.02359778 0.04800458 0.2055441 ] [ 0.01864233  0.29770682 -0.95447531] [0.01864233 0.95447531 0.29770682] [-0.95447531  0.29770682 -0.01864233] 0.8972279847187896 2.379010685618406 2.4087185110236096
[0.02277304 0.05542582 0.20108319] [ 0.18422165 -0.22823448 -0.95601852] [ 0.18422165  0.95601852 -0.22823448] [-0.95601852 -0.22823448 -0.18422165] 0.7551403126366595 2.372789762041307 2.4932172000100823
[0.02359778 0.04800458 0.2055441 ] [-0.03436498  0.22157755 -0.97453704] [-0.03436498  0.97453704  0.22157755] [-0.97453704  0.22157755  0.03436498] 0.9407963995463076 2.3581047726683178 2.3850971770146927
[0.02277304 0.05542582 0.20108319] [ 0.16969311 -0.13591027 -0.97608025] [ 0.16969311  0.97608025 -0.13591027] [-0.97608025 -0.13591027 -0.16969311] 0.8357516654854326 2.443836207780883 2.4092547880874493
