[ 0.0433512 -0.0211788 -0.0786506] [-0.03365896 -0.29638482  0.95447531] [-0.03365896 -0.95447531 -0.29638482] [ 0.95447531 -0.29638482  0.03365896] 0.30677129333851766 2.842342645140656 2.770735411678212
[ 0.0433512 -0.0211788 -0.0786506] [ 0.03673751 -0.3542903   0.93441358] [ 0.03673751 -0.93441358 -0.3542903 ] [ 0.93441358 -0.3542903  -0.03673751] 0.24389372327808298 2.9007766264254125 2.8031073586347732
[ 0.0433512 -0.0211788 -0.0786506] [-0.01313159 -0.43152338  0.90200617] [-0.01313159 -0.90200617 -0.43152338] [ 0.90200617 -0.43152338  0.01313159] 0.15269209941930634 2.9884782377814525 2.900443976481884
[ 0.0433512 -0.0211788 -0.0786506] [ 0.08715928 -0.46322484  0.88194444] [ 0.08715928 -0.88194444 -0.46322484] [ 0.88194444 -0.46322484 -0.08715928] 0.14867180816568065 2.9924092699245106 2.8676531915836234
[ 0.0433512 -0.0211788 -0.0786506] [-0.08069521 -0.48712039  0.86959877] [-0.08069521 -0.86959877 -0.48712039] [ 0.86959877 -0.48712039  0.08069521] 0.11400185674368615 3.0264881996373694 2.9850473621887947
[ 0.0433512 -0.0211788 -0.0786506] [ 0.02754442 -0.52680938  0.84953704] [ 0.02754442 -0.84953704 -0.52680938] [ 0.84953704 -0.52680938 -0.02754442] 0.05463977748386829 3.08541450110131 2.9588419590102264
[ 0.0433512 -0.0211788 -0.0786506] [-0.04693336 -0.57454019  0.81712963] [-0.04693336 -0.81712963 -0.57454019] [ 0.81712963 -0.57454019  0.04693336] 0.0404417031519187 3.099580323128484 3.0529945281664053
[ 0.0433512 -0.0211788 -0.0786506] [ 0.08121605 -0.59840347  0.7970679 ] [ 0.08121605 -0.7970679  -0.59840347] [ 0.7970679  -0.59840347 -0.08121605] 0.09787036067613059 3.042440342861675 2.939246800981552
[ 0.0433512 -0.0211788 -0.0786506] [ 7.42135451e-04 -6.44432912e-01  7.64660494e-01] [ 7.42135451e-04 -7.64660494e-01 -6.44432912e-01] [ 7.64660494e-01 -6.44432912e-01 -7.42135451e-04] 0.10010232333973101 3.0402300382981933 3.015075116625574
[ 0.117301   0.0527713 -0.0507189] [ 0.14407855 -0.65177761  0.74459877] [ 0.14407855 -0.74459877 -0.65177761] [ 0.74459877 -0.65177761 -0.14407855] 0.5200462262026669 2.6604443215716334 2.438285330175965
[ 0.0433512 -0.0211788 -0.0786506] [-0.09003631 -0.67505472  0.73225309] [-0.09003631 -0.73225309 -0.67505472] [ 0.73225309 -0.67505472  0.09003631] 0.0853781901783518 2.9742468289900192 3.0548283601231683
[ 0.0433512 -0.0211788 -0.0786506] [ 0.0587651  -0.69952136  0.71219136] [ 0.0587651  -0.71219136 -0.69952136] [ 0.71219136 -0.69952136 -0.0587651 ] 0.18963113621220434 2.9525940893175693 2.9297804681615447
[ 0.117301   0.0527713 -0.0507189] [ 0.12452676 -0.74112055  0.65972222] [ 0.12452676 -0.65972222 -0.74112055] [ 0.65972222 -0.74112055 -0.12452676] 0.6575844948224377 2.558311437343332 2.520344233287712
[ 0.117301   0.0527713 -0.0507189] [ 0.02548026 -0.77834882  0.62731481] [ 0.02548026 -0.62731481 -0.77834882] [ 0.62731481 -0.77834882 -0.02548026] 0.5580321218658993 2.4547722647048125 2.631011014979068
[ 0.0803263  0.0897464 -0.0379427] [ 0.72697427 -0.3116215   0.61188272] [ 0.72697427 -0.61188272 -0.3116215 ] [ 0.61188272 -0.3116215  -0.72697427] 0.21384839704222286 2.4136961553575476 2.510438594275129
[-0.0122607  0.0157962 -0.0545077] [ 0.69956454 -0.41811221  0.57947531] [ 0.69956454 -0.57947531 -0.41811221] [ 0.57947531 -0.41811221 -0.69956454] 0.03619842524367907 2.368141990969081 2.7366575905703927
[-0.067574  -0.0581539 -0.0360703] [ 0.73120008 -0.54541191  0.40972222] [ 0.73120008 -0.40972222 -0.54541191] [ 0.40972222 -0.54541191 -0.73120008] 0.24798338143668977 2.3851786875685255 2.467432540408062
[-0.067574  -0.0581539 -0.0360703] [ 0.66185702 -0.64774904  0.37731481] [ 0.66185702 -0.37731481 -0.64774904] [ 0.37731481 -0.64774904 -0.66185702] 0.22987465675281613 2.357467212036524 2.5040404573770507
[ 0.116022   0.0157962 -0.0545077] [-0.80056379 -0.47289822  0.36805556] [-0.80056379 -0.36805556 -0.47289822] [ 0.36805556 -0.47289822  0.80056379] 0.1712257924621993 2.505741112844323 2.3953200139900783
[-0.0414641 -0.0581539 -0.0545077] [ 0.79222393 -0.49472364  0.35725309] [ 0.79222393 -0.35725309 -0.49472364] [ 0.35725309 -0.49472364 -0.79222393] 0.1662947647626804 2.465286212888164 2.3967909560352494
[ 0.117301   0.0527713 -0.0507189] [-0.8676966  -0.36666461  0.33564815] [-0.8676966  -0.33564815 -0.36666461] [ 0.33564815 -0.36666461  0.8676966 ] -0.2063297323573605 2.5512198041157967 2.448718424976877
[-0.067574  -0.0581539 -0.0360703] [ 0.72823366 -0.60344927  0.32484568] [ 0.72823366 -0.32484568 -0.60344927] [ 0.32484568 -0.60344927 -0.72823366] 0.25918251521110086 2.445807106765935 2.416783862633731
[ 0.117301   0.0527713 -0.0507189] [-0.94512895 -0.0469763   0.32330247] [-0.94512895 -0.32330247 -0.0469763 ] [ 0.32330247 -0.0469763   0.94512895] -0.17075540724110702 2.4392348729575106 2.3986936441343256
[ 0.117301   0.0527713 -0.0507189] [-0.84959031 -0.44497859  0.28317901] [-0.84959031 -0.28317901 -0.44497859] [ 0.28317901 -0.44497859  0.84959031] -0.22400514986974615 2.5126935826953627 2.493485864376689
[-0.0414641 -0.0581539 -0.0545077] [ 0.78903924 -0.55066151  0.27237654] [ 0.78903924 -0.27237654 -0.55066151] [ 0.27237654 -0.55066151 -0.78903924] 0.14501864424719982 2.5308816181079474 2.36566474935955
[ 0.117301   0.0527713 -0.0507189] [-0.90977827 -0.33078257  0.2507716 ] [-0.90977827 -0.2507716  -0.33078257] [ 0.2507716  -0.33078257  0.90977827] -0.13958749811367616 2.701109777363297 2.5386729953033687
[ 0.117301   0.0527713 -0.0507189] [-0.82173553 -0.52107933  0.23070988] [-0.82173553 -0.23070988 -0.52107933] [ 0.23070988 -0.52107933  0.82173553] -0.22080830051112557 2.3947525529065117 2.524795957256609
[-0.05750725 -0.121912   -0.0175327 ] [0.97645012 0.03898704 0.21219136] [ 0.97645012 -0.21219136  0.03898704] [ 0.21219136  0.03898704 -0.97645012] 0.22577373982182727 2.4348688908742986 2.497765531587622
[ 0.03812719 -0.09999444  0.00043178] [-0.93192694  0.36262556  0.00385802] [-0.93192694 -0.00385802  0.36262556] [0.00385802 0.36262556 0.93192694] 0.09457030890327822 2.6338878503912193 2.49262730085953
[-0.067574  -0.0581539 -0.0360703] [ 0.99974177  0.0203905  -0.01003086] [0.99974177 0.01003086 0.0203905 ] [-0.01003086  0.0203905  -0.99974177] 0.27496811921799796 2.3808953868350944 2.4101720981869836
[ 0.126545    0.0862662  -0.00828891] [-0.80825854 -0.58718291 -0.04398148] [-0.80825854  0.04398148 -0.58718291] [-0.04398148 -0.58718291  0.80825854] 0.8480547416506454 2.4366363430814006 2.3801801934491373
[ 0.03812719 -0.09999444  0.00043178] [-0.957559    0.28410865 -0.04861111] [-0.957559    0.04861111  0.28410865] [-0.04861111  0.28410865  0.957559  ] 0.08029823751434038 2.700132605388805 2.4315295905854626
[ 0.05159434 -0.09409737 -0.00553378] [-0.90920205  0.40839642 -0.08101852] [-0.90920205  0.08101852  0.40839642] [-0.08101852  0.40839642  0.90920205] 0.19378418097069225 2.391195313015002 2.5687278895529038
[-0.07156481 -0.08253057  0.0037088 ] [ 0.94616487  0.31297858 -0.08256173] [0.94616487 0.08256173 0.31297858] [-0.08256173  0.31297858 -0.94616487] 0.09582496216520997 2.361104334899752 2.6412534150032583
[ 0.03812719 -0.09999444  0.00043178] [-0.97389064  0.20327275 -0.10108025] [-0.97389064  0.10108025  0.20327275] [-0.10108025  0.20327275  0.97389064] 0.06950185310791812 2.7531802078703427 2.364604813914782
[-0.07156481 -0.08253057  0.0037088 ] [ 0.85528956  0.507886   -0.10262346] [0.85528956 0.10262346 0.507886  ] [-0.10262346  0.507886   -0.85528956] 0.1611362940541984 2.385498031000923 2.518404963879593
[-0.07676585 -0.06262174  0.00299436] [ 0.97628824  0.18342128 -0.11496914] [0.97628824 0.11496914 0.18342128] [-0.11496914  0.18342128 -0.97628824] 0.15143129564598345 2.368756178606367 2.6346293440242077
[ 0.03812719 -0.09999444  0.00043178] [-0.93447812  0.33004802 -0.13348765] [-0.93447812  0.13348765  0.33004802] [-0.13348765  0.33004802  0.93447812] 0.09758587485476304 2.6204689184165635 2.5012777204862484
[-0.07156481 -0.08253057  0.0037088 ] [ 0.91180691  0.38778193 -0.13503086] [0.91180691 0.13503086 0.38778193] [-0.13503086  0.38778193 -0.91180691] 0.112088058054221 2.420634292489239 2.572734932860053
[-0.00400757 -0.1410605  -0.0175327 ] [-0.76321263  0.62947528 -0.14583333] [-0.76321263  0.14583333  0.62947528] [-0.14583333  0.62947528  0.76321263] 0.1328004189265923 2.3599728418104675 2.723517039568445
[-0.0704466 -0.0396664 -0.0175327] [ 0.98774527  0.05137536 -0.14737654] [0.98774527 0.14737654 0.05137536] [-0.14737654  0.05137536 -0.98774527] 0.8396959262010126 2.359665841204313 2.441518481645289
[-0.0674942  -0.09180384  0.00250603] [ 0.80487889  0.57281433 -0.15509259] [0.80487889 0.15509259 0.57281433] [-0.15509259  0.57281433 -0.80487889] 0.16255739396366242 2.427710965035594 2.4083290878505537
[ 0.0426612  -0.10286392 -0.00595443] [-0.87775405  0.44947376 -0.16589506] [-0.87775405  0.16589506  0.44947376] [-0.16589506  0.44947376  0.87775405] 0.19669700215935096 2.4862867029452183 2.6372093806389705
[-0.076583   -0.04943565 -0.00828891] [ 0.95059217  0.26141722 -0.16743827] [0.95059217 0.16743827 0.26141722] [-0.16743827  0.26141722 -0.95059217] 0.5389031377268728 2.438064396857787 2.645716353473451
[ 0.126545    0.0862662  -0.00828891] [-0.77698683 -0.60283656 -0.18132716] [-0.77698683  0.18132716 -0.60283656] [-0.18132716 -0.60283656  0.77698683] 0.8356679277797003 2.375494855206336 2.4438855113431224
[ 0.03812719 -0.09999444  0.00043178] [-0.950324    0.24960842 -0.18595679] [-0.950324    0.18595679  0.24960842] [-0.18595679  0.24960842  0.950324  ] 0.08795827223197028 2.6640190665729664 2.4290092652233377
[-0.0766502  -0.07303417  0.00160279] [ 0.86908789  0.45774447 -0.1875    ] [0.86908789 0.1875     0.45774447] [-0.1875      0.45774447 -0.86908789] 0.2633794936651412 2.4742311574760243 2.4966022442643836
[-0.00286759 -0.139702   -0.00828891] [-0.80504897  0.55908164 -0.19830247] [-0.80504897  0.19830247  0.55908164] [-0.19830247  0.55908164  0.80504897] 0.43021143732048417 2.4227601443706104 2.7337235121982255
[-0.0704466 -0.0396664 -0.0175327] [ 0.97096163  0.13151129 -0.19984568] [0.97096163 0.19984568 0.13151129] [-0.19984568  0.13151129 -0.97096163] 0.5988595998447837 2.437291871405738 2.6004194511499024
[ 0.167265    0.0435275  -0.00828891] [-0.90236587  0.37155473 -0.2183642 ] [-0.90236587  0.2183642   0.37155473] [-0.2183642   0.37155473  0.90236587] 0.3193111455593287 2.386952400542902 2.368508021942741
[-0.076583   -0.04943565 -0.00828891] [ 0.91603266  0.33544731 -0.21990741] [0.91603266 0.21990741 0.33544731] [-0.21990741  0.33544731 -0.91603266] 0.6686099348629484 2.5028207606668467 2.550653263285782
[-0.0121114 -0.142492  -0.0175327] [-0.71805453  0.65663586 -0.23070988] [-0.71805453  0.23070988  0.65663586] [-0.23070988  0.65663586  0.71805453] 0.10948830616739878 2.3896177089425494 2.822008492683378
[-0.0704466 -0.0396664 -0.0175327] [ 9.72655012e-01  8.55694871e-04 -2.32253086e-01] [9.72655012e-01 2.32253086e-01 8.55694871e-04] [-2.32253086e-01  8.55694871e-04 -9.72655012e-01] 0.8707889055254029 2.419334357087902 2.423560028278108
[ 0.0426612  -0.10286392 -0.00595443] [-0.83799119  0.48464871 -0.2507716 ] [-0.83799119  0.2507716   0.48464871] [-0.2507716   0.48464871  0.83799119] 0.17119921401800334 2.4052110783673353 2.693582684551145
[-0.076583   -0.04943565 -0.00828891] [ 0.94489247  0.20860358 -0.25231481] [0.94489247 0.25231481 0.20860358] [-0.25231481  0.20860358 -0.94489247] 0.5881496140154748 2.511915908215713 2.608339589493622
[-0.0704466 -0.0396664 -0.0175327] [ 0.95584227 -0.1277512  -0.26466049] [ 0.95584227  0.26466049 -0.1277512 ] [-0.26466049 -0.1277512  -0.95584227] 0.7709193042653499 2.386506662352668 2.4832444122629305
[ 0.134408    0.0805026  -0.00828891] [-0.79075451 -0.55121946 -0.2662037 ] [-0.79075451  0.2662037  -0.55121946] [-0.2662037  -0.55121946  0.79075451] 0.9042884458459215 2.3926646935349236 2.404820637025628
[ 0.169947   0.0342838 -0.0175327] [-0.91734412  0.29176887 -0.27083333] [-0.91734412  0.27083333  0.29176887] [-0.27083333  0.29176887  0.91734412] 0.9019097023932474 2.3594616687601446 2.4061308153406555
[-0.0796156  -0.0766414  -0.00828891] [ 0.87311285  0.40433275 -0.27237654] [0.87311285 0.27237654 0.40433275] [-0.27237654  0.40433275 -0.87311285] 0.652310308316928 2.5620023752437033 2.4291388093201904
[-0.076583   -0.04943565 -0.00828891] [ 0.95526706  0.07998815 -0.28472222] [0.95526706 0.28472222 0.07998815] [-0.28472222  0.07998815 -0.95526706] 0.6699856748001618 2.5017323640587716 2.54970314007873
[ 0.1192445   0.090831   -0.00828891] [-0.6500411  -0.70391667 -0.28626543] [-0.6500411   0.28626543 -0.70391667] [-0.28626543 -0.70391667  0.6500411 ] 0.5813983699958204 2.369353144256631 2.6133704706378182
[ 0.0341075  -0.11386    -0.00794607] [-0.86146499  0.40733663 -0.30324074] [-0.86146499  0.30324074  0.40733663] [-0.30324074  0.40733663  0.86146499] 0.5839673068750345 2.368740863845188 2.6114526655620676
[-0.076583   -0.04943565 -0.00828891] [ 0.90989893  0.28140838 -0.30478395] [0.90989893 0.30478395 0.28140838] [-0.30478395  0.28140838 -0.90989893] 0.6231061815563892 2.582763690912497 2.5178253696171833
[-0.0121114 -0.142492  -0.0175327] [-0.66663801  0.67527696 -0.31558642] [-0.66663801  0.31558642  0.67527696] [-0.31558642  0.67527696  0.66663801] 0.06852156585471902 2.4200349012955837 2.921048384419383
[-0.0704466 -0.0396664 -0.0175327] [ 0.94718716 -0.04759489 -0.31712963] [ 0.94718716  0.31712963 -0.04759489] [-0.31712963 -0.04759489 -0.94718716] 0.7852027705694153 2.4743471092604143 2.391643339728376
[ 0.168507    0.0157962  -0.00828891] [-0.92238401  0.21138415 -0.32330247] [-0.92238401  0.32330247  0.21138415] [-0.32330247  0.21138415  0.92238401] 0.6279032876961145 2.579315650890436 2.437927298384115
[-0.07999295 -0.0627758  -0.00828891] [ 0.82246548  0.46693236 -0.32484568] [0.82246548 0.32484568 0.46693236] [-0.32484568  0.46693236 -0.82246548] 0.5801116444082155 2.614332669334791 2.3623389215806463
[-0.076583   -0.04943565 -0.00828891] [ 0.92846394  0.1557456  -0.33719136] [0.92846394 0.33719136 0.1557456 ] [-0.33719136  0.1557456  -0.92846394] 0.6240430331740088 2.5820891365689427 2.4637401403736257
[-0.0704466 -0.0396664 -0.0175327] [ 0.92111528 -0.17137824 -0.34953704] [ 0.92111528  0.34953704 -0.17137824] [-0.34953704 -0.17137824 -0.92111528] 0.8541906375245014 2.433078080217888 2.378536997145694
[ 0.136882    0.08137905 -0.0175327 ] [-0.79447635 -0.49553    -0.35108025] [-0.79447635  0.35108025 -0.49553   ] [-0.35108025 -0.49553     0.79447635] 0.326981156707248 2.395717441018181 2.359114010020427
[ 0.02490813 -0.1229     -0.00821318] [-0.87500584  0.3283828  -0.35570988] [-0.87500584  0.35570988  0.3283828 ] [-0.35570988  0.3283828   0.87500584] 0.23939327907248406 2.3975777860628216 2.5277961985303015
[-0.00400757 -0.1410605  -0.0175327 ] [-0.70562651  0.60549676 -0.36805556] [-0.70562651  0.36805556  0.60549676] [-0.36805556  0.60549676  0.70562651] 0.05637479979972746 2.3764324287726546 2.934716781403273
[-0.0704466 -0.0396664 -0.0175327] [ 0.92870219  0.03014952 -0.36959877] [0.92870219 0.36959877 0.03014952] [-0.36959877  0.03014952 -0.92870219] 0.6531875774550361 2.5613872145104937 2.461262014963626
[ 0.136882    0.08137905 -0.0175327 ] [-0.66399039 -0.64913049 -0.37114198] [-0.66399039  0.37114198 -0.64913049] [-0.37114198 -0.64913049  0.66399039] 0.21000909049815855 2.3650357112977303 2.5590218777197444
[-0.0704466 -0.0396664 -0.0175327] [ 0.87793655 -0.28869681 -0.38194444] [ 0.87793655  0.38194444 -0.28869681] [-0.38194444 -0.28869681 -0.87793655] 0.9423341234272536 2.3816298400758296 2.3842820764436525
[ 0.1390935 -0.0239589 -0.0175327] [-0.81196129  0.43598605 -0.38811728] [-0.81196129  0.38811728  0.43598605] [-0.38811728  0.43598605  0.81196129] 0.8238680145844653 2.4508738799160215 2.397063115813637
[-0.076583   -0.04943565 -0.00828891] [ 0.89258798  0.22682899 -0.38966049] [0.89258798 0.38966049 0.22682899] [-0.38966049  0.22682899 -0.89258798] 0.5208650990938154 2.659799983247394 2.4687450029948366
[ 0.157832   -0.0026913  -0.00828891] [-0.9158239  -0.06769452 -0.39583333] [-0.9158239   0.39583333 -0.06769452] [-0.39583333 -0.06769452  0.9158239 ] 0.9247270878872521 2.3592359411075337 2.3936902725892932
[-0.0121114 -0.142492  -0.0175327] [-0.60960844  0.68411035 -0.40046296] [-0.60960844  0.40046296  0.68411035] [-0.40046296  0.68411035  0.60960844] 0.03709868990001485 2.3654482875120477 3.0201025139135536
[-0.0704466 -0.0396664 -0.0175327] [ 0.91094367 -0.09258874 -0.40200617] [ 0.91094367  0.40200617 -0.09258874] [-0.40200617 -0.09258874 -0.91094367] 0.7076656718121367 2.524147795735471 2.487035325292476
[0.15679214 0.0444051  0.00811769] [-0.73369975 -0.54665581 -0.40354938] [-0.73369975  0.40354938 -0.54665581] [-0.40354938 -0.54665581  0.73369975] 0.955235721011587 2.3774924066408634 2.3592303273679205
[ 0.168581   0.0157962 -0.0175327] [-0.87825996  0.24909704 -0.40817901] [-0.87825996  0.40817901  0.24909704] [-0.40817901  0.24909704  0.87825996] 0.14331996074569495 2.4885848462467197 2.539299709668609
[-0.07637096 -0.05470492  0.00201261] [ 0.81524613  0.4092694  -0.40972222] [0.81524613 0.40972222 0.4092694 ] [-0.40972222  0.4092694  -0.81524613] 0.31999612585277043 2.3597278075946555 2.375678767140703
[ 0.106915  -0.0489101 -0.0099032] [-0.7349651   0.53196361 -0.42052469] [-0.7349651   0.42052469  0.53196361] [-0.42052469  0.53196361  0.7349651 ] 0.7466342133930747 2.49865647703985 2.4292622444523717
[-0.076583   -0.04943565 -0.00828891] [ 0.90056452  0.10412605 -0.4220679 ] [0.90056452 0.4220679  0.10412605] [-0.4220679   0.10412605 -0.90056452] 0.5366189417884566 2.6474881646791806 2.403954526488943
[-0.076583   -0.04943565 -0.00828891] [ 0.87594885 -0.2097581  -0.43441358] [ 0.87594885  0.43441358 -0.2097581 ] [-0.43441358 -0.2097581  -0.87594885] 0.7845700716833325 2.47473861953995 2.3701611164184744
[ 0.1515055  0.0683473 -0.0175327] [-0.78693474 -0.43666393 -0.43595679] [-0.78693474  0.43595679 -0.43666393] [-0.43595679 -0.43666393  0.78693474] 0.2148063574015132 2.4280487289547743 2.396847643085864
[ 0.0426612  -0.10286392 -0.00595443] [-0.8232683   0.35792864 -0.44058642] [-0.8232683   0.44058642  0.35792864] [-0.44058642  0.35792864  0.8232683 ] 0.2374245578840434 2.3806914439074576 2.55398543757191
[-0.0795613 -0.0627758 -0.0175327] [ 0.74579119 -0.49416765 -0.44675926] [ 0.74579119  0.44675926 -0.49416765] [-0.44675926 -0.49416765 -0.74579119] 0.909496647083288 2.3605429902412207 2.4019628385961487
[ 0.1291745 -0.0328893 -0.0175327] [-0.64606246  0.61437432 -0.4529321 ] [-0.64606246  0.4529321   0.61437432] [-0.4529321   0.61437432  0.64606246] 0.26988842844890504 2.361453476836268 2.5159949877962644
[-0.0704466 -0.0396664 -0.0175327] [ 0.8906047  -0.01659695 -0.45447531] [ 0.8906047   0.45447531 -0.01659695] [-0.45447531 -0.01659695 -0.8906047 ] 0.5790553452436973 2.615123361528408 2.403666683589533
[ 0.0341075  -0.11386    -0.00794607] [-0.87098248  0.17085903 -0.46064815] [-0.87098248  0.46064815  0.17085903] [-0.46064815  0.17085903  0.87098248] 0.8985388472699503 2.407992751677445 2.3609401323161294
[-0.076583   -0.04943565 -0.00828891] [ 0.82489387 -0.3187919  -0.46682099] [ 0.82489387  0.46682099 -0.3187919 ] [-0.46682099 -0.3187919  -0.82489387] 0.8199719175047785 2.417361295582021 2.453199142206135
[ 0.154276   0.0527713 -0.0380182] [-0.82283165 -0.32184321 -0.4683642 ] [-0.82283165  0.4683642  -0.32184321] [-0.4683642  -0.32184321  0.82283165] -0.19279277907752673 2.5166193246249886 2.3568023734984496
[ 0.1390935 -0.0239589 -0.0175327] [-0.75394435  0.45589994 -0.47299383] [-0.75394435  0.47299383  0.45589994] [-0.47299383  0.45589994  0.75394435] 0.7814219986876414 2.3628163383973617 2.4766902080458713
[-0.076583   -0.04943565 -0.00828891] [ 0.86334631 -0.13258343 -0.48688272] [ 0.86334631  0.48688272 -0.13258343] [-0.48688272 -0.13258343 -0.86334631] 0.643926073154667 2.5679065328808504 2.411138112136398
[0.15679214 0.0444051  0.00811769] [-0.7254469  -0.48494011 -0.48842593] [-0.7254469   0.48842593 -0.48494011] [-0.48842593 -0.48494011  0.7254469 ] 0.9046225643543754 2.369093689724207 2.404636857486235
[ 0.168581   0.0157962 -0.0175327] [-0.82376994  0.27982012 -0.49305556] [-0.82376994  0.49305556  0.27982012] [-0.49305556  0.27982012  0.82376994] 0.11325573020319261 2.3905755722544972 2.643753896327708
[-0.07376453 -0.05140376  0.00513393] [ 0.7956358   0.34976526 -0.49459877] [0.7956358  0.49459877 0.34976526] [-0.49459877  0.34976526 -0.7956358 ] 0.318252232159301 2.434098141473913 2.35983180983018
[ 0.1100895 -0.0508664 -0.0175327] [-0.67225368  0.54096635 -0.50540123] [-0.67225368  0.50540123  0.54096635] [-0.50540123  0.54096635  0.67225368] 0.22754290014219347 2.400014328107338 2.534941919693785
[-0.0795613 -0.0627758 -0.0175327] [ 0.86021258  0.05515113 -0.50694444] [0.86021258 0.50694444 0.05515113] [-0.50694444  0.05515113 -0.86021258] 0.14739428736575053 2.706102554219444 2.4031242642546733
[ 0.12642467 -0.03031667 -0.0084868 ] [-0.85303158  0.09511981 -0.51311728] [-0.85303158  0.51311728  0.09511981] [-0.51311728  0.09511981  0.85303158] 0.6368384127645073 2.4220229286601027 2.5729329260586233
[ 0.16352     0.0512964  -0.00828891] [-0.76661841 -0.37553808 -0.52083333] [-0.76661841  0.52083333 -0.37553808] [-0.52083333 -0.37553808  0.76661841] 0.8277321719447741 2.4219276033591335 2.4485764461036106
[-0.07376453 -0.05140376  0.00513393] [ 0.81666284  0.23521544 -0.52700617] [0.81666284 0.52700617 0.23521544] [-0.52700617  0.23521544 -0.81666284] 0.7561720935175326 2.422937249677991 2.492560439854809
[ 0.02941327 -0.12275033 -0.0175327 ] [-0.58046905  0.61140621 -0.53780864] [-0.58046905  0.53780864  0.61140621] [-0.53780864  0.61140621  0.58046905] 0.1289901473465 2.4388125481731198 2.7614795461346624
[-0.076583   -0.04943565 -0.00828891] [ 0.84003473 -0.05866198 -0.53935185] [ 0.84003473  0.53935185 -0.05866198] [-0.53935185 -0.05866198 -0.84003473] 0.5191621367290273 2.661140461310771 2.511929138711292
[-0.00062426 -0.09308243  0.01823586] [ 0.76160096 -0.33999091 -0.55169753] [ 0.76160096  0.55169753 -0.33999091] [-0.55169753 -0.33999091 -0.76160096] 0.6993190332649906 2.5297312064901742 2.4366278735591904
[ 0.154276    0.0620151  -0.00576441] [-0.79027105 -0.26343188 -0.55324074] [-0.79027105  0.55324074 -0.26343188] [-0.55324074 -0.26343188  0.79027105] 0.8227969217300356 2.451512242146965 2.405094858772055
[ 0.116875   -0.03927633 -0.00898291] [-0.68732953  0.46514381 -0.55787037] [-0.68732953  0.55787037  0.46514381] [-0.55787037  0.46514381  0.68732953] 0.6715221855855859 2.4007180300505726 2.5486434122673627
[-0.076583   -0.04943565 -0.00828891] [ 0.81998728  0.12114993 -0.55941358] [0.81998728 0.55941358 0.12114993] [-0.55941358  0.12114993 -0.81998728] 0.15835721724272817 2.405950457496737 2.431190331377663
[ 0.164972    0.00655246 -0.0175327 ] [-0.82435671  0.0234098  -0.56558642] [-0.82435671  0.56558642  0.0234098 ] [-0.56558642  0.0234098   0.82435671] 0.10626909675609153 2.4696860965678216 2.605290179448626
[0.157713   0.00193058 0.00095485] [-0.48112185  0.66586442 -0.57021605] [-0.48112185  0.57021605  0.66586442] [-0.57021605  0.66586442  0.48112185] 0.2366479663013971 2.359950357318573 2.4386997840962223
[-0.00062426 -0.09308243  0.01823586] [ 0.80349805 -0.16577768 -0.57175926] [ 0.80349805  0.57175926 -0.16577768] [-0.57175926 -0.16577768 -0.80349805] 0.017161669199832783 2.706098702432024 2.5449214227762096
[ 0.116875   -0.03927633 -0.00898291] [-0.7583103   0.30159572 -0.5779321 ] [-0.7583103   0.5779321   0.30159572] [-0.5779321   0.30159572  0.7583103 ] 0.8004097911411553 2.465009235073688 2.456984754848893
[-0.07376453 -0.05140376  0.00513393] [ 0.76185573  0.28945502 -0.57947531] [0.76185573 0.57947531 0.28945502] [-0.57947531  0.28945502 -0.76185573] 0.7299713412177421 2.5094409388339876 2.4001879528092385
[ 0.14753675  0.0693989  -0.00793064] [-0.79628102 -0.15150178 -0.58564815] [-0.79628102  0.58564815 -0.15150178] [-0.58564815 -0.15150178  0.79628102] 0.8930329130718586 2.4110474794981136 2.3592008270878635
[-0.076583   -0.04943565 -0.00828891] [ 0.80600195  0.0104299  -0.59182099] [0.80600195 0.59182099 0.0104299 ] [-0.59182099  0.0104299  -0.80600195] 0.15711706620740767 2.385097375350809 2.435073023978048
[ 0.154276    0.0620151  -0.00576441] [-0.73149853 -0.31309015 -0.60570988] [-0.73149853  0.60570988 -0.31309015] [-0.60570988 -0.31309015  0.73149853] 0.21325226543967776 2.3592321502556164 2.3954761194220175
[-0.06049431 -0.06295921  0.01429892] [ 0.77023808  0.17981333 -0.61188272] [0.77023808 0.61188272 0.17981333] [-0.61188272  0.17981333 -0.77023808] 0.8991787819751008 2.400891131065727 2.40763879514278
[0.1609257  0.0086338  0.00325345] [-0.50906877  0.5942324  -0.62268519] [-0.50906877  0.62268519  0.5942324 ] [-0.62268519  0.5942324   0.50906877] 0.3046054807844387 2.382500598858871 2.431628020485545
[-0.06049431 -0.06295921  0.01429892] [ 0.77554809 -0.09414916 -0.6242284 ] [ 0.77554809  0.6242284  -0.09414916] [-0.6242284  -0.09414916 -0.77554809] 0.22754513672518142 2.365584386425479 2.5121147636777894
[-0.00062426 -0.09308243  0.01823586] [ 0.76128912  0.07300081 -0.64429012] [0.76128912 0.64429012 0.07300081] [-0.64429012  0.07300081 -0.76128912] 0.5123371289991988 2.521882447280479 2.666531469902633
[-0.0502419  -0.05237655  0.01381566] [ 0.72990453 -0.18991787 -0.6566358 ] [ 0.72990453  0.6566358  -0.18991787] [-0.6566358  -0.18991787 -0.72990453] 0.3041171653311752 2.3828525240002336 2.3816398826172422
[0.16099446 0.02722398 0.01125532] [-0.68074005  0.31189371 -0.66280864] [-0.68074005  0.66280864  0.31189371] [-0.66280864  0.31189371  0.68074005] 0.9491232946228555 2.380698264458924 2.3806086150614436
[ 0.00968053 -0.09216036  0.02048581] [ 0.71133494  0.22943239 -0.66435185] [0.71133494 0.66435185 0.22943239] [-0.66435185  0.22943239 -0.71133494] 0.18282760657550315 2.3957139232255065 2.6560918897301424
[0.1609257  0.0086338  0.00325345] [-0.5245404   0.51867525 -0.67515432] [-0.5245404   0.67515432  0.51867525] [-0.67515432  0.51867525  0.5245404 ] 0.3017657654962887 2.386525642427499 2.4362523338238646
[-0.0502419  -0.05237655  0.01381566] [ 0.7357255  -0.02807906 -0.67669753] [ 0.7357255   0.67669753 -0.02807906] [-0.67669753 -0.02807906 -0.7357255 ] 0.29761153339315927 2.4548522116642557 2.3697933631141312
[ 0.01011321 -0.08235083  0.01872349] [ 0.67076872 -0.27438802 -0.68904321] [ 0.67076872  0.68904321 -0.27438802] [-0.68904321 -0.27438802 -0.67076872] 0.8246932046074926 2.4503825311534504 2.3916051228470048
[0.13924479 0.05690902 0.01116903] [-0.67857088 -0.25026379 -0.69058642] [-0.67857088  0.69058642 -0.25026379] [-0.69058642 -0.25026379  0.67857088] 0.8495077699353116 2.377065120560411 2.4357917700933984
[0.166379   0.01810715 0.00095485] [-0.60771693  0.38386818 -0.69521605] [-0.60771693  0.69521605  0.38386818] [-0.69521605  0.38386818  0.60771693] 0.2500469722337056 2.4592745808760466 2.4587136188497496
[-0.07376453 -0.05140376  0.00513393] [ 0.70593869  0.12718922 -0.69675926] [0.70593869 0.69675926 0.12718922] [-0.69675926  0.12718922 -0.70593869] 0.23139067657841214 2.569231788103288 2.38642187731202
[-0.06049431 -0.06295921  0.01429892] [ 0.6947118  -0.12060558 -0.70910494] [ 0.6947118   0.70910494 -0.12060558] [-0.70910494 -0.12060558 -0.6947118 ] 0.796299400946456 2.4675195974294106 2.3662633533692827
[0.16293157 0.01646003 0.00553723] [-0.65719526  0.23763858 -0.71527778] [-0.65719526  0.71527778  0.23763858] [-0.71527778  0.23763858  0.65719526] 0.7765621983832257 2.479714676911432 2.4238119438116024
[-0.07376453 -0.05140376  0.00513393] [ 0.68365831  0.0304515  -0.72916667] [0.68365831 0.72916667 0.0304515 ] [-0.72916667  0.0304515  -0.68365831] 0.6961843716580846 2.5318394530919885 2.365504290879605
[0.16099446 0.02722398 0.01125532] [-0.6719309   0.08823082 -0.73533951] [-0.6719309   0.73533951  0.08823082] [-0.73533951  0.08823082  0.6719309 ] 0.8325061840942444 2.445750076072908 2.3668316097114706
[ 0.01011321 -0.08235083  0.01872349] [ 0.63984479 -0.20188632 -0.74151235] [ 0.63984479  0.74151235 -0.20188632] [-0.74151235 -0.20188632 -0.63984479] 0.9215540943168276 2.395403378296966 2.3943368323350764
[0.15877947 0.0373613  0.01070132] [-0.60662432 -0.28262232 -0.74305556] [-0.60662432  0.74305556 -0.28262232] [-0.74305556 -0.28262232  0.60662432] 0.9063910485524478 2.3608917175643787 2.403665132101038
[0.16293157 0.01646003 0.00553723] [-0.58879338  0.3070655  -0.74768519] [-0.58879338  0.74768519  0.3070655 ] [-0.74768519  0.3070655   0.58879338] 0.7367607436533061 2.4123094549028545 2.505025998330337
[0.16099446 0.02722398 0.01125532] [-0.65284973 -0.05618009 -0.75540123] [-0.65284973  0.75540123 -0.05618009] [-0.75540123 -0.05618009  0.65284973] 0.8070771302781188 2.4609586073059444 2.38565205656185
[0.166305   0.02735095 0.0032658 ] [-0.61850214  0.16739109 -0.76774691] [-0.61850214  0.76774691  0.16739109] [-0.76774691  0.16739109  0.61850214] 0.3261773185843864 2.405564621033217 2.4234544705235628
[0.16293157 0.01646003 0.00553723] [-0.61521353  0.02949327 -0.78780864] [-0.61521353  0.78780864  0.02949327] [-0.78780864  0.02949327  0.61521353] 0.28206713596542204 2.424578406677811 2.4393771550511283
[0.15703706 0.00941964 0.00979878] [-0.55290071  0.23249487 -0.80015432] [-0.55290071  0.80015432  0.23249487] [-0.80015432  0.23249487  0.55290071] 0.9380734658396741 2.3636647384172615 2.3865435937665795
[0.16293157 0.01646003 0.00553723] [-0.58101323 -0.09883871 -0.80787037] [-0.58101323  0.80787037 -0.09883871] [-0.80787037 -0.09883871  0.58101323] 0.2860688966972661 2.3649149824794096 2.465915444530867
[0.16293157 0.01646003 0.00553723] [-0.56264199  0.10334226 -0.82021605] [-0.56264199  0.82021605  0.10334226] [-0.82021605  0.10334226  0.56264199] 0.2365235384535109 2.367072694406839 2.524469696167495
