[ 0.0109817  -0.00394419  0.0026917 ] [ 0.01423268 -0.03660663  0.9992284 ] [ 0.01423268 -0.9992284  -0.03660663] [ 0.9992284  -0.03660663 -0.01423268] 0.11482449407432486 2.579980650729098 2.7855882490380757
[0.0122551  0.0144957  0.00313951] [-0.06098302  0.03008891  0.99768519] [-0.06098302 -0.99768519  0.03008891] [0.99768519 0.03008891 0.06098302] 0.10512337877843994 2.644707984565441 2.752551154549468
[ 0.0109817  -0.00394419  0.0026917 ] [0.08425872 0.02452821 0.99614198] [ 0.08425872 -0.99614198  0.02452821] [ 0.99614198  0.02452821 -0.08425872] 0.13118543890836318 2.6401648279074457 2.768906297550125
[0.0122551  0.0144957  0.00313951] [-0.05388788 -0.08870959  0.99459877] [-0.05388788 -0.99459877 -0.08870959] [ 0.99459877 -0.08870959  0.05388788] 0.07713630092846745 2.638960557503449 2.8337605462934694
[0.0122551  0.0144957  0.00313951] [-0.0228813   0.11539978  0.99305556] [-0.0228813  -0.99305556  0.11539978] [0.99305556 0.11539978 0.0228813 ] 0.12174547679752225 2.6433894401507585 2.7154179369259883
[ 0.0109817  -0.00394419  0.0026917 ] [ 0.10479061 -0.07695581  0.99151235] [ 0.10479061 -0.99151235 -0.07695581] [ 0.99151235 -0.07695581 -0.10479061] 0.12249437033659923 2.6731613092294344 2.777879986329783
[0.0122551  0.0144957  0.00313951] [-0.14045754 -0.01525742  0.98996914] [-0.14045754 -0.98996914 -0.01525742] [ 0.98996914 -0.01525742  0.14045754] 0.11736284439676338 2.622229245141143 2.672252094209269
[ 0.0109817  -0.00394419  0.0026917 ] [0.10014145 0.1139556  0.98842593] [ 0.10014145 -0.98842593  0.1139556 ] [ 0.98842593  0.1139556  -0.10014145] 0.15350070131238897 2.357804768027462 2.7209156925201583
[ 0.0109817  -0.00394419  0.0026917 ] [ 0.00333586 -0.16140439  0.98688272] [ 0.00333586 -0.98688272 -0.16140439] [ 0.98688272 -0.16140439 -0.00333586] 0.09428868536823407 2.6208002526191008 2.834614645169674
[0.0122551  0.0144957  0.00313951] [-0.11781682  0.12339066  0.98533951] [-0.11781682 -0.98533951  0.12339066] [0.98533951 0.12339066 0.11781682] 0.15201640492015914 2.5526552476917774 2.6104219836844713
[ 0.0202016  -0.031604    0.00237053] [ 0.1788891  -0.01198066  0.9837963 ] [ 0.1788891  -0.9837963  -0.01198066] [ 0.9837963  -0.01198066 -0.1788891 ] 0.3584143809078218 2.7958488278089915 2.593557102452648
[0.0122551  0.0144957  0.00313951] [-0.14645815 -0.11717032  0.98225309] [-0.14645815 -0.98225309 -0.11717032] [ 0.98225309 -0.11717032  0.14645815] 0.06388229633614577 2.6207409827788055 2.851113476189411
[ 0.0202016  -0.031604    0.00237053] [0.03006261 0.19314341 0.98070988] [ 0.03006261 -0.98070988  0.19314341] [ 0.98070988  0.19314341 -0.03006261] 0.5076470503753083 2.670253482016816 2.4600001774680393
[ 0.0109817  -0.00394419  0.0026917 ] [ 0.11250405 -0.16904283  0.97916667] [ 0.11250405 -0.97916667 -0.16904283] [ 0.97916667 -0.16904283 -0.11250405] 0.0965909261459844 2.7276139543102436 2.844179408867703
[0.0109817 0.0421554 0.0041831] [-0.2042353   0.05040159  0.97762346] [-0.2042353  -0.97762346  0.05040159] [0.97762346 0.05040159 0.2042353 ] 0.0552901501497216 2.409413589190793 2.6741924795568623
[ 0.0202016  -0.031604    0.00237053] [0.19082888 0.10417145 0.97608025] [ 0.19082888 -0.97608025  0.10417145] [ 0.97608025  0.10417145 -0.19082888] 0.37183171706157486 2.784009891593072 2.581214411930044
[0.0122551  0.0144957  0.00313951] [-0.07254983 -0.21216523  0.97453704] [-0.07254983 -0.97453704 -0.21216523] [ 0.97453704 -0.21216523  0.07254983] 0.05915087748590793 2.4896843656665117 2.8995291872258893
[0.0122551  0.0144957  0.00313951] [-0.09246518  0.21150225  0.97299383] [-0.09246518 -0.97299383  0.21150225] [0.97299383 0.21150225 0.09246518] 0.16556570398756454 2.474684862714132 2.598390757335385
[0.0122551  0.0144957  0.00313951] [ 0.21690998 -0.09609245  0.97145062] [ 0.21690998 -0.97145062 -0.09609245] [ 0.97145062 -0.09609245 -0.21690998] 0.08900944138191588 2.398059542293462 2.8763492813893503
[0.00637175 0.0283255  0.00382822] [-0.23075892 -0.07765269  0.96990741] [-0.23075892 -0.96990741 -0.07765269] [ 0.96990741 -0.07765269  0.23075892] 0.0063473220503702295 2.539773336886391 2.8212713324467575
[ 0.0202016  -0.031604    0.00237053] [0.12063377 0.21844513 0.9683642 ] [ 0.12063377 -0.9683642   0.21844513] [ 0.9683642   0.21844513 -0.12063377] 0.4972020636025384 2.6785932442765743 2.3684123514371214
[ 0.0109817  -0.00394419  0.0026917 ] [ 0.05999484 -0.24830988  0.96682099] [ 0.05999484 -0.96682099 -0.24830988] [ 0.96682099 -0.24830988 -0.05999484] 0.1112345884958214 2.686181114618486 2.7711483543280755
[0.0122551  0.0144957  0.00313951] [-0.21675765  0.14579072  0.96527778] [-0.21675765 -0.96527778  0.14579072] [0.96527778 0.14579072 0.21675765] 0.12145223172681058 2.493812067152488 2.673493573384251
[0.00637175 0.0283255  0.00382822] [0.26388473 0.03975593 0.96373457] [ 0.26388473 -0.96373457  0.03975593] [ 0.96373457  0.03975593 -0.26388473] 0.07552320434597691 2.3870986867363664 2.7765554517754967
[0.0109817 0.0421554 0.0041831] [-0.17118979 -0.21185336  0.96219136] [-0.17118979 -0.96219136 -0.21185336] [ 0.96219136 -0.21185336  0.17118979] 0.028438476756523046 2.3994322370713896 2.9051766638390455
[ 0.0202016  -0.031604    0.00237053] [-0.01720904  0.27723453  0.96064815] [-0.01720904 -0.96064815  0.27723453] [0.96064815 0.27723453 0.01720904] 0.6185819763999718 2.58602921068727 2.4641147547410798
[0.0122551  0.0144957  0.00313951] [ 0.20376146 -0.19646624  0.95910494] [ 0.20376146 -0.95910494 -0.19646624] [ 0.95910494 -0.19646624 -0.20376146] 0.11640408716608733 2.383376464584164 2.779480585910763
[0.00637175 0.0283255  0.00382822] [-0.28813425  0.00736144  0.95756173] [-0.28813425 -0.95756173  0.00736144] [0.95756173 0.00736144 0.28813425] 0.004763101149798027 2.5046700962407615 2.912349205040712
[ 0.0202016  -0.031604    0.00237053] [0.22126458 0.19253721 0.95601852] [ 0.22126458 -0.95601852  0.19253721] [ 0.95601852  0.19253721 -0.22126458] 0.38988487427831364 2.768243856893626 2.486695636625269
[0.0122551  0.0144957  0.00313951] [-0.03365896 -0.29638482  0.95447531] [-0.03365896 -0.95447531 -0.29638482] [ 0.95447531 -0.29638482  0.03365896] 0.07587604826024869 2.5369665092691136 2.8457671522495067
[0.0122551  0.0144957  0.00313951] [-0.17826345  0.24523979  0.9529321 ] [-0.17826345 -0.9529321   0.24523979] [0.9529321  0.24523979 0.17826345] 0.14961690432115843 2.4170562332721985 2.6468506858160414
[ 0.0388383  -0.0131641   0.00313951] [ 0.30181497 -0.06137515  0.95138889] [ 0.30181497 -0.95138889 -0.06137515] [ 0.95138889 -0.06137515 -0.30181497] -0.0004090651021612804 2.96140650772473 2.579146479363307
[0.00637175 0.0283255  0.00382822] [-0.26805907 -0.16105129  0.94984568] [-0.26805907 -0.94984568 -0.16105129] [ 0.94984568 -0.16105129  0.26805907] 0.0004278611600194327 2.562490389780428 2.8428297588570777
[ 0.00867674 -0.0905761   0.0100545 ] [0.09019099 0.30428278 0.94830247] [ 0.09019099 -0.94830247  0.30428278] [ 0.94830247  0.30428278 -0.09019099] 0.6319147587070205 2.5764437196686902 2.534502229021745
[0.0340315 0.0629002 0.0080697] [ 0.14104005 -0.28940388  0.94675926] [ 0.14104005 -0.94675926 -0.28940388] [ 0.94675926 -0.28940388 -0.14104005] 0.6221800484635509 2.5834310855059375 2.451621178652095
[0.00637175 0.0283255  0.00382822] [-0.30367703  0.11977847  0.94521605] [-0.30367703 -0.94521605  0.11977847] [0.94521605 0.11977847 0.30367703] 0.014861732041186893 2.4567952274768423 2.8393688903764485
[0.00637175 0.0283255  0.00382822] [0.30897213 0.11839676 0.94367284] [ 0.30897213 -0.94367284  0.11839676] [ 0.94367284  0.11839676 -0.30897213] 0.10716534596829362 2.4153499231026503 2.6726116917575173
[0.0178967  0.0652052  0.00812804] [-0.14980273 -0.29991816  0.94212963] [-0.14980273 -0.94212963 -0.29991816] [ 0.94212963 -0.29991816  0.14980273] 0.07324212796022302 2.396500632720592 2.695388098861467
[-0.00054319 -0.0874566   0.00774948] [-0.09331518  0.32648042  0.94058642] [-0.09331518 -0.94058642  0.32648042] [0.94058642 0.32648042 0.09331518] 0.10999806188213486 2.403800680091929 2.6573060631149636
[ 0.0388383  -0.0131641   0.00313951] [ 0.29295911 -0.17992446  0.93904321] [ 0.29295911 -0.93904321 -0.17992446] [ 0.93904321 -0.17992446 -0.29295911] 0.002172867411796358 2.9438293265361057 2.5939609727877686
[0.00637175 0.0283255  0.00382822] [-0.34166627 -0.06601447  0.9375    ] [-0.34166627 -0.9375     -0.06601447] [ 0.9375     -0.06601447  0.34166627] -0.0013224647152654044 2.484270218854057 2.9556290089935393
[ 0.00867674 -0.0905761   0.0100545 ] [0.20980251 0.28278578 0.93595679] [ 0.20980251 -0.93595679  0.28278578] [ 0.93595679  0.28278578 -0.20980251] 0.7092713350585177 2.4811127580745445 2.5230787273582984
[0.0178967  0.0652052  0.00812804] [ 0.03673751 -0.3542903   0.93441358] [ 0.03673751 -0.93441358 -0.3542903 ] [ 0.93441358 -0.3542903  -0.03673751] 0.08199621513710696 2.3943707654802537 2.7465252946467147
[0.0122551  0.0144957  0.00313951] [-0.26941722  0.2390967   0.93287037] [-0.26941722 -0.93287037  0.2390967 ] [0.93287037 0.2390967  0.26941722] 0.1475676787664715 2.43334489814941 2.5665982267903864
[ 0.0388383  -0.0131641   0.00313951] [0.36413826 0.00574895 0.93132716] [ 0.36413826 -0.93132716  0.00574895] [ 0.93132716  0.00574895 -0.36413826] -0.0022203165663947978 3.0016679012751872 2.738351376898081
[0.00637175 0.0283255  0.00382822] [-0.26747069 -0.25290559  0.92978395] [-0.26747069 -0.92978395 -0.25290559] [ 0.92978395 -0.25290559  0.26747069] 0.0010518570711086828 2.569101903980499 2.817567519471199
[ 0.00867674 -0.0905761   0.0100545 ] [0.02666704 0.37102291 0.92824074] [ 0.02666704 -0.92824074  0.37102291] [ 0.92824074  0.37102291 -0.02666704] 0.6727429168764257 2.5478025504894304 2.455326779406987
[0.0109817 0.0421554 0.0041831] [ 0.23333572 -0.29459485  0.92669753] [ 0.23333572 -0.92669753 -0.29459485] [ 0.92669753 -0.29459485 -0.23333572] 0.080305824112473 2.3657749722084134 2.8103813441518537
[0.00637175 0.0283255  0.00382822] [-0.37478573  0.06020913  0.92515432] [-0.37478573 -0.92515432  0.06020913] [0.92515432 0.06020913 0.37478573] -0.00232005385731237 2.438887908629506 2.8406124635765653
[0.0122551  0.0144957  0.00313951] [0.32014926 0.2108245  0.92361111] [ 0.32014926 -0.92361111  0.2108245 ] [ 0.92361111  0.2108245  -0.32014926] 0.5683547842435002 2.440854540460447 2.6231741164436366
[0.0202016  0.0652052  0.00850569] [-0.09456155 -0.37529841  0.9220679 ] [-0.09456155 -0.9220679  -0.37529841] [ 0.9220679  -0.37529841  0.09456155] 0.0902152685017081 2.4458793038090363 2.7165736433460803
[-0.00054319 -0.0874566   0.00774948] [-0.18551989  0.3438265   0.92052469] [-0.18551989 -0.92052469  0.3438265 ] [0.92052469 0.3438265  0.18551989] 0.0843046950688965 2.5126478141620083 2.7047369206632803
[ 0.0388383  -0.0131641   0.00313951] [ 0.37246409 -0.12939683  0.91898148] [ 0.37246409 -0.91898148 -0.12939683] [ 0.91898148 -0.12939683 -0.37246409] -0.0020005334540210457 3.0610180591210256 2.8183072200138946
[0.00637175 0.0283255  0.00382822] [-0.36533457 -0.15759971  0.91743827] [-0.36533457 -0.91743827 -0.15759971] [ 0.91743827 -0.15759971  0.36533457] -0.0026668507808635766 2.493931080688158 2.943890026488303
[ 0.00867674 -0.0905761   0.0100545 ] [0.16437874 0.36621833 0.91589506] [ 0.16437874 -0.91589506  0.36621833] [ 0.91589506  0.36621833 -0.16437874] 0.8266641640231241 2.4492105584037924 2.388804537614022
[0.0202016  0.0652052  0.00850569] [ 0.12727013 -0.38439954  0.91435185] [ 0.12727013 -0.91435185 -0.38439954] [ 0.91435185 -0.38439954 -0.12727013] 0.08692559038241153 2.4353122412968573 2.788029474134816
[0.00637175 0.0283255  0.00382822] [-0.3565299   0.1991653   0.91280864] [-0.3565299  -0.91280864  0.1991653 ] [0.91280864 0.1991653  0.3565299 ] 0.021937149787067317 2.4049923141230947 2.762273774826113
[ 0.0388383  -0.0131641   0.00313951] [0.40076815 0.09476392 0.91126543] [ 0.40076815 -0.91126543  0.09476392] [ 0.91126543  0.09476392 -0.40076815] -0.0002430179011516901 2.9337937724345444 2.6660868404485702
[0.0178967  0.0652052  0.00812804] [-0.23341195 -0.34340114  0.90972222] [-0.23341195 -0.90972222 -0.34340114] [ 0.90972222 -0.34340114  0.23341195] 0.042934544987566686 2.597936872666764 2.785346789918892
[ 0.00867674 -0.0905761   0.0100545 ] [-0.06033844  0.41421028  0.90817901] [-0.06033844 -0.90817901  0.41421028] [0.90817901 0.41421028 0.06033844] 0.2469865264230125 2.472037187269975 2.536375465072031
[ 0.0388383  -0.0131641   0.00313951] [ 0.3268682  -0.26677463  0.9066358 ] [ 0.3268682  -0.9066358  -0.26677463] [ 0.9066358  -0.26677463 -0.3268682 ] 0.0020368312415049985 2.9471615209178084 2.675918606449554
[0.00637175 0.0283255  0.00382822] [-0.42452114 -0.02427339  0.90509259] [-0.42452114 -0.90509259 -0.02427339] [ 0.90509259 -0.02427339  0.42452114] -0.006596071670303667 2.591278248061446 2.9321232528611216
[0.0202016 0.0559853 0.0038991] [0.29891302 0.30700085 0.90354938] [ 0.29891302 -0.90354938  0.30700085] [ 0.90354938  0.30700085 -0.29891302] 0.6270415838896413 2.4264866677936787 2.5799339262876058
[0.0178967  0.0652052  0.00812804] [-0.01313159 -0.43152338  0.90200617] [-0.01313159 -0.90200617 -0.43152338] [ 0.90200617 -0.43152338  0.01313159] 0.053592392330704355 2.4111126528376614 2.839212058120178
[ 0.0109817  -0.00394419  0.0026917 ] [-0.28390207  0.32949365  0.90046296] [-0.28390207 -0.90046296  0.32949365] [0.90046296 0.32949365 0.28390207] 0.15557171752442367 2.389368750738179 2.6426556484877874
[ 0.0388383  -0.0131641   0.00313951] [ 0.43506883 -0.05155959  0.89891975] [ 0.43506883 -0.89891975 -0.05155959] [ 0.89891975 -0.05155959 -0.43506883] -0.0015246504558536589 3.099219786095809 2.7331533251989795
[0.00637175 0.0283255  0.00382822] [-0.35819306 -0.25770734  0.89737654] [-0.35819306 -0.89737654 -0.25770734] [ 0.89737654 -0.25770734  0.35819306] -0.002323508803747101 2.501875879106003 2.9054527008333104
[ 0.00867674 -0.0905761   0.0100545 ] [0.09067919 0.43504014 0.89583333] [ 0.09067919 -0.89583333  0.43504014] [ 0.89583333  0.43504014 -0.09067919] 0.28965527335235924 2.4816138449544356 2.4733564127197574
[0.0340315 0.0629002 0.0080697] [ 0.2285836  -0.38470081  0.89429012] [ 0.2285836  -0.89429012 -0.38470081] [ 0.89429012 -0.38470081 -0.2285836 ] 0.5515971612997752 2.6359313886413065 2.4442840680286793
[0.00637175 0.0283255  0.00382822] [-0.43135205  0.13014745  0.89274691] [-0.43135205 -0.89274691  0.13014745] [0.89274691 0.13014745 0.43135205] -0.01169075101808194 2.6214875426059088 2.8091396855569406
[ 0.0388383  -0.0131641   0.00313951] [0.40872247 0.19672799 0.8912037 ] [ 0.40872247 -0.8912037   0.19672799] [ 0.8912037   0.19672799 -0.40872247] 0.012787793239921652 2.772300925044682 2.55488464481865
[0.0178967  0.0652052  0.00812804] [-0.16961291 -0.42395244  0.88966049] [-0.16961291 -0.88966049 -0.42395244] [ 0.88966049 -0.42395244  0.16961291] 0.04227814095012511 2.518087524683636 2.8111326726890216
[ 0.00867674 -0.0905761   0.0100545 ] [-0.16236625  0.42998243  0.88811728] [-0.16236625 -0.88811728  0.42998243] [0.88811728 0.42998243 0.16236625] 0.25059694180964937 2.4919582179553608 2.483172427208159
[0.0109817 0.0421554 0.0041831] [ 0.41282306 -0.20871879  0.88657407] [ 0.41282306 -0.88657407 -0.20871879] [ 0.88657407 -0.20871879 -0.41282306] 0.10474366720011195 2.544789672460373 2.767274471397676
[ 0.0340315  -0.0592637   0.00369844] [-0.44822659 -0.12575093  0.88503086] [-0.44822659 -0.88503086 -0.12575093] [ 0.88503086 -0.12575093  0.44822659] 0.16053420539562904 2.5961586858950874 2.3852817478302146
[ 0.00867674 -0.0905761   0.0100545 ] [0.24710618 0.39798002 0.88348765] [ 0.24710618 -0.88348765  0.39798002] [ 0.88348765  0.39798002 -0.24710618] 0.6726888640344747 2.5478397629543355 2.403698795956783
[0.0248116 0.0661905 0.0123594] [ 0.08715928 -0.46322484  0.88194444] [ 0.08715928 -0.88194444 -0.46322484] [ 0.88194444 -0.46322484 -0.08715928] 0.1227941167886991 2.6423011548175275 2.7233667244669912
[ 0.0109817  -0.00394419  0.0026917 ] [-0.37947392  0.28441731  0.88040123] [-0.37947392 -0.88040123  0.28441731] [0.88040123 0.28441731 0.37947392] 0.1582400180833125 2.4403687430640106 2.471354735734045
[ 0.0109817  -0.00394419  0.0026917 ] [0.47477343 0.04689097 0.87885802] [ 0.47477343 -0.87885802  0.04689097] [ 0.87885802  0.04689097 -0.47477343] 0.5094897022197952 2.405267706372562 2.6687894818696356
[0.00637175 0.0283255  0.00382822] [-0.3202988  -0.3573897   0.87731481] [-0.3202988  -0.87731481 -0.3573897 ] [ 0.87731481 -0.3573897   0.3202988 ] 0.006481236007597721 2.475548856664444 2.8115691023034586
[ 0.00867674 -0.0905761   0.0100545 ] [-0.00526557  0.48269698  0.8757716 ] [-0.00526557 -0.8757716   0.48269698] [0.8757716  0.48269698 0.00526557] 0.22105021635714106 2.390627881628518 2.5785284870089056
[ 0.0388383  -0.0131641   0.00313951] [ 0.33184619 -0.35440488  0.8742284 ] [ 0.33184619 -0.8742284  -0.35440488] [ 0.8742284  -0.35440488 -0.33184619] 0.010634467543229099 2.873017298703524 2.6447133012073003
[0.00637175 0.0283255  0.00382822] [-0.48685038  0.03738019  0.87268519] [-0.48685038 -0.87268519  0.03738019] [0.87268519 0.03738019 0.48685038] -0.010429408689335595 2.6240970553277827 2.943865392756894
[ 0.0202016  -0.031604    0.00237053] [0.38640066 0.30299536 0.87114198] [ 0.38640066 -0.87114198  0.30299536] [ 0.87114198  0.30299536 -0.38640066] 0.2693753201647069 2.4273351946418336 2.424102681035109
[0.0132867 0.0681439 0.0146644] [-0.08069521 -0.48712039  0.86959877] [-0.08069521 -0.86959877 -0.48712039] [ 0.86959877 -0.48712039  0.08069521] -0.002822013119902246 2.641610158237891 2.967279532468471
[ 0.0109817  -0.00394419  0.0026917 ] [-0.27102127  0.41596517  0.86805556] [-0.27102127 -0.86805556  0.41596517] [0.86805556 0.41596517 0.27102127] 0.181096020520863 2.3574324006752763 2.5722337701859166
[ 0.0340315  -0.0592637   0.00369844] [ 0.48342694 -0.12431714  0.86651235] [ 0.48342694 -0.86651235 -0.12431714] [ 0.86651235 -0.12431714 -0.48342694] -0.011702577103286987 3.0340305012255704 2.6712179263544678
[0.00637175 0.0283255  0.00382822] [-0.44279441 -0.23613874  0.86496914] [-0.44279441 -0.86496914 -0.23613874] [ 0.86496914 -0.23613874  0.44279441] -0.005437467453328909 2.503175755871934 2.9945345823780123
[ 0.00867674 -0.0905761   0.0100545 ] [0.16787543 0.4757242  0.86342593] [ 0.16787543 -0.86342593  0.4757242 ] [ 0.86342593  0.4757242  -0.16787543] 0.7373616185105788 2.441478330699927 2.5046366438602474
[0.0409465 0.0641841 0.0123594] [ 0.19859171 -0.46660424  0.86188272] [ 0.19859171 -0.86188272 -0.46660424] [ 0.86188272 -0.46660424 -0.19859171] 0.46003541591744324 2.7088320289731684 2.3978115001033977
[0.00637175 0.0283255  0.00382822] [-0.4640013   0.21099462  0.86033951] [-0.4640013  -0.86033951  0.21099462] [0.86033951 0.21099462 0.4640013 ] -0.009309557035850942 2.5337934309050367 2.8183776141456214
[0.0122551  0.0144957  0.00313951] [0.48713311 0.15865135 0.8587963 ] [ 0.48713311 -0.8587963   0.15865135] [ 0.8587963   0.15865135 -0.48713311] 0.6362243316592167 2.3645260204012164 2.5733699409047213
[0.0178967 0.0670774 0.0123594] [-0.2532976  -0.4482828   0.85725309] [-0.2532976  -0.85725309 -0.4482828 ] [ 0.85725309 -0.4482828   0.2532976 ] 0.022437167095568894 2.75354655572588 2.8142643860570593
[ 0.00867674 -0.0905761   0.0100545 ] [-0.11661398  0.50414461  0.85570988] [-0.11661398 -0.85570988  0.50414461] [0.85570988 0.50414461 0.11661398] 0.23421061668156046 2.4028836448613067 2.4743272380860217
[0.0109817 0.0421554 0.0041831] [ 0.42862883 -0.29440896  0.85416667] [ 0.42862883 -0.85416667 -0.29440896] [ 0.85416667 -0.29440896 -0.42862883] 0.1335354177369563 2.568584291786121 2.6985113192583046
[0.00637175 0.0283255  0.00382822] [-0.51742981 -0.0727986   0.85262346] [-0.51742981 -0.85262346 -0.0727986 ] [ 0.85262346 -0.0727986   0.51742981] -0.03000242947591159 2.6142079839757177 2.7908916951062883
[ 0.00867674 -0.0905761   0.0100545 ] [0.33395829 0.40513488 0.85108025] [ 0.33395829 -0.85108025  0.40513488] [ 0.85108025  0.40513488 -0.33395829] 0.6326857686991619 2.575892920983006 2.4270274410366777
[0.0178967 0.0670774 0.0123594] [ 0.02754442 -0.52680938  0.84953704] [ 0.02754442 -0.84953704 -0.52680938] [ 0.84953704 -0.52680938 -0.02754442] 0.038940352833029726 2.4906751210612663 2.8148527901276275
[ 0.0202016  -0.031604    0.00237053] [-0.37793139  0.37158355  0.84799383] [-0.37793139 -0.84799383  0.37158355] [0.84799383 0.37158355 0.37793139] 0.8997253166806923 2.362736330070706 2.407336677682752
[ 0.0340315  -0.0592637   0.00369844] [ 0.53213552 -0.01879202  0.84645062] [ 0.53213552 -0.84645062 -0.01879202] [ 0.84645062 -0.01879202 -0.53213552] -0.017166013606230223 2.9694129419092286 2.5715882533304852
[0.00637175 0.0283255  0.00382822] [-0.4069343  -0.34718287  0.84490741] [-0.4069343  -0.84490741 -0.34718287] [ 0.84490741 -0.34718287  0.4069343 ] -0.0014644528191008989 2.453754779497343 2.887512492703593
[ 0.0109817 -0.0911042  0.0100545] [0.06583975 0.5332935  0.8433642 ] [ 0.06583975 -0.8433642   0.5332935 ] [ 0.8433642   0.5332935  -0.06583975] 0.3455426542935456 2.3701900372145763 2.3754197518196225
[0.0155917  0.0513753  0.00383493] [ 0.31308691 -0.4396749   0.84182099] [ 0.31308691 -0.84182099 -0.4396749 ] [ 0.84182099 -0.4396749  -0.31308691] 0.10871621463037946 2.3945594125505667 2.801979442737484
[0.00637175 0.0283255  0.00382822] [-0.53020307  0.11321646  0.84027778] [-0.53020307 -0.84027778  0.11321646] [0.84027778 0.11321646 0.53020307] -0.012872093710883966 2.524317282563687 2.8505720608274405
[ 0.0202016  -0.031604    0.00237053] [0.46948758 0.27587268 0.83873457] [ 0.46948758 -0.83873457  0.27587268] [ 0.83873457  0.27587268 -0.46948758] 0.21352311906200627 2.520577656189529 2.444263149918689
[0.0362899  0.06519867 0.01469323] [-0.16053175 -0.52281946  0.83719136] [-0.16053175 -0.83719136 -0.52281946] [ 0.83719136 -0.52281946  0.16053175] 0.4382331229561599 2.726974381546643 2.418266706485049
[ 0.00867674 -0.0905761   0.0100545 ] [-0.23579938  0.49607542  0.83564815] [-0.23579938 -0.83564815  0.49607542] [0.83564815 0.49607542 0.23579938] 0.20332550278209793 2.400827969433884 2.5215361909926193
[ 0.0340315  -0.0592637   0.00369844] [ 0.51113419 -0.20739042  0.83410494] [ 0.51113419 -0.83410494 -0.20739042] [ 0.83410494 -0.20739042 -0.51113419] -0.011365790097565021 3.039949679608573 2.625622053646153
[0.00637175 0.0283255  0.00382822] [-0.51916513 -0.19315418  0.83256173] [-0.51916513 -0.83256173 -0.19315418] [ 0.83256173 -0.19315418  0.51916513] -0.03606537705245039 2.5505987904822582 2.7642317858202063
[ 0.00867674 -0.0905761   0.0100545 ] [0.25339588 0.49517548 0.83101852] [ 0.25339588 -0.83101852  0.49517548] [ 0.83101852  0.49517548 -0.25339588] 0.27430588373799664 2.466782092486761 2.502927920365064
[0.0225066 0.0664854 0.0123594] [ 0.14825011 -0.53850963  0.82947531] [ 0.14825011 -0.82947531 -0.53850963] [ 0.82947531 -0.53850963 -0.14825011] 0.10066248649261073 2.571568357019932 2.6861484300953054
[0.0122551  0.0144957  0.00313951] [-0.47500835  0.29815349  0.8279321 ] [-0.47500835 -0.8279321   0.29815349] [0.8279321  0.29815349 0.47500835] 0.1287044485064176 2.4831686036511327 2.4961231412518665
[ 0.0340315  -0.0592637   0.00369844] [0.55389048 0.10142356 0.82638889] [ 0.55389048 -0.82638889  0.10142356] [ 0.82638889  0.10142356 -0.55389048] -0.02312812345421263 2.8765337871559375 2.4766821651040862
[0.0178967 0.0670774 0.0123594] [-0.34127408 -0.45073452  0.82484568] [-0.34127408 -0.82484568 -0.45073452] [ 0.82484568 -0.45073452  0.34127408] 0.01701132984467565 2.654125012227443 2.8641286423028927
[ 0.03646515 -0.08939025  0.0100545 ] [-0.05303166  0.56512006  0.82330247] [-0.05303166 -0.82330247  0.56512006] [0.82330247 0.56512006 0.05303166] 0.9366110765689881 2.3873220357935447 2.3605961219774803
[ 0.0109817  -0.00394419  0.0026917 ] [ 0.42249183 -0.38237727  0.82175926] [ 0.42249183 -0.82175926 -0.38237727] [ 0.82175926 -0.38237727 -0.42249183] 0.40509538645280485 2.3763927903797333 2.7551087808094166
[0.00637175 0.0283255  0.00382822] [-0.57204347 -0.00344941  0.82021605] [-0.57204347 -0.82021605 -0.00344941] [ 0.82021605 -0.00344941  0.57204347] -0.023336524099469045 2.5027114795788528 2.850739357400925
[0.0122551  0.0144957  0.00313951] [0.42109487 0.39045344 0.81867284] [ 0.42109487 -0.81867284  0.39045344] [ 0.81867284  0.39045344 -0.42109487] 0.831787141185127 2.4226246786170247 2.4461749248096756
[0.0362899  0.06519867 0.01469323] [-0.04693336 -0.57454019  0.81712963] [-0.04693336 -0.81712963 -0.57454019] [ 0.81712963 -0.57454019  0.04693336] 0.44890643289153875 2.718055857248245 2.4750739137219733
[-0.00054319 -0.0874566   0.00774948] [-0.35482674  0.45707415  0.81558642] [-0.35482674 -0.81558642  0.45707415] [0.81558642 0.45707415 0.35482674] 0.03734556450254987 2.3590892585350214 2.787623737035533
[0.0109817 0.0421554 0.0041831] [ 0.57252546 -0.09771515  0.81404321] [ 0.57252546 -0.81404321 -0.09771515] [ 0.81404321 -0.09771515 -0.57252546] 0.19630527361012182 2.6205473487660553 2.5681459066844
[0.00637175 0.0283255  0.00382822] [-0.48998095 -0.31585189  0.8125    ] [-0.48998095 -0.8125     -0.31585189] [ 0.8125     -0.31585189  0.48998095] -0.01589569382093856 2.5138133839165393 2.8636839404559136
[ 0.0132867 -0.0930466  0.0146644] [0.14848613 0.56595137 0.81095679] [ 0.14848613 -0.81095679  0.56595137] [ 0.81095679  0.56595137 -0.14848613] 0.8826470610640568 2.3879212965415038 2.4168552998171187
[0.0340315 0.0629002 0.0080697] [ 0.2738001  -0.5195028   0.80941358] [ 0.2738001  -0.80941358 -0.5195028 ] [ 0.80941358 -0.5195028  -0.2738001 ] 0.5177713647643054 2.6622365863258155 2.4367191228817586
[0.00637175 0.0283255  0.00382822] [-0.55480762  0.19883152  0.80787037] [-0.55480762 -0.80787037  0.19883152] [0.80787037 0.19883152 0.55480762] -0.013307482494277753 2.411332295401138 2.8399233676621063
[0.0122551  0.0144957  0.00313951] [0.54535172 0.22897165 0.80632716] [ 0.54535172 -0.80632716  0.22897165] [ 0.80632716  0.22897165 -0.54535172] 0.8774237252035925 2.419798918778131 2.38966382185572
[0.0362899  0.06519867 0.01469323] [-0.24833504 -0.53912197  0.80478395] [-0.24833504 -0.80478395 -0.53912197] [ 0.80478395 -0.53912197  0.24833504] 0.4697298532673314 2.700860404242491 2.4881540507181414
[-0.00054319 -0.0887797   0.0100545 ] [-0.18169364  0.5672669   0.80324074] [-0.18169364 -0.80324074  0.5672669 ] [0.80324074 0.5672669  0.18169364] 0.03250879008266072 2.361281953809657 2.80100141750232
[ 0.0109817  -0.00394419  0.0026917 ] [ 0.51896042 -0.29658245  0.80169753] [ 0.51896042 -0.80169753 -0.29658245] [ 0.80169753 -0.29658245 -0.51896042] 0.6100983494591264 2.4302936971086737 2.5921883113632083
[0.00637175 0.0283255  0.00382822] [-0.58501723 -0.13231745  0.80015432] [-0.58501723 -0.80015432 -0.13231745] [ 0.80015432 -0.13231745  0.58501723] -0.026769257818592195 2.491686348431572 2.8929719057781504
[0.0202016 0.0559853 0.0038991] [0.34316506 0.49442698 0.79861111] [ 0.34316506 -0.79861111  0.49442698] [ 0.79861111  0.49442698 -0.34316506] 0.8579192537322807 2.370727866473411 2.430926329739491
[0.0362899  0.06519867 0.01469323] [ 0.08121605 -0.59840347  0.7970679 ] [ 0.08121605 -0.7970679  -0.59840347] [ 0.7970679  -0.59840347 -0.08121605] 0.46379512941586853 2.7057334476002763 2.5194451279463177
[0.0122551  0.0144957  0.00313951] [-0.46566316  0.38768323  0.79552469] [-0.46566316 -0.79552469  0.38768323] [0.79552469 0.38768323 0.46566316] 0.14453910044915944 2.3940434321807103 2.4671572883581594
[0.0109817 0.0421554 0.0041831] [0.60726029 0.02878106 0.79398148] [ 0.60726029 -0.79398148  0.02878106] [ 0.79398148  0.02878106 -0.60726029] 0.8542264560380223 2.3909761462170414 2.4330573719515094
[0.0225066 0.0664854 0.0123594] [-0.4297498  -0.43284719  0.79243827] [-0.4297498  -0.79243827 -0.43284719] [ 0.79243827 -0.43284719  0.4297498 ] 0.06101631251552561 2.52474003291369 2.7279810209424555
[ 0.0317265 -0.0948059  0.0146644] [0.02458037 0.61145794 0.79089506] [ 0.02458037 -0.79089506  0.61145794] [ 0.79089506  0.61145794 -0.02458037] 0.8506620283341212 2.3611954369051444 2.4351217197380803
[0.0155917  0.0513753  0.00383493] [ 0.39619284 -0.46899348  0.78935185] [ 0.39619284 -0.78935185 -0.46899348] [ 0.78935185 -0.46899348 -0.39619284] 0.10929781729925493 2.463704942940375 2.8203445331776944
[0.00637175 0.0283255  0.00382822] [-0.61090369  0.07844884  0.78780864] [-0.61090369 -0.78780864  0.07844884] [0.78780864 0.07844884 0.61090369] -0.022206204199534788 2.4146827202394014 2.872261259917818
[0.0122551  0.0144957  0.00313951] [0.5050621  0.35594795 0.78626543] [ 0.5050621  -0.78626543  0.35594795] [ 0.78626543  0.35594795 -0.5050621 ] 0.7232197856302314 2.513859670645354 2.379237250659985
[0.0362899  0.06519867 0.01469323] [-0.13239606 -0.60554299  0.78472222] [-0.13239606 -0.78472222 -0.60554299] [ 0.78472222 -0.60554299  0.13239606] 0.46186351498037104 2.707324286687855 2.5388289283161436
[0.0202016  0.0421554  0.00428551] [-0.31239272  0.53762573  0.78317901] [-0.31239272 -0.78317901  0.53762573] [0.78317901 0.53762573 0.31239272] 0.8286934208137762 2.3879762781335385 2.4480062888450256
[0.0122551  0.0144957  0.00313951] [ 0.59536023 -0.18598835  0.7816358 ] [ 0.59536023 -0.7816358  -0.18598835] [ 0.7816358  -0.18598835 -0.59536023] 0.7664913576731197 2.3752498249354606 2.486027696474664
[0.00637175 0.0283255  0.00382822] [-0.56637964 -0.26583764  0.78009259] [-0.56637964 -0.78009259 -0.26583764] [ 0.78009259 -0.26583764  0.56637964] -0.024708698071697167 2.4711275336077985 2.8862094369403497
[ 0.00867674 -0.0905761   0.0100545 ] [0.23879024 0.58037926 0.77854938] [ 0.23879024 -0.77854938  0.58037926] [ 0.77854938  0.58037926 -0.23879024] 0.3074653914183218 2.3788974938433087 2.4092872521735487
[0.0340315 0.0652052 0.0133682] [ 0.21662121 -0.59104709  0.77700617] [ 0.21662121 -0.77700617 -0.59104709] [ 0.77700617 -0.59104709 -0.21662121] 0.5207315805990236 2.6599050141223013 2.5803349869347354
[0.0122551  0.0144957  0.00313951] [-0.56066354  0.29036802  0.77546296] [-0.56066354 -0.77546296  0.29036802] [0.77546296 0.29036802 0.56066354] 0.09725454430958709 2.404539780878398 2.579526125262544
[0.0155917  0.0513753  0.00383493] [0.61138186 0.16510735 0.77391975] [ 0.61138186 -0.77391975  0.16510735] [ 0.77391975  0.16510735 -0.61138186] 0.9495973209345687 2.3684376244903205 2.3804489455417723
[0.0362899  0.06519867 0.01469323] [-0.34029343 -0.536316    0.77237654] [-0.34029343 -0.77237654 -0.536316  ] [ 0.77237654 -0.536316    0.34029343] 0.635498812649937 2.5738865746094755 2.427518082063977
[ 0.0109817  -0.0592637   0.00406128] [ 0.50747854 -0.38814719  0.76929012] [ 0.50747854 -0.76929012 -0.38814719] [ 0.76929012 -0.38814719 -0.50747854] 0.21721552936881278 2.4643370575191286 2.5940607834471754
[0.0109817 0.0421554 0.0041831] [-0.63823486 -0.05675335  0.76774691] [-0.63823486 -0.76774691 -0.05675335] [ 0.76774691 -0.05675335  0.63823486] -0.007229721299097506 2.374545063407323 3.0115783021422287
[0.0202016 0.0559853 0.0038991] [0.43352259 0.47433115 0.7662037 ] [ 0.43352259 -0.7662037   0.47433115] [ 0.7662037   0.47433115 -0.43352259] 0.8818864349616424 2.4172830036077344 2.370787418227315
[0.0432514 0.0659895 0.125304 ] [ 7.42135451e-04 -6.44432912e-01  7.64660494e-01] [ 7.42135451e-04 -7.64660494e-01 -6.44432912e-01] [ 7.64660494e-01 -6.44432912e-01 -7.42135451e-04] 0.6174806377235493 2.5868261487578192 2.369980260442084
[0.0248116  0.0559853  0.00380629] [ 0.35137537 -0.55097228  0.75694444] [ 0.35137537 -0.75694444 -0.55097228] [ 0.75694444 -0.55097228 -0.35137537] 0.4133448577137716 2.38781017755446 2.748042631777732
[0.0122551  0.0144957  0.00313951] [-0.63299238  0.16938012  0.75540123] [-0.63299238 -0.75540123  0.16938012] [0.75540123 0.16938012 0.63299238] 0.05084964193924365 2.3590363588627667 2.7377226942853383
[ 0.0109817  -0.0777036   0.00389729] [ 0.6002013  -0.28002716  0.7492284 ] [ 0.6002013  -0.7492284  -0.28002716] [ 0.7492284  -0.28002716 -0.6002013 ] 0.1671463534640784 2.574477931853419 2.5739884937530713
[0.0122551  0.0144957  0.00313951] [-0.6333866  -0.19947     0.74768519] [-0.6333866  -0.74768519 -0.19947   ] [ 0.74768519 -0.19947     0.6333866 ] 0.017491262935633963 2.3747257871645013 2.8825625042337215
[ 0.0294216 -0.0938384  0.0114545] [0.33316698 0.57643032 0.74614198] [ 0.33316698 -0.74614198  0.57643032] [ 0.74614198  0.57643032 -0.33316698] 0.8988295639739784 2.4078319244207833 2.3598722638462637
[0.0140932 0.0698152 0.157573 ] [ 0.14407855 -0.65177761  0.74459877] [ 0.14407855 -0.74459877 -0.65177761] [ 0.74459877 -0.65177761 -0.14407855] -0.03886995143920392 2.519732714547098 2.8484285700644114
[ 0.0109817  -0.031604    0.00228119] [ 0.47740289 -0.47863383  0.73688272] [ 0.47740289 -0.73688272 -0.47863383] [ 0.73688272 -0.47863383 -0.47740289] 0.6576743501938298 2.5582487100496722 2.5168201272973265
[ 0.0456077  -0.04799957  0.01448563] [-0.67701114  0.03052426  0.73533951] [-0.67701114 -0.73533951  0.03052426] [0.73533951 0.03052426 0.67701114] 0.9784730422019495 2.365481999179057 2.3639384101076595
[ 0.0109817  -0.0592637   0.00406128] [0.52110725 0.43587869 0.7337963 ] [ 0.52110725 -0.7337963   0.43587869] [ 0.7337963   0.43587869 -0.52110725] 0.25772210257826955 2.481597494514128 2.5123309525959554
[0.0271166 0.0680835 0.210588 ] [-0.09003631 -0.67505472  0.73225309] [-0.09003631 -0.73225309 -0.67505472] [ 0.73225309 -0.67505472  0.09003631] 0.053702646988497964 2.594473340445341 2.745256291735608
[0.0294216  0.0559853  0.00377023] [ 0.2898014  -0.62534889  0.72453704] [ 0.2898014  -0.72453704 -0.62534889] [ 0.72453704 -0.62534889 -0.2898014 ] 0.630056482904231 2.409431504693694 2.577772822664931
[0.0202016 0.0559853 0.0038991] [ 0.58691575 -0.37642739  0.71682099] [ 0.58691575 -0.71682099 -0.37642739] [ 0.71682099 -0.37642739 -0.58691575] 0.5804671756207984 2.5578539348868325 2.6140666996399786
[0.058371  0.0168006 0.0538491] [-0.68860627 -0.11915997  0.71527778] [-0.68860627 -0.71527778 -0.11915997] [ 0.71527778 -0.11915997  0.68860627] 0.11133652507550464 2.361830768180318 2.3844430616695127
[0.0178967 0.0692616 0.0284943] [ 0.0587651  -0.69952136  0.71219136] [ 0.0587651  -0.71219136 -0.69952136] [ 0.71219136 -0.69952136 -0.0587651 ] -0.007253906094349064 2.5708395475186254 2.800923207468707
[0.0155917  0.0513753  0.00383493] [ 0.42972438 -0.56484644  0.70447531] [ 0.42972438 -0.70447531 -0.56484644] [ 0.70447531 -0.56484644 -0.42972438] 0.12454574414361409 2.4763902378924407 2.74610322761134
[0.0607598 0.0467654 0.0284943] [-0.69991777  0.12649737  0.7029321 ] [-0.69991777 -0.7029321   0.12649737] [0.7029321  0.12649737 0.69991777] 0.34382264530689005 2.3609764471272743 2.3573829728917857
[0.0386415 0.0658432 0.212893 ] [-0.18800321 -0.68910871  0.69984568] [-0.18800321 -0.69984568 -0.68910871] [ 0.69984568 -0.68910871  0.18800321] 0.6258190046517741 2.5808119542660948 2.577417393237255
[0.0122551  0.0144957  0.00313951] [ 0.67285823 -0.24857259  0.69675926] [ 0.67285823 -0.69675926 -0.24857259] [ 0.69675926 -0.24857259 -0.67285823] 0.7871566602690675 2.473139572142652 2.3604596586946336
[0.0432514 0.0659895 0.125304 ] [ 0.21344705 -0.68949034  0.69212963] [ 0.21344705 -0.69212963 -0.68949034] [ 0.69212963 -0.68949034 -0.21344705] 0.8558052100678663 2.4321453519242544 2.3689108789265934
[-0.0134515  -0.0846185   0.00774948] [0.70839172 0.15297263 0.68904321] [ 0.70839172 -0.68904321  0.15297263] [ 0.68904321  0.15297263 -0.70839172] 0.9581327211325498 2.35896048009628 2.375979805620762
[0.0362899  0.06519867 0.01469323] [-0.41986099 -0.59250358  0.6875    ] [-0.41986099 -0.6875     -0.59250358] [ 0.6875     -0.59250358  0.41986099] 0.2438095708361325 2.419293459820268 2.5462166394334256
[ 0.0109817  -0.00394419  0.0026917 ] [ 0.55574609 -0.47193679  0.68441358] [ 0.55574609 -0.68441358 -0.47193679] [ 0.68441358 -0.47193679 -0.55574609] 0.8955726447751927 2.3789316014537967 2.4096363426498226
[ 0.0505992 -0.0362139  0.0446292] [-0.73002314 -0.02746394  0.68287037] [-0.73002314 -0.68287037 -0.02746394] [ 0.68287037 -0.02746394  0.73002314] 0.1850182977287019 2.3728007797075903 2.3802507547335034
[0.0248116 0.0684414 0.217503 ] [-0.03660742 -0.73249824  0.67978395] [-0.03660742 -0.67978395 -0.73249824] [ 0.67978395 -0.73249824  0.03660742] 0.01858249676044383 2.433779471444082 2.881100537044177
[-0.0198545 -0.0569587  0.0515441] [ 0.72931494 -0.10089683  0.67669753] [ 0.72931494 -0.67669753 -0.10089683] [ 0.67669753 -0.10089683 -0.72931494] 0.09750471569974412 2.3861931415565305 2.408777879503032
[0.0202016  0.0605953  0.00454308] [-0.6070938  -0.41905102  0.67515432] [-0.6070938  -0.67515432 -0.41905102] [ 0.67515432 -0.41905102  0.6070938 ] 0.011353973583607194 2.3577022597459987 2.8681971205161236
[ 0.0109817  -0.00394419  0.0026917 ] [ 0.36576034 -0.643851    0.6720679 ] [ 0.36576034 -0.6720679  -0.643851  ] [ 0.6720679  -0.643851   -0.36576034] 0.6729497346726794 2.3600372743312183 2.5476601847986635
[0.0478614  0.0513753  0.00459706] [-0.70594537  0.22811789  0.67052469] [-0.70594537 -0.67052469  0.22811789] [0.67052469 0.22811789 0.70594537] 0.941998242564887 2.3605527191229934 2.3844600098735413
[-0.00284817 -0.0777036   0.00443567] [0.67589925 0.30923128 0.66898148] [ 0.67589925 -0.66898148  0.30923128] [ 0.66898148  0.30923128 -0.67589925] 0.8494591576812519 2.4260305522257584 2.4358200064017628
[0.0363365 0.0662577 0.215198 ] [-0.29004421 -0.6858575   0.66743827] [-0.29004421 -0.66743827 -0.6858575 ] [ 0.66743827 -0.6858575   0.29004421] 0.23700990889298604 2.4794929777536607 2.553772977080204
[0.0202016 0.0559853 0.0038991] [ 0.66030782 -0.35018595  0.66435185] [ 0.66030782 -0.66435185 -0.35018595] [ 0.66435185 -0.35018595 -0.66030782] 0.87346253606771 2.4195679073407104 2.422041440165669
[ 0.0423488 -0.0753986  0.0284943] [-0.72476258 -0.18815928  0.66280864] [-0.72476258 -0.66280864 -0.18815928] [ 0.66280864 -0.18815928  0.72476258] 0.9497982697560617 2.3597085285345294 2.380343290099807
[ 0.0132867 -0.0933193  0.0169694] [0.40805913 0.62945673 0.66126543] [ 0.40805913 -0.66126543  0.62945673] [ 0.66126543  0.62945673 -0.40805913] 0.9548307327304848 2.3777042107970336 2.3564173803650026
[0.04338805 0.06521925 0.210588  ] [ 0.12452676 -0.74112055  0.65972222] [ 0.12452676 -0.65972222 -0.74112055] [ 0.65972222 -0.74112055 -0.12452676] 0.8939886109558689 2.3585301454011907 2.4105160524602005
[-0.0214511 -0.0638737  0.0400192] [0.75185955 0.05946971 0.6566358 ] [ 0.75185955 -0.6566358   0.05946971] [ 0.6566358   0.05946971 -0.75185955] 0.24591280432165638 2.4234775078991655 2.4389373864660815
[0.0178967  0.0652052  0.00812804] [-0.51514079 -0.55270577  0.65509259] [-0.51514079 -0.65509259 -0.55270577] [ 0.65509259 -0.55270577  0.51514079] -0.003170200364108937 2.365547795289316 2.9277141878493738
[0.0109817  0.0117367  0.00313951] [ 0.50733616 -0.56346958  0.65200617] [ 0.50733616 -0.65200617 -0.56346958] [ 0.65200617 -0.56346958 -0.50733616] 0.8017842350636859 2.367499891393468 2.464172056076622
[0.0432514 0.064954  0.217503 ] [-0.13920953 -0.74934926  0.64737654] [-0.13920953 -0.64737654 -0.74934926] [ 0.64737654 -0.74934926  0.13920953] 0.8514921599605901 2.3680188108048084 2.434640297634173
[-0.00381448  0.0329355   0.0469342 ] [ 0.73682494 -0.20488836  0.64429012] [ 0.73682494 -0.64429012 -0.20488836] [ 0.64429012 -0.20488836 -0.73682494] 0.20213609043069367 2.383564049448503 2.391754428135864
[0.0362899  0.06519867 0.01469323] [ 0.28716155 -0.71300259  0.63966049] [ 0.28716155 -0.63966049 -0.71300259] [ 0.63966049 -0.71300259 -0.28716155] 0.7177108695418712 2.5174861779209676 2.356425474507387
[-0.0225401 -0.0777036  0.0400192] [0.73782509 0.22447179 0.63657407] [ 0.73782509 -0.63657407  0.22447179] [ 0.63657407  0.22447179 -0.73782509] 0.28665235986063364 2.3717482645734798 2.3675397033891836
[0.0363365 0.0662577 0.215198 ] [-0.39306757 -0.66500653  0.63503086] [-0.39306757 -0.63503086 -0.66500653] [ 0.63503086 -0.66500653  0.39306757] 0.7743236299067036 2.4811126363164004 2.465522515473549
[0.0202016  0.0605953  0.00454308] [ 0.63015063 -0.45117225  0.63194444] [ 0.63015063 -0.63194444 -0.45117225] [ 0.63194444 -0.45117225 -0.63015063] 0.7931304569459325 2.363541884891535 2.469461862462626
[0.0524714 0.0637901 0.217503 ] [ 0.02548026 -0.77834882  0.62731481] [ 0.02548026 -0.62731481 -0.77834882] [ 0.62731481 -0.77834882 -0.02548026] 0.8524957780987495 2.4340587912772413 2.356590739876033
[-0.0103683   0.00297074  0.0446292 ] [ 0.7800686  -0.04280067  0.6242284 ] [ 0.7800686  -0.6242284  -0.04280067] [ 0.6242284  -0.04280067 -0.7800686 ] 0.23924764017579922 2.398682894745363 2.373197815335435
[0.0340315 0.0629002 0.0080697] [ 0.44273129 -0.64814071  0.61959877] [ 0.44273129 -0.61959877 -0.64814071] [ 0.61959877 -0.64814071 -0.44273129] 0.8864230564965321 2.3637839979817308 2.414736812089557
[0.0340315 0.0666586 0.217503 ] [-0.2461238  -0.74915688  0.61496914] [-0.2461238  -0.61496914 -0.74915688] [ 0.61496914 -0.74915688  0.2461238 ] 0.14945956506029665 2.374727738165002 2.6617134333897576
[-0.00054319  0.0559853   0.0543773 ] [ 0.72697427 -0.3116215   0.61188272] [ 0.72697427 -0.61188272 -0.3116215 ] [ 0.61188272 -0.3116215  -0.72697427] 0.13559336751961257 2.362041121014222 2.374147872683502
[0.0409465 0.0654619 0.203673 ] [ 0.19589408 -0.76998     0.60725309] [ 0.19589408 -0.60725309 -0.76998   ] [ 0.60725309 -0.76998    -0.19589408] 0.2901518196684925 2.3793835912068055 2.459278963426151
[0.0340315 0.0668048 0.208283 ] [-0.49404458 -0.6267096   0.60262346] [-0.49404458 -0.60262346 -0.6267096 ] [ 0.60262346 -0.6267096   0.49404458] 0.27350302596527387 2.4724735671412486 2.381161546195888
[-0.018983   -0.0753986   0.00856321] [ 0.58280814 -0.54853443  0.59953704] [ 0.58280814 -0.59953704 -0.54853443] [ 0.59953704 -0.54853443 -0.58280814] 0.9786906360860618 2.365370847057604 2.358116594883008
[0.0524714 0.063642  0.219808 ] [-0.08106186 -0.79969629  0.59490741] [-0.08106186 -0.59490741 -0.79969629] [ 0.59490741 -0.79969629  0.08106186] 0.9349776262680655 2.382681036125426 2.3881928791215126
[-0.0147717 -0.022384   0.0561541] [ 0.79178225 -0.15109198  0.59182099] [ 0.79178225 -0.59182099 -0.15109198] [ 0.59182099 -0.15109198 -0.79178225] 0.06732362615066022 2.5007648087139582 2.3807057901311706
[0.0362899  0.06519867 0.01469323] [ 0.36336109 -0.72330839  0.58719136] [ 0.36336109 -0.58719136 -0.72330839] [ 0.58719136 -0.72330839 -0.36336109] 0.7018707320614478 2.528019613866282 2.3863586183647674
[0.0363365 0.0661539 0.217503 ] [-0.35439064 -0.73145684  0.58256173] [-0.35439064 -0.58256173 -0.73145684] [ 0.58256173 -0.73145684  0.35439064] 0.22054611519058942 2.3899910742141106 2.6047160594477923
[-0.0126027 -0.0108591  0.0469342] [ 0.69956454 -0.41811221  0.57947531] [ 0.69956454 -0.57947531 -0.41811221] [ 0.57947531 -0.41811221 -0.69956454] 0.15987519337469253 2.373365142855471 2.3720741846803888
[0.0524714 0.063642  0.219808 ] [ 0.0942048  -0.81282095  0.57484568] [ 0.0942048  -0.57484568 -0.81282095] [ 0.57484568 -0.81282095 -0.0942048 ] 0.8897507103595833 2.3816305789200793 2.4128764339861757
[0.0294216  0.0605953  0.00514884] [ 0.51913223 -0.63942608  0.56712963] [ 0.51913223 -0.56712963 -0.63942608] [ 0.56712963 -0.63942608 -0.51913223] 0.803809435436746 2.462940543857183 2.387732541875831
[0.0593863 0.0618567 0.210588 ] [-0.19232589 -0.80411722  0.5625    ] [-0.19232589 -0.5625     -0.80411722] [ 0.5625     -0.80411722  0.19232589] 0.9574462579132348 2.37633783070698 2.366641703023099
[-0.0145445 -0.022384   0.0515441] [ 0.78620776 -0.26255247  0.55941358] [ 0.78620776 -0.55941358 -0.26255247] [ 0.55941358 -0.26255247 -0.78620776] 0.11035222872114095 2.497849495224729 2.372485532782382
[0.0178967 0.0699677 0.063069 ] [ 0.27100918 -0.78661858  0.55478395] [ 0.27100918 -0.55478395 -0.78661858] [ 0.55478395 -0.78661858 -0.27100918] -0.014266372243187041 2.360700989797436 2.8209831994522068
[0.0386415 0.0657232 0.208283 ] [-0.46106282 -0.69624083  0.55015432] [-0.46106282 -0.55015432 -0.69624083] [ 0.55015432 -0.69624083  0.46106282] 0.6926913231448049 2.534196048507302 2.3679242996407157
[0.0202016  0.0605953  0.00454308] [ 0.65485053 -0.52142832  0.5470679 ] [ 0.65485053 -0.5470679  -0.52142832] [ 0.5470679  -0.52142832 -0.65485053] 0.6952658178032383 2.5324584107674024 2.447093159086018
[0.0432514 0.0647502 0.219808 ] [-0.01542461 -0.83995405  0.54243827] [-0.01542461 -0.54243827 -0.83995405] [ 0.54243827 -0.83995405  0.01542461] 0.265428110860266 2.389609914353392 2.4752761552924003
[0.0363365  0.0624462  0.00774948] [ 0.44038271 -0.721204    0.53472222] [ 0.44038271 -0.53472222 -0.721204  ] [ 0.53472222 -0.721204   -0.44038271] 0.886077597600259 2.414930298830621 2.361776145930408
[0.0638481 0.0582903 0.208283 ] [-0.30545101 -0.79101297  0.53009259] [-0.30545101 -0.53009259 -0.79101297] [ 0.53009259 -0.79101297  0.30545101] 0.9271936822264394 2.392362291858014 2.361794316823938
[-0.0152778 -0.026994   0.0515441] [ 0.76300523 -0.37428266  0.52700617] [ 0.76300523 -0.52700617 -0.37428266] [ 0.52700617 -0.37428266 -0.76300523] 0.1345457727655087 2.505953956501073 2.3608577052089648
[0.0317265 0.0672746 0.212893 ] [-0.56326441 -0.64394979  0.51774691] [-0.56326441 -0.51774691 -0.64394979] [ 0.51774691 -0.64394979  0.56326441] 0.9236671388639979 2.356470498553207 2.3942619386416713
[0.0248116  0.0605953  0.00475468] [ 0.59352807 -0.61874793  0.51466049] [ 0.59352807 -0.51466049 -0.61874793] [ 0.51466049 -0.61874793 -0.59352807] 0.7137717670652363 2.5200909131520755 2.5054459450199014
[0.0409465 0.0654434 0.215198 ] [-0.13033178 -0.85022476  0.51003086] [-0.13033178 -0.51003086 -0.85022476] [ 0.51003086 -0.85022476  0.13033178] 0.2216851933407137 2.362788775377479 2.484625070310297
[0.0363365 0.065853  0.0238843] [ 0.34819499 -0.79147968  0.50231481] [ 0.34819499 -0.50231481 -0.79147968] [ 0.50231481 -0.79147968 -0.34819499] 0.31545505724410183 2.398555814024085 2.3917071519365822
[0.0386415 0.065747  0.210588 ] [-0.41755027 -0.76023762  0.49768519] [-0.41755027 -0.49768519 -0.76023762] [ 0.49768519 -0.76023762  0.41755027] 0.3369941680347762 2.363306701907433 2.368966326444151
[0.00422366 0.0649852  0.0284943 ] [ 0.72228778 -0.48339675  0.49459877] [ 0.72228778 -0.49459877 -0.48339675] [ 0.49459877 -0.48339675 -0.72228778] 0.9714087927546935 2.3620586264582792 2.369103751692835
[0.0340315 0.0629002 0.0080697] [ 0.51671258 -0.70741789  0.48225309] [ 0.51671258 -0.48225309 -0.70741789] [ 0.48225309 -0.70741789 -0.51671258] 0.9157362510106238 2.3985585507303258 2.357678060011083
[0.0340315 0.0667262 0.205978 ] [-0.52577375 -0.71209448  0.46527778] [-0.52577375 -0.46527778 -0.71209448] [ 0.46527778 -0.71209448  0.52577375] 0.26460934197303027 2.372828321144275 2.3916814327998477
[0.0363365 0.0658452 0.0284943] [ 0.42590849 -0.78501008  0.44984568] [ 0.42590849 -0.44984568 -0.78501008] [ 0.44984568 -0.78501008 -0.42590849] 0.29159033712662175 2.370028935568629 2.4034396992052063
[0.0271166 0.0681537 0.215198 ] [-0.62737204 -0.64732338  0.43287037] [-0.62737204 -0.43287037 -0.64732338] [ 0.43287037 -0.64732338  0.62737204] 0.9341750544607158 2.38862127546911 2.386932780043373
[-0.01460495 -0.08932715  0.0561541 ] [0.73291487 0.52987264 0.42669753] [ 0.73291487 -0.42669753  0.52987264] [ 0.42669753  0.52987264 -0.73291487] 0.11618155104419166 2.3710810184772546 2.3602062196507156
[0.0627573 0.0582903 0.222113 ] [-0.47866601 -0.77489862  0.41280864] [-0.47866601 -0.41280864 -0.77489862] [ 0.41280864 -0.77489862  0.47866601] 0.9744721627770699 2.367530058866963 2.36096017700673
[0.00422366 0.0649852  0.0284943 ] [ 0.73120008 -0.54541191  0.40972222] [ 0.73120008 -0.40972222 -0.54541191] [ 0.40972222 -0.54541191 -0.73120008] 0.9522673035440491 2.3790468438511096 2.3739286263204926
[ 0.0450513 -0.0730936  0.219808 ] [-0.6269042   0.66643756  0.40354938] [-0.6269042  -0.40354938  0.66643756] [0.40354938 0.66643756 0.6269042 ] 0.977360812842364 2.366050530172473 2.3635855541529502
[0.0248116 0.0684431 0.215198 ] [-0.68597992 -0.63900848  0.34799383] [-0.68597992 -0.34799383 -0.63900848] [ 0.34799383 -0.63900848  0.68597992] 0.9198115734894738 2.3963464760359945 2.36267323894705
[-0.0166781 -0.0721856  0.219808 ] [ 0.57729052 -0.74011792  0.34490741] [ 0.57729052 -0.34490741 -0.74011792] [ 0.34490741 -0.74011792 -0.57729052] 0.9309751573627619 2.359456308692919 2.3903327289851397
[0.00422366 0.0649852  0.0284943 ] [ 0.72823366 -0.60344927  0.32484568] [ 0.72823366 -0.32484568 -0.60344927] [ 0.32484568 -0.60344927 -0.72823366] 0.9524458052645393 2.3789532395976445 2.3673771836874633
[0.0225066 0.0682998 0.187538 ] [-0.73858999 -0.62068843  0.26311728] [-0.73858999 -0.26311728 -0.62068843] [ 0.26311728 -0.62068843  0.73858999] 0.18155466972644702 2.3814772119767156 2.3711759212747197
[0.0109817 0.0701074 0.0515441] [ 0.71488917 -0.6567711   0.23996914] [ 0.71488917 -0.23996914 -0.6567711 ] [ 0.23996914 -0.6567711  -0.71488917] 0.1076205001254047 2.3639103446300793 2.413428399869031
[0.0271166 0.068141  0.217503 ] [-0.69390551 -0.68856553  0.21064815] [-0.69390551 -0.21064815 -0.68856553] [ 0.21064815 -0.68856553  0.69390551] 0.9657101144600979 2.3720440870421537 2.365828984518165
[0.0524714 0.0639173 0.205978 ] 