[-0.04014206  0.05356095 -0.00115772] [ 0.01423268 -0.03660663  0.9992284 ] [ 0.01423268 -0.9992284  -0.03660663] [ 0.9992284  -0.03660663 -0.01423268]
[-0.04436135  0.04355737  0.00028777] [-0.06098302  0.03008891  0.99768519] [-0.06098302 -0.99768519  0.03008891] [0.99768519 0.03008891 0.06098302]
[-0.04436135  0.04355737  0.00028777] [0.08425872 0.02452821 0.99614198] [ 0.08425872 -0.99614198  0.02452821] [ 0.99614198  0.02452821 -0.08425872]
[-0.04436135  0.04355737  0.00028777] [-0.05388788 -0.08870959  0.99459877] [-0.05388788 -0.99459877 -0.08870959] [ 0.99459877 -0.08870959  0.05388788]
[-0.04436135  0.04355737  0.00028777] [-0.0228813   0.11539978  0.99305556] [-0.0228813  -0.99305556  0.11539978] [0.99305556 0.11539978 0.0228813 ]
[-0.04436135  0.04355737  0.00028777] [ 0.10479061 -0.07695581  0.99151235] [ 0.10479061 -0.99151235 -0.07695581] [ 0.99151235 -0.07695581 -0.10479061]
[-0.04436135  0.04355737  0.00028777] [-0.14045754 -0.01525742  0.98996914] [-0.14045754 -0.98996914 -0.01525742] [ 0.98996914 -0.01525742  0.14045754]
[-0.04436135  0.04355737  0.00028777] [0.10014145 0.1139556  0.98842593] [ 0.10014145 -0.98842593  0.1139556 ] [ 0.98842593  0.1139556  -0.10014145]
[-0.04436135  0.04355737  0.00028777] [ 0.00333586 -0.16140439  0.98688272] [ 0.00333586 -0.98688272 -0.16140439] [ 0.98688272 -0.16140439 -0.00333586]
[-0.04436135  0.04355737  0.00028777] [-0.11781682  0.12339066  0.98533951] [-0.11781682 -0.98533951  0.12339066] [0.98533951 0.12339066 0.11781682]
[-0.04436135  0.04355737  0.00028777] [ 0.1788891  -0.01198066  0.9837963 ] [ 0.1788891  -0.9837963  -0.01198066] [ 0.9837963  -0.01198066 -0.1788891 ]
[-0.04436135  0.04355737  0.00028777] [-0.14645815 -0.11717032  0.98225309] [-0.14645815 -0.98225309 -0.11717032] [ 0.98225309 -0.11717032  0.14645815]
[-0.04436135  0.04355737  0.00028777] [0.03006261 0.19314341 0.98070988] [ 0.03006261 -0.98070988  0.19314341] [ 0.98070988  0.19314341 -0.03006261]
[-0.04436135  0.04355737  0.00028777] [ 0.11250405 -0.16904283  0.97916667] [ 0.11250405 -0.97916667 -0.16904283] [ 0.97916667 -0.16904283 -0.11250405]
[-0.04436135  0.04355737  0.00028777] [-0.2042353   0.05040159  0.97762346] [-0.2042353  -0.97762346  0.05040159] [0.97762346 0.05040159 0.2042353 ]
[-0.04436135  0.04355737  0.00028777] [0.19082888 0.10417145 0.97608025] [ 0.19082888 -0.97608025  0.10417145] [ 0.97608025  0.10417145 -0.19082888]
[-0.04436135  0.04355737  0.00028777] [-0.07254983 -0.21216523  0.97453704] [-0.07254983 -0.97453704 -0.21216523] [ 0.97453704 -0.21216523  0.07254983]
[-0.04436135  0.04355737  0.00028777] [-0.09246518  0.21150225  0.97299383] [-0.09246518 -0.97299383  0.21150225] [0.97299383 0.21150225 0.09246518]
[-0.04436135  0.04355737  0.00028777] [ 0.21690998 -0.09609245  0.97145062] [ 0.21690998 -0.97145062 -0.09609245] [ 0.97145062 -0.09609245 -0.21690998]
[-0.04436135  0.04355737  0.00028777] [-0.23075892 -0.07765269  0.96990741] [-0.23075892 -0.96990741 -0.07765269] [ 0.96990741 -0.07765269  0.23075892]
[-0.04436135  0.04355737  0.00028777] [0.12063377 0.21844513 0.9683642 ] [ 0.12063377 -0.9683642   0.21844513] [ 0.9683642   0.21844513 -0.12063377]
[-0.04436135  0.04355737  0.00028777] [ 0.05999484 -0.24830988  0.96682099] [ 0.05999484 -0.96682099 -0.24830988] [ 0.96682099 -0.24830988 -0.05999484]
[-0.04436135  0.04355737  0.00028777] [-0.21675765  0.14579072  0.96527778] [-0.21675765 -0.96527778  0.14579072] [0.96527778 0.14579072 0.21675765]
[-0.04436135  0.04355737  0.00028777] [0.26388473 0.03975593 0.96373457] [ 0.26388473 -0.96373457  0.03975593] [ 0.96373457  0.03975593 -0.26388473]
[-0.04436135  0.04355737  0.00028777] [-0.17118979 -0.21185336  0.96219136] [-0.17118979 -0.96219136 -0.21185336] [ 0.96219136 -0.21185336  0.17118979]
[-0.04436135  0.04355737  0.00028777] [-0.01720904  0.27723453  0.96064815] [-0.01720904 -0.96064815  0.27723453] [0.96064815 0.27723453 0.01720904]
[-0.04436135  0.04355737  0.00028777] [ 0.20376146 -0.19646624  0.95910494] [ 0.20376146 -0.95910494 -0.19646624] [ 0.95910494 -0.19646624 -0.20376146]
[-0.04436135  0.04355737  0.00028777] [-0.28813425  0.00736144  0.95756173] [-0.28813425 -0.95756173  0.00736144] [0.95756173 0.00736144 0.28813425]
[-0.04436135  0.04355737  0.00028777] [0.22126458 0.19253721 0.95601852] [ 0.22126458 -0.95601852  0.19253721] [ 0.95601852  0.19253721 -0.22126458]
[-0.04436135  0.04355737  0.00028777] [-0.03365896 -0.29638482  0.95447531] [-0.03365896 -0.95447531 -0.29638482] [ 0.95447531 -0.29638482  0.03365896]
[-0.04436135  0.04355737  0.00028777] [-0.17826345  0.24523979  0.9529321 ] [-0.17826345 -0.9529321   0.24523979] [0.9529321  0.24523979 0.17826345]
[-0.04436135  0.04355737  0.00028777] [ 0.30181497 -0.06137515  0.95138889] [ 0.30181497 -0.95138889 -0.06137515] [ 0.95138889 -0.06137515 -0.30181497]
[-0.04436135  0.04355737  0.00028777] [-0.26805907 -0.16105129  0.94984568] [-0.26805907 -0.94984568 -0.16105129] [ 0.94984568 -0.16105129  0.26805907]
[-0.04436135  0.04355737  0.00028777] [0.09019099 0.30428278 0.94830247] [ 0.09019099 -0.94830247  0.30428278] [ 0.94830247  0.30428278 -0.09019099]
[-0.04436135  0.04355737  0.00028777] [ 0.14104005 -0.28940388  0.94675926] [ 0.14104005 -0.94675926 -0.28940388] [ 0.94675926 -0.28940388 -0.14104005]
[1.15365870e-02 1.37498750e-02 5.49836957e-05] [-0.30367703  0.11977847  0.94521605] [-0.30367703 -0.94521605  0.11977847] [0.94521605 0.11977847 0.30367703]
[-0.04436135  0.04355737  0.00028777] [0.30897213 0.11839676 0.94367284] [ 0.30897213 -0.94367284  0.11839676] [ 0.94367284  0.11839676 -0.30897213]
[-0.04436135  0.04355737  0.00028777] [-0.14980273 -0.29991816  0.94212963] [-0.14980273 -0.94212963 -0.29991816] [ 0.94212963 -0.29991816  0.14980273]
[-0.04436135  0.04355737  0.00028777] [-0.09331518  0.32648042  0.94058642] [-0.09331518 -0.94058642  0.32648042] [0.94058642 0.32648042 0.09331518]
[-0.04436135  0.04355737  0.00028777] [ 0.29295911 -0.17992446  0.93904321] [ 0.29295911 -0.93904321 -0.17992446] [ 0.93904321 -0.17992446 -0.29295911]
[1.15365870e-02 1.37498750e-02 5.49836957e-05] [-0.34166627 -0.06601447  0.9375    ] [-0.34166627 -0.9375     -0.06601447] [ 0.9375     -0.06601447  0.34166627]
[-0.04436135  0.04355737  0.00028777] [0.20980251 0.28278578 0.93595679] [ 0.20980251 -0.93595679  0.28278578] [ 0.93595679  0.28278578 -0.20980251]
[-0.04436135  0.04355737  0.00028777] [ 0.03673751 -0.3542903   0.93441358] [ 0.03673751 -0.93441358 -0.3542903 ] [ 0.93441358 -0.3542903  -0.03673751]
[-0.04436135  0.04355737  0.00028777] [-0.26941722  0.2390967   0.93287037] [-0.26941722 -0.93287037  0.2390967 ] [0.93287037 0.2390967  0.26941722]
[-0.04436135  0.04355737  0.00028777] [0.36413826 0.00574895 0.93132716] [ 0.36413826 -0.93132716  0.00574895] [ 0.93132716  0.00574895 -0.36413826]
[-0.04436135  0.04355737  0.00028777] [-0.26747069 -0.25290559  0.92978395] [-0.26747069 -0.92978395 -0.25290559] [ 0.92978395 -0.25290559  0.26747069]
[-0.04436135  0.04355737  0.00028777] [0.02666704 0.37102291 0.92824074] [ 0.02666704 -0.92824074  0.37102291] [ 0.92824074  0.37102291 -0.02666704]
[-0.04436135  0.04355737  0.00028777] [ 0.23333572 -0.29459485  0.92669753] [ 0.23333572 -0.92669753 -0.29459485] [ 0.92669753 -0.29459485 -0.23333572]
[1.15365870e-02 1.37498750e-02 5.49836957e-05] [-0.37478573  0.06020913  0.92515432] [-0.37478573 -0.92515432  0.06020913] [0.92515432 0.06020913 0.37478573]
[-0.04436135  0.04355737  0.00028777] [0.32014926 0.2108245  0.92361111] [ 0.32014926 -0.92361111  0.2108245 ] [ 0.92361111  0.2108245  -0.32014926]
[-0.04436135  0.04355737  0.00028777] [-0.09456155 -0.37529841  0.9220679 ] [-0.09456155 -0.9220679  -0.37529841] [ 0.9220679  -0.37529841  0.09456155]
[-0.04436135  0.04355737  0.00028777] [-0.18551989  0.3438265   0.92052469] [-0.18551989 -0.92052469  0.3438265 ] [0.92052469 0.3438265  0.18551989]
[-0.04436135  0.04355737  0.00028777] [ 0.37246409 -0.12939683  0.91898148] [ 0.37246409 -0.91898148 -0.12939683] [ 0.91898148 -0.12939683 -0.37246409]
[1.15365870e-02 1.37498750e-02 5.49836957e-05] [-0.36533457 -0.15759971  0.91743827] [-0.36533457 -0.91743827 -0.15759971] [ 0.91743827 -0.15759971  0.36533457]
[-0.04436135  0.04355737  0.00028777] [0.16437874 0.36621833 0.91589506] [ 0.16437874 -0.91589506  0.36621833] [ 0.91589506  0.36621833 -0.16437874]
[-0.04436135  0.04355737  0.00028777] [ 0.12727013 -0.38439954  0.91435185] [ 0.12727013 -0.91435185 -0.38439954] [ 0.91435185 -0.38439954 -0.12727013]
[1.15365870e-02 1.37498750e-02 5.49836957e-05] [-0.3565299   0.1991653   0.91280864] [-0.3565299  -0.91280864  0.1991653 ] [0.91280864 0.1991653  0.3565299 ]
[-0.04436135  0.04355737  0.00028777] [0.40076815 0.09476392 0.91126543] [ 0.40076815 -0.91126543  0.09476392] [ 0.91126543  0.09476392 -0.40076815]
[-0.04436135  0.04355737  0.00028777] [-0.23341195 -0.34340114  0.90972222] [-0.23341195 -0.90972222 -0.34340114] [ 0.90972222 -0.34340114  0.23341195]
[-0.04436135  0.04355737  0.00028777] [-0.06033844  0.41421028  0.90817901] [-0.06033844 -0.90817901  0.41421028] [0.90817901 0.41421028 0.06033844]
[-0.04436135  0.04355737  0.00028777] [ 0.3268682  -0.26677463  0.9066358 ] [ 0.3268682  -0.9066358  -0.26677463] [ 0.9066358  -0.26677463 -0.3268682 ]
[1.15365870e-02 1.37498750e-02 5.49836957e-05] [-0.42452114 -0.02427339  0.90509259] [-0.42452114 -0.90509259 -0.02427339] [ 0.90509259 -0.02427339  0.42452114]
[-0.04436135  0.04355737  0.00028777] [0.29891302 0.30700085 0.90354938] [ 0.29891302 -0.90354938  0.30700085] [ 0.90354938  0.30700085 -0.29891302]
[-0.04436135  0.04355737  0.00028777] [-0.01313159 -0.43152338  0.90200617] [-0.01313159 -0.90200617 -0.43152338] [ 0.90200617 -0.43152338  0.01313159]
[1.15365870e-02 1.37498750e-02 5.49836957e-05] [-0.28390207  0.32949365  0.90046296] [-0.28390207 -0.90046296  0.32949365] [0.90046296 0.32949365 0.28390207]
[-0.04436135  0.04355737  0.00028777] [ 0.43506883 -0.05155959  0.89891975] [ 0.43506883 -0.89891975 -0.05155959] [ 0.89891975 -0.05155959 -0.43506883]
[1.15365870e-02 1.37498750e-02 5.49836957e-05] [-0.35819306 -0.25770734  0.89737654] [-0.35819306 -0.89737654 -0.25770734] [ 0.89737654 -0.25770734  0.35819306]
[-0.04436135  0.04355737  0.00028777] [0.09067919 0.43504014 0.89583333] [ 0.09067919 -0.89583333  0.43504014] [ 0.89583333  0.43504014 -0.09067919]
[-0.04436135  0.04355737  0.00028777] [ 0.2285836  -0.38470081  0.89429012] [ 0.2285836  -0.89429012 -0.38470081] [ 0.89429012 -0.38470081 -0.2285836 ]
[1.15365870e-02 1.37498750e-02 5.49836957e-05] [-0.43135205  0.13014745  0.89274691] [-0.43135205 -0.89274691  0.13014745] [0.89274691 0.13014745 0.43135205]
[-0.04436135  0.04355737  0.00028777] [0.40872247 0.19672799 0.8912037 ] [ 0.40872247 -0.8912037   0.19672799] [ 0.8912037   0.19672799 -0.40872247]
[-0.04436135  0.04355737  0.00028777] [-0.16961291 -0.42395244  0.88966049] [-0.16961291 -0.88966049 -0.42395244] [ 0.88966049 -0.42395244  0.16961291]
[-0.04436135  0.04355737  0.00028777] [-0.16236625  0.42998243  0.88811728] [-0.16236625 -0.88811728  0.42998243] [0.88811728 0.42998243 0.16236625]
[-0.04436135  0.04355737  0.00028777] [ 0.41282306 -0.20871879  0.88657407] [ 0.41282306 -0.88657407 -0.20871879] [ 0.88657407 -0.20871879 -0.41282306]
[1.15365870e-02 1.37498750e-02 5.49836957e-05] [-0.44822659 -0.12575093  0.88503086] [-0.44822659 -0.88503086 -0.12575093] [ 0.88503086 -0.12575093  0.44822659]
[-0.04436135  0.04355737  0.00028777] [0.24710618 0.39798002 0.88348765] [ 0.24710618 -0.88348765  0.39798002] [ 0.88348765  0.39798002 -0.24710618]
[-0.04436135  0.04355737  0.00028777] [ 0.08715928 -0.46322484  0.88194444] [ 0.08715928 -0.88194444 -0.46322484] [ 0.88194444 -0.46322484 -0.08715928]
[1.15365870e-02 1.37498750e-02 5.49836957e-05] [-0.37947392  0.28441731  0.88040123] [-0.37947392 -0.88040123  0.28441731] [0.88040123 0.28441731 0.37947392]
[-0.04436135  0.04355737  0.00028777] [0.47477343 0.04689097 0.87885802] [ 0.47477343 -0.87885802  0.04689097] [ 0.87885802  0.04689097 -0.47477343]
[1.15365870e-02 1.37498750e-02 5.49836957e-05] [-0.3202988  -0.3573897   0.87731481] [-0.3202988  -0.87731481 -0.3573897 ] [ 0.87731481 -0.3573897   0.3202988 ]
[-0.04436135  0.04355737  0.00028777] [-0.00526557  0.48269698  0.8757716 ] [-0.00526557 -0.8757716   0.48269698] [0.8757716  0.48269698 0.00526557]
[-0.04436135  0.04355737  0.00028777] [ 0.33184619 -0.35440488  0.8742284 ] [ 0.33184619 -0.8742284  -0.35440488] [ 0.8742284  -0.35440488 -0.33184619]
[1.15365870e-02 1.37498750e-02 5.49836957e-05] [-0.48685038  0.03738019  0.87268519] [-0.48685038 -0.87268519  0.03738019] [0.87268519 0.03738019 0.48685038]
[-0.04436135  0.04355737  0.00028777] [0.38640066 0.30299536 0.87114198] [ 0.38640066 -0.87114198  0.30299536] [ 0.87114198  0.30299536 -0.38640066]
[-0.04436135  0.04355737  0.00028777] [-0.08069521 -0.48712039  0.86959877] [-0.08069521 -0.86959877 -0.48712039] [ 0.86959877 -0.48712039  0.08069521]
[1.15365870e-02 1.37498750e-02 5.49836957e-05] [-0.27102127  0.41596517  0.86805556] [-0.27102127 -0.86805556  0.41596517] [0.86805556 0.41596517 0.27102127]
[-0.04436135  0.04355737  0.00028777] [ 0.48342694 -0.12431714  0.86651235] [ 0.48342694 -0.86651235 -0.12431714] [ 0.86651235 -0.12431714 -0.48342694]
[1.15365870e-02 1.37498750e-02 5.49836957e-05] [-0.44279441 -0.23613874  0.86496914] [-0.44279441 -0.86496914 -0.23613874] [ 0.86496914 -0.23613874  0.44279441]
[-0.04436135  0.04355737  0.00028777] [0.16787543 0.4757242  0.86342593] [ 0.16787543 -0.86342593  0.4757242 ] [ 0.86342593  0.4757242  -0.16787543]
[-0.04436135  0.04355737  0.00028777] [ 0.19859171 -0.46660424  0.86188272] [ 0.19859171 -0.86188272 -0.46660424] [ 0.86188272 -0.46660424 -0.19859171]
[1.15365870e-02 1.37498750e-02 5.49836957e-05] [-0.4640013   0.21099462  0.86033951] [-0.4640013  -0.86033951  0.21099462] [0.86033951 0.21099462 0.4640013 ]
[-0.04436135  0.04355737  0.00028777] [0.48713311 0.15865135 0.8587963 ] [ 0.48713311 -0.8587963   0.15865135] [ 0.8587963   0.15865135 -0.48713311]
[1.15365870e-02 1.37498750e-02 5.49836957e-05] [-0.2532976  -0.4482828   0.85725309] [-0.2532976  -0.85725309 -0.4482828 ] [ 0.85725309 -0.4482828   0.2532976 ]
[-0.04436135  0.04355737  0.00028777] [-0.11661398  0.50414461  0.85570988] [-0.11661398 -0.85570988  0.50414461] [0.85570988 0.50414461 0.11661398]
[-0.04436135  0.04355737  0.00028777] [ 0.42862883 -0.29440896  0.85416667] [ 0.42862883 -0.85416667 -0.29440896] [ 0.85416667 -0.29440896 -0.42862883]
[1.15365870e-02 1.37498750e-02 5.49836957e-05] [-0.51742981 -0.0727986   0.85262346] [-0.51742981 -0.85262346 -0.0727986 ] [ 0.85262346 -0.0727986   0.51742981]
[-0.04436135  0.04355737  0.00028777] [0.33395829 0.40513488 0.85108025] [ 0.33395829 -0.85108025  0.40513488] [ 0.85108025  0.40513488 -0.33395829]
[-0.04436135  0.04355737  0.00028777] [ 0.02754442 -0.52680938  0.84953704] [ 0.02754442 -0.84953704 -0.52680938] [ 0.84953704 -0.52680938 -0.02754442]
[1.15365870e-02 1.37498750e-02 5.49836957e-05] [-0.37793139  0.37158355  0.84799383] [-0.37793139 -0.84799383  0.37158355] [0.84799383 0.37158355 0.37793139]
[-0.04436135  0.04355737  0.00028777] [ 0.53213552 -0.01879202  0.84645062] [ 0.53213552 -0.84645062 -0.01879202] [ 0.84645062 -0.01879202 -0.53213552]
[1.15365870e-02 1.37498750e-02 5.49836957e-05] [-0.4069343  -0.34718287  0.84490741] [-0.4069343  -0.84490741 -0.34718287] [ 0.84490741 -0.34718287  0.4069343 ]
[-0.04436135  0.04355737  0.00028777] [0.06583975 0.5332935  0.8433642 ] [ 0.06583975 -0.8433642   0.5332935 ] [ 0.8433642   0.5332935  -0.06583975]
[-0.04436135  0.04355737  0.00028777] [ 0.31308691 -0.4396749   0.84182099] [ 0.31308691 -0.84182099 -0.4396749 ] [ 0.84182099 -0.4396749  -0.31308691]
[1.15365870e-02 1.37498750e-02 5.49836957e-05] [-0.53020307  0.11321646  0.84027778] [-0.53020307 -0.84027778  0.11321646] [0.84027778 0.11321646 0.53020307]
[-0.04436135  0.04355737  0.00028777] [0.46948758 0.27587268 0.83873457] [ 0.46948758 -0.83873457  0.27587268] [ 0.83873457  0.27587268 -0.46948758]
[-0.04465907  0.06283405  0.00037375] [-0.16053175 -0.52281946  0.83719136] [-0.16053175 -0.83719136 -0.52281946] [ 0.83719136 -0.52281946  0.16053175]
[1.15365870e-02 1.37498750e-02 5.49836957e-05] [-0.23579938  0.49607542  0.83564815] [-0.23579938 -0.83564815  0.49607542] [0.83564815 0.49607542 0.23579938]
[-0.04436135  0.04355737  0.00028777] [ 0.51113419 -0.20739042  0.83410494] [ 0.51113419 -0.83410494 -0.20739042] [ 0.83410494 -0.20739042 -0.51113419]
[1.15365870e-02 1.37498750e-02 5.49836957e-05] [-0.51916513 -0.19315418  0.83256173] [-0.51916513 -0.83256173 -0.19315418] [ 0.83256173 -0.19315418  0.51916513]
[-0.04436135  0.04355737  0.00028777] [0.25339588 0.49517548 0.83101852] [ 0.25339588 -0.83101852  0.49517548] [ 0.83101852  0.49517548 -0.25339588]
[-0.04436135  0.04355737  0.00028777] [ 0.14825011 -0.53850963  0.82947531] [ 0.14825011 -0.82947531 -0.53850963] [ 0.82947531 -0.53850963 -0.14825011]
[1.15365870e-02 1.37498750e-02 5.49836957e-05] [-0.47500835  0.29815349  0.8279321 ] [-0.47500835 -0.8279321   0.29815349] [0.8279321  0.29815349 0.47500835]
[-0.04436135  0.04355737  0.00028777] [0.55389048 0.10142356 0.82638889] [ 0.55389048 -0.82638889  0.10142356] [ 0.82638889  0.10142356 -0.55389048]
[1.15365870e-02 1.37498750e-02 5.49836957e-05] [-0.34127408 -0.45073452  0.82484568] [-0.34127408 -0.82484568 -0.45073452] [ 0.82484568 -0.45073452  0.34127408]
[1.15365870e-02 1.37498750e-02 5.49836957e-05] [-0.05303166  0.56512006  0.82330247] [-0.05303166 -0.82330247  0.56512006] [0.82330247 0.56512006 0.05303166]
[-0.04436135  0.04355737  0.00028777] [ 0.42249183 -0.38237727  0.82175926] [ 0.42249183 -0.82175926 -0.38237727] [ 0.82175926 -0.38237727 -0.42249183]
[1.15365870e-02 1.37498750e-02 5.49836957e-05] [-0.57204347 -0.00344941  0.82021605] [-0.57204347 -0.82021605 -0.00344941] [ 0.82021605 -0.00344941  0.57204347]
[-0.04436135  0.04355737  0.00028777] [0.42109487 0.39045344 0.81867284] [ 0.42109487 -0.81867284  0.39045344] [ 0.81867284  0.39045344 -0.42109487]
[-0.04436135  0.04355737  0.00028777] [-0.04693336 -0.57454019  0.81712963] [-0.04693336 -0.81712963 -0.57454019] [ 0.81712963 -0.57454019  0.04693336]
[1.15365870e-02 1.37498750e-02 5.49836957e-05] [-0.35482674  0.45707415  0.81558642] [-0.35482674 -0.81558642  0.45707415] [0.81558642 0.45707415 0.35482674]
[-0.04436135  0.04355737  0.00028777] [ 0.57252546 -0.09771515  0.81404321] [ 0.57252546 -0.81404321 -0.09771515] [ 0.81404321 -0.09771515 -0.57252546]
[1.15365870e-02 1.37498750e-02 5.49836957e-05] [-0.48998095 -0.31585189  0.8125    ] [-0.48998095 -0.8125     -0.31585189] [ 0.8125     -0.31585189  0.48998095]
[-0.04436135  0.04355737  0.00028777] [0.14848613 0.56595137 0.81095679] [ 0.14848613 -0.81095679  0.56595137] [ 0.81095679  0.56595137 -0.14848613]
[-0.04436135  0.04355737  0.00028777] [ 0.2738001  -0.5195028   0.80941358] [ 0.2738001  -0.80941358 -0.5195028 ] [ 0.80941358 -0.5195028  -0.2738001 ]
[1.15365870e-02 1.37498750e-02 5.49836957e-05] [-0.55480762  0.19883152  0.80787037] [-0.55480762 -0.80787037  0.19883152] [0.80787037 0.19883152 0.55480762]
