[-0.06840952  0.01350699  0.03682727] [0.84938538 0.09424569 0.51929012] [ 0.84938538 -0.51929012  0.09424569] [ 0.51929012  0.09424569 -0.84938538] 1.0863697358416304 2.2748204081803047 2.313228322075178
[ 0.06364654 -0.01458137  0.03532156] [-0.85652987  0.05538266  0.51311728] [-0.85652987 -0.51311728  0.05538266] [0.51311728 0.05538266 0.85652987] 0.9909771004438152 2.359133700773135 2.3090761412347423
[-0.06840952  0.01350699  0.03682727] [ 0.83734548 -0.20459688  0.50694444] [ 0.83734548 -0.50694444 -0.20459688] [ 0.50694444 -0.20459688 -0.83734548] 0.8044457436399054 2.276646549910567 2.4625541111923837
[0.0519231 0.0490463 0.0413188] [-0.85998866 -0.13158922  0.49305556] [-0.85998866 -0.49305556 -0.13158922] [ 0.49305556 -0.13158922  0.85998866] 1.1255578941064128 2.2726848215624664 2.2955998391719965
[-0.06835019  0.00443206  0.03614413] [ 0.87323149 -0.02029744  0.48688272] [ 0.87323149 -0.48688272 -0.02029744] [ 0.48688272 -0.02029744 -0.87323149] 1.0399603407260278 2.335015558425885 2.3213631128979064
[0.0519231 0.0490463 0.0413188] [-0.88743761 -0.01605525  0.46064815] [-0.88743761 -0.46064815 -0.01605525] [ 0.46064815 -0.01605525  0.88743761] 1.0315267856188226 2.339084317798058 2.2755172677229383
[0.0363052  0.06329816 0.03532638] [-0.88743761 -0.01605525  0.46064815] [-0.88743761 -0.46064815 -0.01605525] [ 0.46064815 -0.01605525  0.88743761] 1.121551322786396 2.297370798589707 2.2970357329862834
[-0.066493    0.02460351  0.03455819] [ 0.87980576 -0.13926241  0.45447531] [ 0.87980576 -0.45447531 -0.13926241] [ 0.45447531 -0.13926241 -0.87980576] 1.085008669516411 2.3138530309798453 2.2728900016187588
[-0.03312924 -0.05491589  0.03471086] [0.82065956 0.35626403 0.44675926] [ 0.82065956 -0.44675926  0.35626403] [ 0.44675926  0.35626403 -0.82065956] 1.052570257876609 2.3289955182049167 2.272636917201532
[-0.02424534  0.0674398   0.03394309] [ 0.78406042 -0.43562673  0.44212963] [ 0.78406042 -0.44212963 -0.43562673] [ 0.44212963 -0.43562673 -0.78406042] 1.1576817699931454 2.277173888151842 2.2816522643556185
[ 0.05953481 -0.02576409  0.03441182] [-0.87314165 -0.20858397  0.44058642] [-0.87314165 -0.44058642 -0.20858397] [ 0.44058642 -0.20858397  0.87314165] 1.0140010257100205 2.347650102224139 2.2924592478886576
[-0.05004631  0.0521622   0.03640731] [0.89912393 0.05348829 0.43441358] [ 0.89912393 -0.43441358  0.05348829] [ 0.43441358  0.05348829 -0.89912393] 1.1378479671474182 2.290211195366937 2.2805901634159818
[0.06695972 0.01444297 0.03480086] [-0.89762761  0.10428108  0.42824074] [-0.89762761 -0.42824074  0.10428108] [0.42824074 0.10428108 0.89762761] 1.1601969985855347 2.2805788206897946 2.2731589698092582
[-0.06824997 -0.01122437  0.03956837] [ 0.86851998 -0.25986867  0.4220679 ] [ 0.86851998 -0.4220679  -0.25986867] [ 0.4220679  -0.25986867 -0.86851998] 0.9889073445551747 2.273989529772494 2.3601790398151
[-0.02054075  0.07032841  0.03796784] [ 0.86851998 -0.25986867  0.4220679 ] [ 0.86851998 -0.4220679  -0.25986867] [ 0.4220679  -0.25986867 -0.86851998] 1.0948396603260164 2.309359737244203 2.29522719278682
[-0.02476519 -0.058997    0.03297271] [0.87571541 0.24786097 0.41435185] [ 0.87571541 -0.41435185  0.24786097] [ 0.41435185  0.24786097 -0.87571541] 1.0807882355394645 2.2800317691187573 2.3157955437164714
[-0.05004631  0.0521622   0.03640731] [ 0.91310897 -0.06799304  0.40200617] [ 0.91310897 -0.40200617 -0.06799304] [ 0.40200617 -0.06799304 -0.91310897] 1.026172623146607 2.29801743716928 2.3416852828461483
[0.06695972 0.01444297 0.03480086] [-0.88990988  0.22666359  0.39583333] [-0.88990988 -0.39583333  0.22666359] [0.39583333 0.22666359 0.88990988] 1.030851378137228 2.3394116530503455 2.2901001477444156
[-0.03312924 -0.05491589  0.03471086] [0.80988576 0.43430444 0.39429012] [ 0.80988576 -0.39429012  0.43430444] [ 0.39429012  0.43430444 -0.80988576] 1.0507451440192046 2.28901533259502 2.3298621507109307
[-0.06824997 -0.01122437  0.03956837] [ 0.83922781 -0.37929063  0.38966049] [ 0.83922781 -0.38966049 -0.37929063] [ 0.38966049 -0.37929063 -0.83922781] 1.0837927646309515 2.3092895245174927 2.314411830117145
[-0.06522587 -0.01546551  0.0346581 ] [ 0.83922781 -0.37929063  0.38966049] [ 0.83922781 -0.38966049 -0.37929063] [ 0.38966049 -0.37929063 -0.83922781] 1.0949940470826292 2.3092895245174927 2.302192606227033
[-0.04379956 -0.04735405  0.0342428 ] [0.91487303 0.13086553 0.38194444] [ 0.91487303 -0.38194444  0.13086553] [ 0.38194444  0.13086553 -0.91487303] 0.8387759698421134 2.4420582617428117 2.3697586988406627
[-0.04584913  0.0579193   0.04514777] [0.91487303 0.13086553 0.38194444] [ 0.91487303 -0.38194444  0.13086553] [ 0.38194444  0.13086553 -0.91487303] 0.8453116777899821 2.270658888044397 2.4382340532199054
[-0.06137924 -0.02555571  0.03476958] [0.91487303 0.13086553 0.38194444] [ 0.91487303 -0.38194444  0.13086553] [ 0.38194444  0.13086553 -0.91487303] 1.033389344634784 2.3381827753733635 2.327304348198289
[-0.06824997 -0.01122437  0.03956837] [ 0.90914984 -0.19194615  0.36959877] [ 0.90914984 -0.36959877 -0.19194615] [ 0.36959877 -0.19194615 -0.90914984] 1.0470860311448547 2.331604400661809 2.3141063704441014
[0.06695972 0.01444297 0.03480086] [-0.86407389  0.3482785   0.36342593] [-0.86407389 -0.36342593  0.3482785 ] [0.36342593 0.3482785  0.86407389] 1.0615012009666884 2.324777471281475 2.289464333995876
[-0.03993159 -0.05192035  0.03753497] [0.8729623  0.32707449 0.36188272] [ 0.8729623  -0.36188272  0.32707449] [ 0.36188272  0.32707449 -0.8729623 ] 1.012416376037535 2.3102560343763696 2.3484320306739024
[-0.02334727  0.06333853  0.02441064] [ 0.79222393 -0.49472364  0.35725309] [ 0.79222393 -0.35725309 -0.49472364] [ 0.35725309 -0.49472364 -0.79222393] 1.0943207487522668 2.2765146319279483 2.3095958093997364
[-0.05436651 -0.03635514  0.03438102] [0.93689002 0.0078074  0.34953704] [ 0.93689002 -0.34953704  0.0078074 ] [ 0.34953704  0.0078074  -0.93689002] 1.0480457488330472 2.3311468244543305 2.2804921191573126
[-0.04463059  0.0563897   0.03351151] [0.93689002 0.0078074  0.34953704] [ 0.93689002 -0.34953704  0.0078074 ] [ 0.34953704  0.0078074  -0.93689002] 1.0729790689002707 2.3194114467743376 2.318780538856902
[0.05585335 0.04430985 0.03491115] [-0.92617631  0.15587965  0.3433642 ] [-0.92617631 -0.3433642   0.15587965] [0.3433642  0.15587965 0.92617631] 0.9465846308656769 2.3693480685713357 2.382035510620301
[0.06469918 0.02389064 0.03468247] [-0.92617631  0.15587965  0.3433642 ] [-0.92617631 -0.3433642   0.15587965] [0.3433642  0.15587965 0.92617631] 1.0105933796357824 2.2689683243544843 2.34933310264551
[-0.05004631  0.0521622   0.03640731] [ 0.88697145 -0.31556876  0.33719136] [ 0.88697145 -0.33719136 -0.31556876] [ 0.33719136 -0.31556876 -0.88697145] 0.7092953855035405 2.3822085659172028 2.5230627266139214
[-0.02054075  0.07032841  0.03796784] [ 0.88697145 -0.31556876  0.33719136] [ 0.88697145 -0.33719136 -0.31556876] [ 0.33719136 -0.31556876 -0.88697145] 1.0477862995347473 2.30716457293069 2.331270481971809
[-0.05578939 -0.03840365  0.04449401] [ 0.94093378 -0.1186272   0.31712963] [ 0.94093378 -0.31712963 -0.1186272 ] [ 0.31712963 -0.1186272  -0.94093378] 1.0130330454097416 2.3481275944920896 2.3472151765944793
[-0.05004631  0.0521622   0.03640731] [ 0.94093378 -0.1186272   0.31712963] [ 0.94093378 -0.31712963 -0.1186272 ] [ 0.31712963 -0.1186272  -0.94093378] 1.0294934077096685 2.340070460636003 2.3055168073042247
[0.06469918 0.02389064 0.03468247] [-0.90783783  0.28131184  0.31095679] [-0.90783783 -0.31095679  0.28131184] [0.31095679 0.28131184 0.90783783] 1.0462993981634598 2.2783926483596946 2.3319797804580373
[-0.03312924 -0.05491589  0.03471086] [0.85989009 0.40602003 0.30941358] [ 0.85989009 -0.30941358  0.40602003] [ 0.30941358  0.40602003 -0.85989009] 0.8874193495747527 2.2759017616688233 2.414179173659626
[-0.03060009 -0.05187315  0.02804695] [0.85989009 0.40602003 0.30941358] [ 0.85989009 -0.30941358  0.40602003] [ 0.30941358  0.40602003 -0.85989009] 0.9725968678463982 2.368492850020344 2.28670777433298
[-0.06137924 -0.02555571  0.03476958] [0.85989009 0.40602003 0.30941358] [ 0.85989009 -0.30941358  0.40602003] [ 0.30941358  0.40602003 -0.85989009] 1.09936139129084 2.296298928164776 2.307307788413252
[-0.06888747 -0.0052091   0.03590827] [ 0.84673652 -0.43605505  0.30478395] [ 0.84673652 -0.30478395 -0.43605505] [ 0.30478395 -0.43605505 -0.84673652] 0.9746267100325078 2.367450793563836 2.284414020466084
[-0.06433881 -0.02535814  0.04540933] [0.95090617 0.08676474 0.2970679 ] [ 0.95090617 -0.2970679   0.08676474] [ 0.2970679   0.08676474 -0.95090617] 0.7209276580975313 2.339957874111031 2.515366271243859
[-0.04379956 -0.04735405  0.0342428 ] [0.95090617 0.08676474 0.2970679 ] [ 0.95090617 -0.2970679   0.08676474] [ 0.2970679   0.08676474 -0.95090617] 1.0407175372176964 2.334651924630084 2.295890571935078
[0.04805733 0.05549292 0.04487353] [-0.95337488  0.08035174  0.29089506] [-0.95337488 -0.29089506  0.08035174] [0.29089506 0.08035174 0.95337488] 0.9829364630662036 2.3030334104040744 2.3632068101303285
[0.0519231 0.0490463 0.0413188] [-0.95337488  0.08035174  0.29089506] [-0.95337488 -0.29089506  0.08035174] [0.29089506 0.08035174 0.95337488] 1.1222022060517025 2.276104621916585 2.297082619574475
[0.06469918 0.02389064 0.03468247] [-0.8712882   0.40406325  0.27854938] [-0.8712882  -0.27854938  0.40406325] [0.27854938 0.40406325 0.8712882 ] 1.0039314459363586 2.279311128956441 2.3526399726373937
[-0.03993159 -0.05192035  0.03753497] [0.91582692 0.29073808 0.27700617] [ 0.91582692 -0.27700617  0.29073808] [ 0.27700617  0.29073808 -0.91582692] 0.9096507862058082 2.4018784862352818 2.278517800611902
[-0.03068931  0.06093138  0.02710316] [ 0.78903924 -0.55066151  0.27237654] [ 0.78903924 -0.27237654 -0.55066151] [ 0.27237654 -0.55066151 -0.78903924] 0.9924225103170845 2.358404972288101 2.3326878522982257
[0.05756585 0.04505881 0.04550136] [-0.95421119 -0.12700515  0.27083333] [-0.95421119 -0.27083333 -0.12700515] [ 0.27083333 -0.12700515  0.95421119] 1.1044946528989512 2.3049894962479036 2.2720259255459223
[ 0.0571033 -0.0339384  0.0836247] [-0.68228403  0.68089947  0.2662037 ] [-0.68228403 -0.2662037   0.68089947] [0.2662037  0.68089947 0.68228403] 0.9785957688893112 2.3428657072437518 2.3654193045007683
[-0.04463059  0.0563897   0.03351151] [ 0.96346046 -0.041216    0.26466049] [ 0.96346046 -0.26466049 -0.041216  ] [ 0.26466049 -0.041216   -0.96346046] 1.0413984343390794 2.3343251674701775 2.2866482094036327
[0.05585335 0.04430985 0.03491115] [-0.9431868   0.2087649   0.25848765] [-0.9431868  -0.25848765  0.2087649 ] [0.25848765 0.2087649  0.9431868 ] 0.8695861228723226 2.330907218470606 2.4242445062568656
[0.06061341 0.03660594 0.03339729] [-0.9431868   0.2087649   0.25848765] [-0.9431868  -0.25848765  0.2087649 ] [0.25848765 0.2087649  0.9431868 ] 1.0485486643041009 2.330907218470606 2.283484956464527
[-0.03060009 -0.05187315  0.02804695] [0.83685169 0.48338267 0.25694444] [ 0.83685169 -0.25694444  0.48338267] [ 0.25694444  0.48338267 -0.83685169] 0.9254168861846626 2.3933185655873537 2.3211124506729193
[-0.02476519 -0.058997    0.03297271] [0.83685169 0.48338267 0.25694444] [ 0.83685169 -0.25694444  0.48338267] [ 0.25694444  0.48338267 -0.83685169] 1.090985517183927 2.311116046013967 2.3086936602475294
[-0.06433881 -0.02535814  0.04540933] [ 0.89391207 -0.37048406  0.25231481] [ 0.89391207 -0.25231481 -0.37048406] [ 0.25231481 -0.37048406 -0.89391207] 0.7998544788572336 2.2783230765106857 2.465347796479539
[-0.03352924  0.06448313  0.0344122 ] [ 0.89391207 -0.37048406  0.25231481] [ 0.89391207 -0.25231481 -0.37048406] [ 0.25231481 -0.37048406 -0.89391207] 1.118171651155061 2.298870150325918 2.2941801611455164
[ 0.0571033 -0.0339384  0.0836247] [-0.8170548   0.52137854  0.24614198] [-0.8170548  -0.24614198  0.52137854] [0.24614198 0.52137854 0.8170548 ] 0.8154217187639511 2.4559260539812335 2.3232989992825837
[-0.05883508 -0.031412    0.03791772] [0.95504165 0.16753177 0.24459877] [ 0.95504165 -0.24459877  0.16753177] [ 0.24459877  0.16753177 -0.95504165] 1.0225488291184919 2.343453579197875 2.3235435509863365
[0.05756585 0.04505881 0.04550136] [-0.9711597   0.00138242  0.23842593] [-0.9711597  -0.23842593  0.00138242] [0.23842593 0.00138242 0.9711597 ] 1.0785456264061768 2.316831065551475 2.3133532898649642
[ 0.05536265 -0.03513062  0.04562434] [-0.9711597   0.00138242  0.23842593] [-0.9711597  -0.23842593  0.00138242] [0.23842593 0.00138242 0.9711597 ] 1.1381190316702123 2.282821948096418 2.2900930847950463
[-0.05883508 -0.031412    0.03791772] [ 0.95754474 -0.17078222  0.23225309] [ 0.95754474 -0.23225309 -0.17078222] [ 0.23225309 -0.17078222 -0.95754474] 0.839291523171039 2.441755702997383 2.314335112632222
[-0.06357357  0.03432005  0.04525592] [ 0.95754474 -0.17078222  0.23225309] [ 0.95754474 -0.23225309 -0.17078222] [ 0.23225309 -0.17078222 -0.95754474] 1.0590644089856145 2.325924629290858 2.292557611248079
[-0.03312924 -0.05491589  0.03471086] [0.90127126 0.37053102 0.22453704] [ 0.90127126 -0.22453704  0.37053102] [ 0.22453704  0.37053102 -0.90127126] 0.9851815035875728 2.3620662529131247 2.329168494397587
[0.06673834 0.0238004  0.04557034] [-0.9534033  -0.20818075  0.2183642 ] [-0.9534033  -0.2183642  -0.20818075] [ 0.2183642  -0.20818075  0.9534033 ] 0.8521880763206585 2.4342370155104205 2.335636560893914
[0.06900979 0.00417187 0.0455327 ] [-0.9534033  -0.20818075  0.2183642 ] [-0.9534033  -0.2183642  -0.20818075] [ 0.2183642  -0.20818075  0.9534033 ] 0.9470677183762596 2.38178078208919 2.338979253157153
[ 0.0571033 -0.0339384  0.0836247] [-0.7460824   0.63061762  0.21373457] [-0.7460824  -0.21373457  0.63061762] [0.21373457 0.63061762 0.7460824 ] 0.94226912344742 2.3526789488903126 2.384316505632739
[ 0.0640908  -0.02230165  0.0836247 ] [-0.7460824   0.63061762  0.21373457] [-0.7460824  -0.21373457  0.63061762] [0.21373457 0.63061762 0.7460824 ] 1.0038531894241285 2.3526789488903126 2.2913635307206075
[-0.05139333 -0.0440811   0.0462854 ] [0.97645012 0.03898704 0.21219136] [ 0.97645012 -0.21219136  0.03898704] [ 0.21219136  0.03898704 -0.97645012] 0.9377230028053315 2.3557887341631423 2.386730044679458
[0.05756585 0.04505881 0.04550136] [-0.96962236  0.1318668   0.20601852] [-0.96962236 -0.20601852  0.1318668 ] [0.20601852 0.1318668  0.96962236] 0.9289335009199171 2.3914275596833985 2.276878918951826
[0.06673834 0.0238004  0.04557034] [-0.96962236  0.1318668   0.20601852] [-0.96962236 -0.20601852  0.1318668 ] [0.20601852 0.1318668  0.96962236] 0.9366074276325176 2.387323979574049 2.3302669558593245
[-0.02339508 -0.05472811  0.02500516] [0.80431001 0.55792047 0.20447531] [ 0.80431001 -0.20447531  0.55792047] [ 0.20447531  0.55792047 -0.80431001] 0.9266242642402226 2.3926685688424074 2.352087992364152
[-0.06433881 -0.02535814  0.04540933] [ 0.93304961 -0.29913229  0.19984568] [ 0.93304961 -0.19984568 -0.29913229] [ 0.19984568 -0.29913229 -0.93304961] 0.8252357326007204 2.304610133910875 2.450059706654293
[-0.05954217  0.04280072  0.04555403] [ 0.93304961 -0.29913229  0.19984568] [ 0.93304961 -0.19984568 -0.29913229] [ 0.19984568 -0.29913229 -0.93304961] 1.0924476647644414 2.2880491076436837 2.310448960684738
[-0.02424534  0.0674398   0.03394309] [ 0.93304961 -0.29913229  0.19984568] [ 0.93304961 -0.19984568 -0.29913229] [ 0.19984568 -0.29913229 -0.93304961] 1.1464429645720764 2.286481518481601 2.270472527747928
[0.06167803 0.03874116 0.04299137] [-0.89034747 -0.4098262   0.19830247] [-0.89034747 -0.19830247 -0.4098262 ] [ 0.19830247 -0.4098262   0.89034747] 1.0927708961234348 2.310301621779028 2.2864925683112762
[ 0.0571033 -0.0339384  0.0836247] [-0.86777883  0.45765788  0.19367284] [-0.86777883 -0.19367284  0.45765788] [0.19367284 0.45765788 0.86777883] 0.8228324925509238 2.451491031466621 2.2930047078761358
[ 0.06599056 -0.0151368   0.04564678] [-0.86777883  0.45765788  0.19367284] [-0.86777883 -0.19367284  0.45765788] [0.19367284 0.45765788 0.86777883] 0.8882647138611061 2.413706444489418 2.308881201950361
[-0.05883508 -0.031412    0.03791772] [0.94931003 0.24879041 0.19212963] [ 0.94931003 -0.19212963  0.24879041] [ 0.19212963  0.24879041 -0.94931003] 1.0100531460499178 2.3496004453474555 2.337822521023321
[-0.06950267  0.01394272  0.04581782] [0.94931003 0.24879041 0.19212963] [ 0.94931003 -0.19212963  0.24879041] [ 0.19212963  0.24879041 -0.94931003] 1.0501199755648847 2.284211731693432 2.3301593675598333
[-0.03352924  0.06448313  0.0344122 ] [ 0.77574424 -0.60254845  0.1875    ] [ 0.77574424 -0.1875     -0.60254845] [ 0.1875     -0.60254845 -0.77574424] 1.0099480396937068 2.312152578917055 2.3496524755904873
[0.06875544 0.01417199 0.04554184] [-0.97931764 -0.07973103  0.18595679] [-0.97931764 -0.18595679 -0.07973103] [ 0.18595679 -0.07973103  0.97931764] 0.7746734483608917 2.480893979007632 2.380469903477924
[ 0.06599056 -0.0151368   0.04564678] [-0.97931764 -0.07973103  0.18595679] [-0.97931764 -0.18595679 -0.07973103] [ 0.18595679 -0.07973103  0.97931764] 1.0681435156410153 2.3009612901984835 2.3216646292502725
[ 0.05088307 -0.04010322  0.04362931] [-0.97931764 -0.07973103  0.18595679] [-0.97931764 -0.18595679 -0.07973103] [ 0.18595679 -0.07973103  0.97931764] 1.1288357984891633 2.2941561919636526 2.289754676498891
[-0.05883508 -0.031412    0.03791772] [ 0.97937814 -0.09217482  0.17978395] [ 0.97937814 -0.17978395 -0.09217482] [ 0.17978395 -0.09217482 -0.97937814] 0.8059758648099474 2.461625844822729 2.3178152792241855
[-0.05578939 -0.03840365  0.04449401] [ 0.97937814 -0.09217482  0.17978395] [ 0.97937814 -0.17978395 -0.09217482] [ 0.17978395 -0.09217482 -0.97937814] 1.1357279923545711 2.270908350001655 2.291136025159169
[0.06061341 0.03660594 0.03339729] [-0.94942001  0.26165021  0.17361111] [-0.94942001 -0.17361111  0.26165021] [0.17361111 0.26165021 0.94942001] 1.0566962578600645 2.2879518305176743 2.3270421507091363
[-0.03396172 -0.05793164  0.04457058] [0.87705605 0.44851458 0.1720679 ] [ 0.87705605 -0.1720679   0.44851458] [ 0.1720679   0.44851458 -0.87705605] 0.9709444279631132 2.312038468761031 2.3693427227802824
[-0.06433881 -0.02535814  0.04540933] [ 0.89029664 -0.42348119  0.16743827] [ 0.89029664 -0.16743827 -0.42348119] [ 0.16743827 -0.42348119 -0.89029664] 0.9605475022539478 2.3747223252171024 2.3652752240251944
[ 0.0571033 -0.0339384  0.0836247] [-0.80376197  0.57267806  0.16126543] [-0.80376197 -0.16126543  0.57267806] [0.16126543 0.57267806 0.80376197] 0.8763648309684364 2.3560038204416953 2.420397521408242
[ 0.06599056 -0.0151368   0.04564678] [-0.80376197  0.57267806  0.16126543] [-0.80376197 -0.16126543  0.57267806] [0.16126543 0.57267806 0.80376197] 1.023625466610815 2.3257593847346376 2.3429275452412477
[ 0.06364365 -0.02263493  0.04642348] [-0.80376197  0.57267806  0.16126543] [-0.80376197 -0.16126543  0.57267806] [0.16126543 0.57267806 0.80376197] 1.0594150560831022 2.3257593847346376 2.2782897982924193
[-0.05578939 -0.03840365  0.04449401] [0.97975658 0.12068911 0.15972222] [ 0.97975658 -0.15972222  0.12068911] [ 0.15972222  0.12068911 -0.97975658] 0.8462982489398021 2.362543367963578 2.4376589225144816
[-0.06950267  0.01394272  0.04581782] [0.97975658 0.12068911 0.15972222] [ 0.97975658 -0.15972222  0.12068911] [ 0.15972222  0.12068911 -0.97975658] 0.9977969023171096 2.2752056035959987 2.3557045997449326
[0.05756585 0.04505881 0.04550136] [-0.98677901  0.0518631   0.15354938] [-0.98677901 -0.15354938  0.0518631 ] [0.15354938 0.0518631  0.98677901] 0.9781599054466581 2.296019031792843 2.3656419993103066
[0.06563387 0.03430402 0.04588963] [-0.98677901  0.0518631   0.15354938] [-0.98677901 -0.15354938  0.0518631 ] [0.15354938 0.0518631  0.98677901] 1.066500091862522 2.302467092700052 2.3224328802508363
[-0.03312924 -0.05491589  0.03471086] [0.76283728 0.6284691  0.15200617] [ 0.76283728 -0.15200617  0.6284691 ] [ 0.15200617  0.6284691  -0.76283728] 0.9308909247145193 2.2860157206885843 2.390377854351582
[-0.06897461 -0.01387832  0.04671881] [ 0.96357624 -0.22316135  0.14737654] [ 0.96357624 -0.14737654 -0.22316135] [ 0.14737654 -0.22316135 -0.96357624] 0.8659479887720062 2.2872792052144226 2.426319859899979
[-0.05609983  0.04747784  0.04517668] [ 0.96357624 -0.22316135  0.14737654] [ 0.96357624 -0.14737654 -0.22316135] [ 0.14737654 -0.22316135 -0.96357624] 1.1189526624444843 2.276468939786493 2.298523216335541
[0.06359045 0.0312097  0.0836247 ] [-0.86145361 -0.48644662  0.14583333] [-0.86145361 -0.14583333 -0.48644662] [ 0.14583333 -0.48644662  0.86145361] 1.0192900335096828 2.3450492481011627 2.2761434622052854
[ 0.0571033 -0.0339384  0.0836247] [-0.91080395  0.3879403   0.1412037 ] [-0.91080395 -0.1412037   0.3879403 ] [0.1412037  0.3879403  0.91080395] 0.845359620439375 2.4382060916760864 2.310566747329975
[ 0.0681599  -0.00578968  0.04578097] [-0.91080395  0.3879403   0.1412037 ] [-0.91080395 -0.1412037   0.3879403 ] [0.1412037  0.3879403  0.91080395] 0.9247226187094542 2.3936926816988406 2.271679328016403
[0.06370855 0.03234954 0.03590913] [-0.91080395  0.3879403   0.1412037 ] [-0.91080395 -0.1412037   0.3879403 ] [0.1412037  0.3879403  0.91080395] 1.0596065273126791 2.325669177179307 2.2843902048192692
[-0.04952684 -0.04248673  0.03577308] [0.93385483 0.3292569  0.13966049] [ 0.93385483 -0.13966049  0.3292569 ] [ 0.13966049  0.3292569  -0.93385483] 0.8372750970201982 2.3023255701439798 2.4429399421589553
[-0.07009223  0.0041941   0.04539452] [0.93385483 0.3292569  0.13966049] [ 0.93385483 -0.13966049  0.3292569 ] [ 0.13966049  0.3292569  -0.93385483] 0.8878091476802259 2.284691657211668 2.413961148582858
[-0.05883508 -0.031412    0.03791772] [ 0.99180037 -0.01108885  0.12731481] [ 0.99180037 -0.12731481 -0.01108885] [ 0.12731481 -0.01108885 -0.99180037] 0.7957755203782366 2.4678402734313227 2.3193054299662674
[-0.06824997 -0.01122437  0.03956837] [ 0.99180037 -0.01108885  0.12731481] [ 0.99180037 -0.12731481 -0.01108885] [ 0.12731481 -0.01108885 -0.99180037] 0.8361625600765192 2.3012166944892964 2.4435943378037255
[-0.05954217  0.04280072  0.04555403] [ 0.99180037 -0.01108885  0.12731481] [ 0.99180037 -0.12731481 -0.01108885] [ 0.12731481 -0.01108885 -0.99180037] 0.9183833432799536 2.3971206936558893 2.3609856356534245
[-0.06950267  0.01394272  0.04581782] [ 0.99180037 -0.01108885  0.12731481] [ 0.99180037 -0.12731481 -0.01108885] [ 0.12731481 -0.01108885 -0.99180037] 0.9847914337663618 2.2909684670630615 2.362264237966222
[ 0.0681599  -0.00578968  0.04578097] [-0.97546719  0.18381618  0.12114198] [-0.97546719 -0.12114198  0.18381618] [0.12114198 0.18381618 0.97546719] 0.8746160854832723 2.42138748006267 2.2699474170296314
[0.06673834 0.0238004  0.04557034] [-0.97546719  0.18381618  0.12114198] [-0.97546719 -0.12114198  0.18381618] [0.12114198 0.18381618 0.97546719] 0.9183596318890566 2.329791649563401 2.3971335564698673
[-0.03060009 -0.05187315  0.02804695] [0.84360418 0.52347695 0.11959877] [ 0.84360418 -0.11959877  0.52347695] [ 0.11959877  0.52347695 -0.84360418] 0.8734617918637549 2.4220418623045843 2.279195277172809
[-0.04379956 -0.04735405  0.0342428 ] [0.84360418 0.52347695 0.11959877] [ 0.84360418 -0.11959877  0.52347695] [ 0.11959877  0.52347695 -0.84360418] 1.0876680128027074 2.3126332216498664 2.2731877917981445
[-0.06433881 -0.02535814  0.04540933] [ 0.92922472 -0.35117448  0.11496914] [ 0.92922472 -0.11496914 -0.35117448] [ 0.11496914 -0.35117448 -0.92922472] 0.9081314017440149 2.402710531971506 2.3514273455890606
[-0.06897461 -0.01387832  0.04671881] [ 0.92922472 -0.35117448  0.11496914] [ 0.92922472 -0.11496914 -0.35117448] [ 0.11496914 -0.35117448 -0.92922472] 0.9330798547017393 2.3424752962178874 2.3892064243093913
[-0.06670849 -0.01717032  0.04381928] [ 0.92922472 -0.35117448  0.11496914] [ 0.92922472 -0.11496914 -0.35117448] [ 0.11496914 -0.35117448 -0.92922472] 1.0063692224615168 2.3424752962178874 2.3514273455890606
[-0.05407396  0.04567462  0.03392966] [ 0.92922472 -0.35117448  0.11496914] [ 0.92922472 -0.11496914 -0.35117448] [ 0.11496914 -0.35117448 -0.92922472] 1.0403855597823417 2.3165459294794157 2.3348113186194834
[ 0.0571033 -0.0339384  0.0836247] [-0.85444925  0.5080156   0.1087963 ] [-0.85444925 -0.1087963   0.5080156 ] [0.1087963  0.5080156  0.85444925] 0.9302956358099366 2.351945587245649 2.390696872402701
[ 0.0681599  -0.00578968  0.04578097] [-0.85444925  0.5080156   0.1087963 ] [-0.85444925 -0.1087963   0.5080156 ] [0.1087963  0.5080156  0.85444925] 0.9617958535193927 2.3740734437046083 2.302249273443529
[0.06469918 0.02389064 0.03468247] [-0.85444925  0.5080156   0.1087963 ] [-0.85444925 -0.1087963   0.5080156 ] [0.1087963  0.5080156  0.85444925] 0.9888155543041557 2.34977450140156 2.360225448992666
[-0.05578939 -0.03840365  0.04449401] [0.97336806 0.20261145 0.10725309] [ 0.97336806 -0.10725309  0.20261145] [ 0.10725309  0.20261145 -0.97336806] 0.8293202524905009 2.345385409921398 2.447634778507599
[-0.04839215 -0.0416948   0.0283016 ] [0.97336806 0.20261145 0.10725309] [ 0.97336806 -0.10725309  0.20261145] [ 0.10725309  0.20261145 -0.97336806] 0.8696218529974671 2.424224161250943 2.3127843770685064
[-0.04570881 -0.04868239  0.04473051] [0.97336806 0.20261145 0.10725309] [ 0.97336806 -0.10725309  0.20261145] [ 0.10725309  0.20261145 -0.97336806] 1.0808268289247505 2.3157777435293614 2.308473937455654
[-0.03352924  0.06448313  0.0344122 ] [ 0.75339756 -0.64950793  0.10262346] [ 0.75339756 -0.10262346 -0.64950793] [ 0.10262346 -0.64950793 -0.75339756] 0.9908357942322854 2.2815782488895815 2.359204999287823
[-0.03068931  0.06093138  0.02710316] [ 0.75339756 -0.64950793  0.10262346] [ 0.75339756 -0.10262346 -0.64950793] [ 0.10262346 -0.64950793 -0.75339756] 1.1474467710836196 2.2815782488895815 2.286047999098522
[-0.06824997 -0.01122437  0.03956837] [ 0.9850501  -0.14376675  0.09490741] [ 0.9850501  -0.09490741 -0.14376675] [ 0.09490741 -0.14376675 -0.9850501 ] 0.9236134116167922 2.306393738985128 2.394290931636063
[-0.07078406 -0.00576639  0.04549337] [ 0.9850501  -0.14376675  0.09490741] [ 0.9850501  -0.09490741 -0.14376675] [ 0.09490741 -0.14376675 -0.9850501 ] 0.9875008076302245 2.34380806282278 2.3608906529610776
[ 0.0681599  -0.00578968  0.04578097] [-0.94549086  0.31332606  0.08873457] [-0.94549086 -0.08873457  0.31332606] [0.08873457 0.31332606 0.94549086] 0.9779327373407244 2.365758104316281 2.3213573535433314
[-0.05578939 -0.03840365  0.04449401] [0.90894858 0.40768878 0.08719136] [ 0.90894858 -0.08719136  0.40768878] [ 0.08719136  0.40768878 -0.90894858] 0.776976126330819 2.312878524864694 2.479456515748474
[-0.04570881 -0.04868239  0.04473051] [0.90894858 0.40768878 0.08719136] [ 0.90894858 -0.08719136  0.40768878] [ 0.08719136  0.40768878 -0.90894858] 1.0949034271761262 2.278867337303098 2.3093307357511237
[-0.06670849 -0.01717032  0.04381928] [ 0.87692878 -0.47347594  0.08256173] [ 0.87692878 -0.08256173 -0.47347594] [ 0.08256173 -0.47347594 -0.87692878] 0.7940715321960962 2.468884445719714 2.3405203549779525
[-0.05883508 -0.031412    0.03791772] [0.99464875 0.07121795 0.07484568] [ 0.99464875 -0.07484568  0.07121795] [ 0.07484568  0.07121795 -0.99464875] 0.8077182514084339 2.4605704938493633 2.340870302171909
[-0.06824997 -0.01122437  0.03956837] [0.99464875 0.07121795 0.07484568] [ 0.99464875 -0.07484568  0.07121795] [ 0.07484568  0.07121795 -0.99464875] 0.927244547686765 2.3375151175677495 2.3923349409437833
[-0.06897461 -0.01387832  0.04671881] [0.99464875 0.07121795 0.07484568] [ 0.99464875 -0.07484568  0.07121795] [ 0.07484568  0.07121795 -0.99464875] 1.0347709433362973 2.3375151175677495 2.3048347679505015
[-0.06670849 -0.01717032  0.04381928] [0.99464875 0.07121795 0.07484568] [ 0.99464875 -0.07484568  0.07121795] [ 0.07484568  0.07121795 -0.99464875] 1.1048381942647805 2.2767760193335986 2.3048347679505015
[0.05756585 0.04505881 0.04550136] [-0.99229064  0.10316651  0.06867284] [-0.99229064 -0.06867284  0.10316651] [0.06867284 0.10316651 0.99229064] 1.1182011891077652 2.2689643748444714 2.298857024335497
[-0.03060009 -0.05187315  0.02804695] [0.80145658 0.59427348 0.06712963] [ 0.80145658 -0.06712963  0.59427348] [ 0.06712963  0.59427348 -0.80145658] 0.9923003412181894 2.3584665252184744 2.298356262089127
[-0.06433881 -0.02535814  0.04540933] [ 0.95954231 -0.27454018  0.0625    ] [ 0.95954231 -0.0625     -0.27454018] [ 0.0625     -0.27454018 -0.95954231] 0.8780314392495318 2.4194556561853755 2.3298735264657973
[-0.06824997 -0.01122437  0.03956837] [ 0.95954231 -0.27454018  0.0625    ] [ 0.95954231 -0.0625     -0.27454018] [ 0.0625     -0.27454018 -0.95954231] 1.0161149345808271 2.3466089433759687 2.338533317513612
[0.0505568 0.0479234 0.0836247] [-0.89307126 -0.44576676  0.06095679] [-0.89307126 -0.06095679 -0.44576676] [ 0.06095679 -0.44576676  0.89307126] 1.1189784770718882 2.2967099457163225 2.2985117537844015
[0.06875544 0.01417199 0.04554184] [-0.89738453  0.43763941  0.05632716] [-0.89738453 -0.05632716  0.43763941] [0.05632716 0.43763941 0.89738453] 1.032611724633109 2.338558966048433 2.3106862463373923
[0.06469918 0.02389064 0.03468247] [-0.89738453  0.43763941  0.05632716] [-0.89738453 -0.05632716  0.43763941] [0.05632716 0.43763941 0.89738453] 1.0586021592797419 2.2700951013116804 2.326142555661567
[-0.06824997 -0.01122437  0.03956837] [0.95740693 0.28349724 0.05478395] [ 0.95740693 -0.05478395  0.28349724] [ 0.05478395  0.28349724 -0.95740693] 0.9771892604949943 2.3661382777492497 2.3570504405424404
[-0.04952684 -0.04248673  0.03577308] [0.95740693 0.28349724 0.05478395] [ 0.95740693 -0.05478395  0.28349724] [ 0.05478395  0.28349724 -0.95740693] 1.0029467341349205 2.3180240982975153 2.3531306382133454
[-0.07009223  0.0041941   0.04539452] [0.95740693 0.28349724 0.05478395] [ 0.95740693 -0.05478395  0.28349724] [ 0.05478395  0.28349724 -0.95740693] 1.0198379160904394 2.297375426163404 2.3447806137723095
[-0.00337881  0.07417616  0.0344371 ] [ 0.80770393 -0.5874512   0.05015432] [ 0.80770393 -0.05015432 -0.5874512 ] [ 0.05015432 -0.5874512  -0.80770393] 0.9407411205064069 2.2903852013565227 2.385126502051863
[0.06469918 0.02389064 0.03468247] [-0.99246914 -0.11243652  0.04861111] [-0.99246914 -0.04861111 -0.11243652] [ 0.04861111 -0.11243652  0.99246914] 0.7741526175179464 2.31189373210706 2.4812195561691834
[-0.07159755  0.0141138   0.054748  ] [ 0.99716292 -0.06216996  0.04243827] [ 0.99716292 -0.04243827 -0.06216996] [ 0.04243827 -0.06216996 -0.99716292] 1.1198377260675343 2.298130386446039 2.2852297973572777
[-0.07009223  0.0041941   0.04539452] [ 0.99716292 -0.06216996  0.04243827] [ 0.99716292 -0.04243827 -0.06216996] [ 0.04243827 -0.06216996 -0.99716292] 1.126610261645942 2.276308843105739 2.2951358456665774
[0.06875544 0.01417199 0.04554184] [-0.97132718  0.23496454  0.03626543] [-0.97132718 -0.03626543  0.23496454] [0.03626543 0.23496454 0.97132718] 1.0077165202509044 2.350758424359161 2.3143034814076677
[-0.04952684 -0.04248673  0.03577308] [0.87499068 0.48289303 0.03472222] [ 0.87499068 -0.03472222  0.48289303] [ 0.03472222  0.48289303 -0.87499068] 0.9988443103217868 2.2800958983730215 2.3551800154749465
[-0.06522587 -0.01546551  0.0346581 ] [0.87499068 0.48289303 0.03472222] [ 0.87499068 -0.03472222  0.48289303] [ 0.03472222  0.48289303 -0.87499068] 1.033463151784069 2.296168267751911 2.338147084741456
[-0.06824997 -0.01122437  0.03956837] [ 0.91574013 -0.40064255  0.03009259] [ 0.91574013 -0.03009259 -0.40064255] [ 0.03009259 -0.40064255 -0.91574013] 0.8569205762227412 2.4315018803597637 2.300125859450529
[-0.03352924  0.06448313  0.0344122 ] [ 0.91574013 -0.40064255  0.03009259] [ 0.91574013 -0.03009259 -0.40064255] [ 0.03009259 -0.40064255 -0.91574013] 1.1039560240846114 2.28348423013131 2.3052321968837273
[-0.07078406 -0.00576639  0.04549337] [ 0.91574013 -0.40064255  0.03009259] [ 0.91574013 -0.03009259 -0.40064255] [ 0.03009259 -0.40064255 -0.91574013] 1.1153498796269774 2.2774564541915145 2.300125859450529
[ 0.0681599  -0.00578968  0.04578097] [-0.83209576  0.55411596  0.02391975] [-0.83209576 -0.02391975  0.55411596] [0.02391975 0.55411596 0.83209576] 1.1245094051835374 2.2773284347458858 2.296062605048034
[-0.05883508 -0.031412    0.03791772] [0.98789677 0.15349024 0.02237654] [ 0.98789677 -0.02237654  0.15349024] [ 0.02237654  0.15349024 -0.98789677] 0.6743398787359814 2.5467039689100366 2.3544542194951665
[-0.06433881 -0.02535814  0.04540933] [0.98789677 0.15349024 0.02237654] [ 0.98789677 -0.02237654  0.15349024] [ 0.02237654  0.15349024 -0.98789677] 1.0002952778049707 2.2952714303996764 2.3544542194951665
[-0.07078406 -0.00576639  0.04549337] [0.98789677 0.15349024 0.02237654] [ 0.98789677 -0.02237654  0.15349024] [ 0.02237654  0.15349024 -0.98789677] 1.0406253906241731 2.2848986061950995 2.3346961621346596
[0.06875544 0.01417199 0.04554184] [-0.99964958  0.02093238  0.0162037 ] [-0.99964958 -0.0162037   0.02093238] [0.0162037  0.02093238 0.99964958] 1.0876304245810926 2.3126504404092905 2.2811648462540353
[-0.06824997 -0.01122437  0.03956837] [ 0.9808018  -0.19474908  0.01003086] [ 0.9808018  -0.01003086 -0.19474908] [ 0.01003086 -0.19474908 -0.9808018 ] 0.9200658527651466 2.3962087513789934 2.30060971667373
[-0.06897461 -0.01387832  0.04671881] [ 0.9808018  -0.19474908  0.01003086] [ 0.9808018  -0.01003086 -0.19474908] [ 0.01003086 -0.19474908 -0.9808018 ] 1.114264686988878 2.2982493191540896 2.30060971667373
[-0.07078406 -0.00576639  0.04549337] [ 0.9808018  -0.19474908  0.01003086] [ 0.9808018  -0.01003086 -0.19474908] [ 0.01003086 -0.19474908 -0.9808018 ] 1.1276797637575682 2.294664793937801 2.281997462666955
[ 0.06364654 -0.01458137  0.03532156] [-0.93192694  0.36262556  0.00385802] [-0.93192694 -0.00385802  0.36262556] [0.00385802 0.36262556 0.93192694] 0.9149817721681746 2.270796654780136 2.3989690661002925
[ 0.0640908  -0.02230165  0.0836247 ] [-0.93192694  0.36262556  0.00385802] [-0.93192694 -0.00385802  0.36262556] [0.00385802 0.36262556 0.93192694] 0.9810838061851483 2.319533661223274 2.364149953098714
[-0.06433881 -0.02535814  0.04540933] [0.93212841 0.36212053 0.00231481] [ 0.93212841 -0.00231481  0.36212053] [ 0.00231481  0.36212053 -0.93212841] 0.8218489613317709 2.291657457991359 2.4520777784372667
[-0.06824997 -0.01122437  0.03956837] [0.93212841 0.36212053 0.00231481] [ 0.93212841 -0.00231481  0.36212053] [ 0.00231481  0.36212053 -0.93212841] 0.9397574038029676 2.38564862566308 2.3216954683833744
[-0.07009223  0.0041941   0.04539452] [0.93212841 0.36212053 0.00231481] [ 0.93212841 -0.00231481  0.36212053] [ 0.00231481  0.36212053 -0.93212841] 1.0409037990717693 2.334562516944999 2.2729311559308356
[0.06875544 0.01417199 0.04554184] [-0.9809496  -0.1942241  -0.00385802] [-0.9809496   0.00385802 -0.1942241 ] [-0.00385802 -0.1942241   0.9809496 ] 1.0928964580772285 2.2710481907721523 2.310244399527419
[-0.06824997 -0.01122437  0.03956837] [ 0.99974177  0.0203905  -0.01003086] [0.99974177 0.01003086 0.0203905 ] [-0.01003086  0.0203905  -0.99974177] 0.8568788746816536 2.431525925848308 2.3073568534036406
[-0.07078406 -0.00576639  0.04549337] [ 0.99974177  0.0203905  -0.01003086] [0.99974177 0.01003086 0.0203905 ] [-0.01003086  0.0203905  -0.99974177] 1.0992530324202048 2.294107436157648 2.3073568534036406
[0.07074324 0.0149827  0.05193473] [-0.98793085  0.1540457  -0.0162037 ] [-0.98793085  0.0162037   0.1540457 ] [-0.0162037   0.1540457   0.98793085] 1.123445871432759 2.2965325037420725 2.285090853172099
[0.07156991 0.00399353 0.05100819] [-0.98793085  0.1540457  -0.0162037 ] [-0.98793085  0.0162037   0.1540457 ] [-0.0162037   0.1540457   0.98793085] 1.1445331212738854 2.2873075243712027 2.285090853172099
[-0.07078406 -0.00576639  0.04549337] [ 0.83250402  0.55373469 -0.01774691] [0.83250402 0.01774691 0.55373469] [-0.01774691  0.55373469 -0.83250402] 1.0870954240437123 2.2859006454028177 2.3128955883238578
[-0.05954217  0.04280072  0.04555403] [ 0.94588417 -0.32373203 -0.02237654] [ 0.94588417  0.02237654 -0.32373203] [-0.02237654 -0.32373203 -0.94588417] 0.951476070792826 2.321376832659556 2.379461958218765
[-0.06433881 -0.02535814  0.04540933] [ 0.97165399  0.23448445 -0.03009259] [0.97165399 0.03009259 0.23448445] [-0.03009259  0.23448445 -0.97165399] 0.9914623746760594 2.3052147488575176 2.3588889238846265
[-0.04135585  0.06281467  0.04615236] [ 0.99268736 -0.11300794 -0.04243827] [ 0.99268736  0.04243827 -0.11300794] [-0.04243827 -0.11300794 -0.99268736] 0.8360428438061516 2.4436647977791788 2.3108424482469108
[-0.05954217  0.04280072  0.04555403] [ 0.99268736 -0.11300794 -0.04243827] [ 0.99268736  0.04243827 -0.11300794] [-0.04243827 -0.11300794 -0.99268736] 1.0331689794012473 2.338289352186287 2.274688716227757
[ 0.0571033 -0.0339384  0.0836247] [-0.957559    0.28410865 -0.04861111] [-0.957559    0.04861111  0.28410865] [-0.04861111  0.28410865  0.957559  ] 0.7746971153133982 2.290898908128844 2.480879188431401
[-0.05883508 -0.031412    0.03791772] [ 0.89791824  0.43729553 -0.05015432] [0.89791824 0.05015432 0.43729553] [-0.05015432  0.43729553 -0.89791824] 0.8956129147448472 2.3044096965929217 2.409613996346643
[-0.07078406 -0.00576639  0.04549337] [ 0.89791824  0.43729553 -0.05015432] [0.89791824 0.05015432 0.43729553] [-0.05015432  0.43729553 -0.89791824] 0.9821307956724422 2.3636167413182725 2.2788635996905606
[-0.06824997 -0.01122437  0.03956837] [ 0.78213068  0.61914562 -0.07021605] [0.78213068 0.07021605 0.61914562] [-0.07021605  0.61914562 -0.78213068] 1.1224967591949233 2.296952267196469 2.296427146617954
[-0.0570479  0.0490463  0.0507311] [ 0.96690668 -0.24390489 -0.07484568] [ 0.96690668  0.07484568 -0.24390489] [-0.07484568 -0.24390489 -0.96690668] 1.0001594681775807 2.283733169457286 2.3545221088709485
[-0.05954217  0.04280072  0.04555403] [ 0.96690668 -0.24390489 -0.07484568] [ 0.96690668  0.07484568 -0.24390489] [-0.07484568 -0.24390489 -0.96690668] 1.1109258329082317 2.283733169457286 2.3021016971856962
[-0.05883508 -0.031412    0.03791772] [ 0.94616487  0.31297858 -0.08256173] [0.94616487 0.08256173 0.31297858] [-0.08256173  0.31297858 -0.94616487] 1.100170955666738 2.306941384402113 2.29149840227476
[-0.05004631  0.0521622   0.03640731] [ 0.82373742 -0.56022704 -0.08719136] [ 0.82373742  0.08719136 -0.56022704] [-0.08719136 -0.56022704 -0.82373742] 1.1354821645336515 2.2838023822178415 2.2912433923588216
[-0.05883508 -0.031412    0.03791772] [ 0.85528956  0.507886   -0.10262346] [0.85528956 0.10262346 0.507886  ] [-0.10262346  0.507886   -0.85528956] 0.8729585471835256 2.2824973450050243 2.4223273918516504
[-0.06897461 -0.01387832  0.04671881] [ 0.85528956  0.507886   -0.10262346] [0.85528956 0.10262346 0.507886  ] [-0.10262346  0.507886   -0.85528956] 0.9013892258910847 2.2824937416359194 2.406417900070757
[-0.04952684 -0.04248673  0.03577308] [ 0.85528956  0.507886   -0.10262346] [0.85528956 0.10262346 0.507886  ] [-0.10262346  0.507886   -0.85528956] 1.0578718804133094 2.3264870486741707 2.3010851098760794
[-0.05436651 -0.03635514  0.03438102] [ 0.85528956  0.507886   -0.10262346] [0.85528956 0.10262346 0.507886  ] [-0.10262346  0.507886   -0.85528956] 1.113199616442952 2.282167983519164 2.3010851098760794
[-0.03352924  0.06448313  0.0344122 ] [ 0.9229966  -0.36955928 -0.10725309] [ 0.9229966   0.10725309 -0.36955928] [-0.10725309 -0.36955928 -0.9229966 ] 0.9238308092292964 2.3627419982967384 2.394173626284814
[-0.06357357  0.03432005  0.04525592] [ 0.9229966  -0.36955928 -0.10725309] [ 0.9229966   0.10725309 -0.36955928] [-0.10725309 -0.36955928 -0.9229966 ] 1.0574953596260406 2.3266647622448215 2.31146046085303
[-0.0662783   0.01608093  0.0832246 ] [ 0.7391679  -0.66281743 -0.11959877] [ 0.7391679   0.11959877 -0.66281743] [-0.11959877 -0.66281743 -0.7391679 ] 1.0361391224613563 2.3368548526602426 2.3189907419299374
[-0.05883508 -0.031412    0.03791772] [ 0.91180691  0.38778193 -0.13503086] [0.91180691 0.13503086 0.38778193] [-0.13503086  0.38778193 -0.91180691] 1.0879559560875118 2.3010924997288136 2.3125013393243066
[-0.04463059  0.0563897   0.03351151] [ 0.86196398 -0.4873531  -0.13966049] [ 0.86196398  0.13966049 -0.4873531 ] [-0.13966049 -0.4873531  -0.86196398] 1.0126852123832453 2.348299288969353 2.30648685347212
[-0.06844692  0.02245404  0.04576372] [ 0.86196398 -0.4873531  -0.13966049] [ 0.86196398  0.13966049 -0.4873531 ] [-0.13966049 -0.4873531  -0.86196398] 1.0358370551658453 2.3370005486401944 2.301615715062419
[-0.06667825 -0.0212118   0.0836247 ] [ 0.80487889  0.57281433 -0.15509259] [0.80487889 0.15509259 0.57281433] [-0.15509259  0.57281433 -0.80487889] 0.8824923809968043 2.2950533608573718 2.416942251033391
[-0.05609983  0.04747784  0.04517668] [ 0.9436001  -0.2900132  -0.15972222] [ 0.9436001   0.15972222 -0.2900132 ] [-0.15972222 -0.2900132  -0.9436001 ] 1.0827683985057985 2.3128361848700707 2.31488312879321
[-0.05993919 -0.03357629  0.04634154] [ 0.95059217  0.26141722 -0.16743827] [0.95059217 0.16743827 0.26141722] [-0.16743827  0.26141722 -0.95059217] 1.0598835883702442 2.3255386763398054 2.2724857496249573
[-0.0662783   0.01608093  0.0832246 ] [ 0.78520246 -0.5948527  -0.1720679 ] [ 0.78520246  0.1720679  -0.5948527 ] [-0.1720679  -0.5948527  -0.78520246] 1.1313736558856833 2.2930416966650045 2.272804849497097
[-0.05883508 -0.031412    0.03791772] [ 0.86908789  0.45774447 -0.1875    ] [0.86908789 0.1875     0.45774447] [-0.1875      0.45774447 -0.86908789] 0.9493054229164851 2.3806024582847503 2.3233001087614564
[-0.06433881 -0.02535814  0.04540933] [ 0.86908789  0.45774447 -0.1875    ] [0.86908789 0.1875     0.45774447] [-0.1875      0.45774447 -0.86908789] 1.0105472655604848 2.2801534236458543 2.3493559172508647
[-0.06667825 -0.0212118   0.0836247 ] [ 0.86908789  0.45774447 -0.1875    ] [0.86908789 0.1875     0.45774447] [-0.1875      0.45774447 -0.86908789] 1.039309299805883 2.3353284324368606 2.311170995755227
[-0.06667825 -0.0212118   0.0836247 ] [ 0.74744151  0.63106997 -0.20756173] [0.74744151 0.20756173 0.63106997] [-0.20756173  0.63106997 -0.74744151] 0.9582750790746722 2.330320188067674 2.3759055895311083
[-0.04094007  0.06168385  0.03626631] [ 0.82267028 -0.52229946 -0.22453704] [ 0.82267028  0.22453704 -0.52229946] [-0.22453704 -0.52229946 -0.82267028] 1.13462726079371 2.284498868587881 2.291616982092483
[-0.06433881 -0.02535814  0.04540933] [ 0.81864249  0.52176554 -0.23996914] [0.81864249 0.23996914 0.52176554] [-0.23996914  0.52176554 -0.81864249] 1.0655297338536882 2.2769242771660774 2.3228870852652777
[-0.068919  -0.007904   0.0836247] [ 0.81864249  0.52176554 -0.23996914] [0.81864249 0.23996914 0.52176554] [-0.23996914  0.52176554 -0.81864249] 1.1479437427856607 2.285833528719014 2.275047842773822
[-0.05118202  0.05306002  0.04575316] [ 0.9110811  -0.33181722 -0.24459877] [ 0.9110811   0.24459877 -0.33181722] [-0.24459877 -0.33181722 -0.9110811 ] 1.038782080490618 2.335581950074358 2.3097167278289117
[-0.06667825 -0.0212118   0.0836247 ] [ 0.68384642  0.68171697 -0.26003086] [0.68384642 0.26003086 0.68171697] [-0.26003086  0.68171697 -0.68384642] 0.9891714772541458 2.3600455180078592 2.325138848338079
[-0.04094007  0.06168385  0.03626631] [ 0.85094327 -0.44627697 -0.27700617] [ 0.85094327  0.27700617 -0.44627697] [-0.27700617 -0.44627697 -0.85094327] 0.9151733122593565 2.3809201943106 2.398864819044039
[-0.0584574 -0.0339384  0.0836247] [ 0.51847906  0.80791559 -0.28009259] [0.51847906 0.28009259 0.80791559] [-0.28009259  0.80791559 -0.51847906] 0.9804745782278795 2.3012437771555576 2.3644604782664036
[ 0.0375396 -0.0535035  0.0836247] [-0.95274951  0.0874553  -0.29089506] [-0.95274951  0.29089506  0.0874553 ] [-0.29089506  0.0874553   0.95274951] 0.7869501729184794 2.2787586825796917 2.473267076516385
[-0.06670849 -0.01717032  0.04381928] [ 0.61507109  0.72390006 -0.3125    ] [0.61507109 0.3125     0.72390006] [-0.3125      0.72390006 -0.61507109] 1.0104033672669843 2.2784471007844105 2.349427116654956
[-0.06667825 -0.0212118   0.0836247 ] [ 0.44208501  0.83304474 -0.33256173] [0.44208501 0.33256173 0.83304474] [-0.33256173  0.83304474 -0.44208501] 1.1061506337334817 2.285483290668983 2.304244142416729
[ 0.0375396 -0.0535035  0.0836247] [-0.93916533  0.00833704 -0.3433642 ] [-0.93916533  0.3433642   0.00833704] [-0.3433642   0.00833704  0.93916533] 0.9086286269837308 2.3454356827357015 2.40243810280881
[-0.06667825 -0.0212118   0.0836247 ] [ 0.54219648  0.75684906 -0.36496914] [0.54219648 0.36496914 0.75684906] [-0.36496914  0.75684906 -0.54219648] 1.1126006542215394 2.301352677324243 2.274114008399844
[-0.0703461 -0.0339384  0.0706075] [ 0.3638404   0.84815765 -0.38503086] [0.3638404  0.38503086 0.84815765] [-0.38503086  0.84815765 -0.3638404 ] 1.0383176659600488 2.3088200205751357 2.3358053781984873
[-0.0703461 -0.0339384  0.0706075] [ 0.17161861  0.89802397 -0.40509259] [0.17161861 0.40509259 0.89802397] [-0.40509259  0.89802397 -0.17161861] 0.9953114768477309 2.3569516023296573 2.300637590811718
[-0.04463059  0.0563897   0.03351151] [ 0.8189401  -0.39705119 -0.41435185] [ 0.8189401   0.41435185 -0.39705119] [-0.41435185 -0.39705119 -0.8189401 ] 0.9823182217024466 2.363521347705469 2.2850802471765244
[-0.0409245  -0.04719495  0.0836247 ] [ 0.75696386  0.46193599 -0.46219136] [0.75696386 0.46219136 0.46193599] [-0.46219136  0.46193599 -0.75696386] 0.9310705911769376 2.3142073094671014 2.390281607477448
[-0.0409245  -0.04719495  0.0836247 ] [ 0.86307707  0.17295254 -0.47453704] [0.86307707 0.47453704 0.17295254] [-0.47453704  0.17295254 -0.86307707] 0.856135658281277 2.4319546374312324 2.346548778137424
[ 0.0375396 -0.0535035  0.0836247] [-0.87665387 -0.01990009 -0.48070988] [-0.87665387  0.48070988 -0.01990009] [-0.48070988 -0.01990009  0.87665387] 0.6852814892284599 2.326153813036419 2.5392206834380904
[-0.0405637  0.0599604  0.0836247] [ 0.86334631 -0.13258343 -0.48688272] [ 0.86334631  0.48688272 -0.13258343] [-0.48688272 -0.13258343 -0.86334631] 1.0353413523118689 2.3134980523978736 2.3372397361020956
[-0.0409245  -0.04719495  0.0836247 ] [ 0.7956358   0.34976526 -0.49459877] [0.7956358  0.49459877 0.34976526] [-0.49459877  0.34976526 -0.7956358 ] 0.8211853492129535 2.283235839943136 2.45247399069885
[-0.0409245  -0.04719495  0.0836247 ] [ 0.69250479  0.5055311  -0.51466049] [0.69250479 0.51466049 0.5055311 ] [-0.51466049  0.5055311  -0.69250479] 0.9957866475737018 2.294331598826111 2.3567129571334062
[-0.0409245  -0.04719495  0.0836247 ] [ 0.81666284  0.23521544 -0.52700617] [0.81666284 0.52700617 0.23521544] [-0.52700617  0.23521544 -0.81666284] 0.9104002759407861 2.401468513750032 2.353622013277614
[-0.0405637  0.0599604  0.0836247] [ 0.76160096 -0.33999091 -0.55169753] [ 0.76160096  0.55169753 -0.33999091] [-0.55169753 -0.33999091 -0.76160096] 0.9667375386985969 2.2876620455438603 2.371512730814582
[-0.0409245  -0.04719495  0.0836247 ] [ 0.62286608  0.53888944 -0.56712963] [0.62286608 0.56712963 0.53888944] [-0.56712963  0.53888944 -0.62286608] 1.0943144840861607 2.2743913723916616 2.309598660174527
[-0.0405637  0.0599604  0.0836247] [ 0.80349805 -0.16577768 -0.57175926] [ 0.80349805  0.57175926 -0.16577768] [-0.57175926 -0.16577768 -0.80349805] 1.036528230782721 2.3366672390290573 2.3210221223045053
[-0.0275465  0.0677721  0.0836247] [ 0.80349805 -0.16577768 -0.57175926] [ 0.80349805  0.57175926 -0.16577768] [-0.57175926 -0.16577768 -0.80349805] 1.0365852507345672 2.336639752246903 2.3210221223045053
[-0.0409245  -0.04719495  0.0836247 ] [ 0.76185573  0.28945502 -0.57947531] [0.76185573 0.57947531 0.28945502] [-0.57947531  0.28945502 -0.76185573] 0.9700333162012322 2.3698119209291715 2.3444425051609947
[-0.00151207  0.00511321  0.0983698 ] [ 0.08108166 -0.80424957 -0.58873457] [ 0.08108166  0.58873457 -0.80424957] [-0.58873457 -0.80424957 -0.08108166] 0.6026330957200456 2.5502841143629666 2.597646648825796
[-0.0535809   0.00511321  0.0931447 ] [ 0.80600195  0.0104299  -0.59182099] [0.80600195 0.59182099 0.0104299 ] [-0.59182099  0.0104299  -0.80600195] 0.8527153955664232 2.283148874488291 2.433931619551385
[-0.0405637  0.0599604  0.0836247] [ 0.75197998 -0.26364512 -0.60416667] [ 0.75197998  0.60416667 -0.26364512] [-0.60416667 -0.26364512 -0.75197998] 0.949193730330203 2.380661210622513 2.3769479132055595
[-0.0275465  0.0677721  0.0836247] [ 0.75197998 -0.26364512 -0.60416667] [ 0.75197998  0.60416667 -0.26364512] [-0.60416667 -0.26364512 -0.75197998] 0.9562775932493085 2.3054192845514665 2.3769479132055595
[0.0505568  0.00511321 0.0949154 ] [-0.73149853 -0.31309015 -0.60570988] [-0.73149853  0.60570988 -0.31309015] [-0.60570988 -0.31309015  0.73149853] 0.8514236354329558 2.4157929082621123 2.434680022445901
[-0.00151207  0.00511321  0.0983698 ] [ 0.24720448 -0.75382824 -0.6087963 ] [ 0.24720448  0.6087963  -0.75382824] [-0.6087963  -0.75382824 -0.24720448] 0.8781767210643079 2.3774096206396336 2.4193736255037064
[-0.0535809   0.00511321  0.0931447 ] [ 0.77023808  0.17981333 -0.61188272] [0.77023808 0.61188272 0.17981333] [-0.61188272  0.17981333 -0.77023808] 0.8238809577929023 2.4508661699766945 2.361531908228629
[0.0505568  0.00511321 0.0949154 ] [-0.78497707 -0.04264191 -0.61805556] [-0.78497707  0.61805556 -0.04264191] [-0.61805556 -0.04264191  0.78497707] 0.6924109641035273 2.534385528035081 2.4192607017513943
[-0.00151207  0.00511321  0.0983698 ] [-0.02606751 -0.78326441 -0.62114198] [-0.02606751  0.62114198 -0.78326441] [-0.62114198 -0.78326441  0.02606751] 0.5317183889220496 2.6513008264189573 2.4869557742888775
[-0.0535809   0.00511321  0.0931447 ] [ 0.77554809 -0.09414916 -0.6242284 ] [ 0.77554809  0.6242284  -0.09414916] [-0.6242284  -0.09414916 -0.77554809] 0.8723862679945512 2.42265226306098 2.3960818496771275
[0.0505568  0.00511321 0.0949154 ] [-0.74253722  0.22634655 -0.63040123] [-0.74253722  0.63040123  0.22634655] [-0.63040123  0.22634655  0.74253722] 0.7501754027656984 2.4963866428876997 2.4509452273414536
[-0.0409245  -0.04719495  0.0836247 ] [ 0.69928566  0.33413437 -0.63194444] [0.69928566 0.63194444 0.33413437] [-0.63194444  0.33413437 -0.69928566] 1.032668243808947 2.338531613807337 2.3186088648973415
[-0.0405637  0.0599604  0.0836247] [ 0.68725722 -0.34992994 -0.63657407] [ 0.68725722  0.63657407 -0.34992994] [-0.63657407 -0.34992994 -0.68725722] 1.0637467233704982 2.3237228240560395 2.3204892256117775
[0.0505568  0.00511321 0.0949154 ] [-0.74190644 -0.20586685 -0.63811728] [-0.74190644  0.63811728 -0.20586685] [-0.63811728 -0.20586685  0.74190644] 0.8180216611340854 2.4468250623318597 2.4543664322815752
[-0.00151207  0.00511321  0.0983698 ] [ 0.13974914 -0.75453826 -0.6412037 ] [ 0.13974914  0.6412037  -0.75453826] [-0.6412037  -0.75453826 -0.13974914] 0.5394488596534517 2.48163858734036 2.645293546177284
[-0.0535809   0.00511321  0.0931447 ] [ 0.76128912  0.07300081 -0.64429012] [0.76128912 0.64429012 0.07300081] [-0.64429012  0.07300081 -0.76128912] 0.9649353470816368 2.3724451369215007 2.3564456385979464
[-0.0438048  0.0571821  0.0836247] [ 0.5184573  -0.55687088 -0.64891975] [ 0.5184573   0.64891975 -0.55687088] [-0.64891975 -0.55687088 -0.5184573 ] 0.8806504655618351 2.325356360788801 2.4179786839839137
[0.0505568  0.00511321 0.0949154 ] [-0.75714044  0.06030167 -0.65046296] [-0.75714044  0.65046296  0.06030167] [-0.65046296  0.06030167  0.75714044] 0.7394111275842931 2.503310284736826 2.454597975767477
[-0.00151207  0.00511321  0.0983698 ] [-0.12582312 -0.74635229 -0.65354938] [-0.12582312  0.65354938 -0.74635229] [-0.65354938 -0.74635229  0.12582312] 0.4274686578095886 2.7360402367433037 2.3808751783970186
[-0.0535809   0.00511321  0.0931447 ] [ 0.72990453 -0.18991787 -0.6566358 ] [ 0.72990453  0.6566358  -0.18991787] [-0.6566358  -0.18991787 -0.72990453] 1.0345321246489922 2.3058179168738397 2.3376304608422998
[-0.00151207  0.00511321  0.0983698 ] [ 0.29180562 -0.69106983 -0.66126543] [ 0.29180562  0.66126543 -0.69106983] [-0.66126543 -0.69106983 -0.29180562] 0.38143732516063966 2.317202277345716 2.7755976258924067
[-0.0535809   0.00511321  0.0931447 ] [ 0.71133494  0.22943239 -0.66435185] [0.71133494 0.66435185 0.22943239] [-0.66435185  0.22943239 -0.71133494] 0.6848632746200535 2.53950531403121 2.2719119347052907
[-0.00151207 -0.0469557   0.0941166 ] [-0.16575174  0.72598382 -0.66743827] [-0.16575174  0.66743827  0.72598382] [-0.66743827  0.72598382  0.16575174] 0.9857730849773698 2.3025436913759387 2.36176613534358
[-0.0470723  0.0674947  0.0706075] [ 0.61147493 -0.42256619 -0.66898148] [ 0.61147493  0.66898148 -0.42256619] [-0.66898148 -0.42256619 -0.61147493] 1.030369115274436 2.269973191975531 2.3396455163086713
[0.0505568  0.00511321 0.0949154 ] [-0.73494312 -0.10126824 -0.67052469] [-0.73494312  0.67052469 -0.10126824] [-0.67052469 -0.10126824  0.73494312] 0.7602443053903208 2.451151346555099 2.4899747099194567
[-0.00151207  0.00511321  0.0983698 ] [ 0.03648925 -0.73818467 -0.67361111] [ 0.03648925  0.67361111 -0.73818467] [-0.67361111 -0.73818467 -0.03648925] 0.6345050943388372 2.574594740842894 2.5363545409268
[-0.0535809   0.00511321  0.0931447 ] [ 0.7357255  -0.02807906 -0.67669753] [ 0.7357255   0.67669753 -0.02807906] [-0.67669753 -0.02807906 -0.7357255 ] 0.9867848186665088 2.3612532798395884 2.327817057817949
[0.0505568  0.00511321 0.0949154 ] [-0.71399596  0.1545892  -0.68287037] [-0.71399596  0.68287037  0.1545892 ] [-0.68287037  0.1545892   0.71399596] 0.7173447142023558 2.44830586000454 2.517727889163268
[-0.0409245  -0.04719495  0.0836247 ] [ 0.62965349  0.36757928 -0.68441358] [0.62965349 0.68441358 0.36757928] [-0.68441358  0.36757928 -0.62965349] 1.149186949188043 2.285297479551815 2.2764107879399305
[-0.00151207  0.00511321  0.0983698 ] [-0.21556059 -0.69497979 -0.68595679] [-0.21556059  0.68595679 -0.69497979] [-0.68595679 -0.69497979  0.21556059] 0.3608796262446847 2.793665931859085 2.280250093583098
[0.0505568  0.00511321 0.0949154 ] [-0.21556059 -0.69497979 -0.68595679] [-0.21556059  0.68595679 -0.69497979] [-0.68595679 -0.69497979  0.21556059] 1.0396538655745806 2.335162817376331 2.296267000647658
[-0.0405637  0.0599604  0.0836247] [ 0.67076872 -0.27438802 -0.68904321] [ 0.67076872  0.68904321 -0.27438802] [-0.68904321 -0.27438802 -0.67076872] 0.8862192616603045 2.414850946727075 2.3170638177189935
[-0.0438048  0.0571821  0.0836247] [ 0.67076872 -0.27438802 -0.68904321] [ 0.67076872  0.68904321 -0.27438802] [-0.68904321 -0.27438802 -0.67076872] 1.035051244267481 2.3373797745514064 2.3170638177189935
[-0.0275465  0.0677721  0.0836247] [ 0.67076872 -0.27438802 -0.68904321] [ 0.67076872  0.68904321 -0.27438802] [-0.68904321 -0.27438802 -0.67076872] 1.0780422491523676 2.311967597994633 2.3170638177189935
[-0.00151207  0.00511321  0.0983698 ] [ 0.18920355 -0.69499641 -0.69367284] [ 0.18920355  0.69367284 -0.69499641] [-0.69367284 -0.69499641 -0.18920355] 0.5076338849248992 2.4144583423340364 2.6702639499046317
[-0.0535809   0.00511321  0.0931447 ] [ 0.70593869  0.12718922 -0.69675926] [0.70593869 0.69675926 0.12718922] [-0.69675926  0.12718922 -0.70593869] 0.8017834767303439 2.4641725176707716 2.271420201108316
[-0.0438048  0.0571821  0.0836247] [ 0.52711076 -0.47979982 -0.70138889] [ 0.52711076  0.70138889 -0.47979982] [-0.70138889 -0.47979982 -0.52711076] 0.8883186274070112 2.4136763094001172 2.3346357004406806
[0.0505568  0.00511321 0.0949154 ] [-0.71125336 -0.00226391 -0.7029321 ] [-0.71125336  0.7029321  -0.00226391] [-0.7029321  -0.00226391  0.71125336] 0.6985157007340655 2.4290272632622627 2.53027090442315
[-0.00151207  0.00511321  0.0983698 ] [-0.05966848 -0.70567523 -0.70601852] [-0.05966848  0.70601852 -0.70567523] [-0.70601852 -0.70567523  0.05966848] 0.5330865986318237 2.650234787916876 2.431855725526617
[-0.0535809   0.00511321  0.0931447 ] [ 0.6947118  -0.12060558 -0.70910494] [ 0.6947118   0.70910494 -0.12060558] [-0.70910494 -0.12060558 -0.6947118 ] 0.9508594356142734 2.379785698798543 2.2787137327941727
[-0.00151207  0.00511321  0.0983698 ] [-0.29284872 -0.63102497 -0.7183642 ] [-0.29284872  0.7183642  -0.63102497] [-0.7183642  -0.63102497  0.29284872] 1.132156643059931 2.28822523916757 2.2926984155825445
[-0.00151207  0.00511321  0.0983698 ] [-0.20983087  0.66159227 -0.71990741] [-0.20983087  0.71990741  0.66159227] [-0.71990741  0.66159227  0.20983087] 0.5256640468996551 2.6560325747916766 2.410768997022692
[ 0.04756185 -0.04400995  0.0836247 ] [-0.67426526 -0.15048681 -0.72299383] [-0.67426526  0.72299383 -0.15048681] [-0.72299383 -0.15048681  0.67426526] 0.8354696961741829 2.278832969765026 2.444002243468964
[-0.00151207  0.00511321  0.0983698 ] [ 0.09053528 -0.68162368 -0.72608025] [ 0.09053528  0.72608025 -0.68162368] [-0.72608025 -0.68162368 -0.09053528] 0.4933012156606371 2.4989893978931694 2.68172576492249
[-0.00151207  0.00511321  0.0983698 ] [ 0.02929233  0.68040236 -0.73225309] [0.02929233 0.73225309 0.68040236] [-0.73225309  0.68040236 -0.02929233] 0.5318168064146704 2.4190731492172226 2.651224104190814
[-0.0438048  0.0571821  0.0836247] [ 0.43693635 -0.52022075 -0.7337963 ] [ 0.43693635  0.7337963  -0.52022075] [-0.7337963  -0.52022075 -0.43693635] 0.8749622482718878 2.42119138228813 2.306454636763144
[-0.00151207  0.00511321  0.0983698 ] [-0.14590908 -0.65835985 -0.73842593] [-0.14590908  0.73842593 -0.65835985] [-0.73842593 -0.65835985  0.14590908] 0.4704953510368326 2.7002334639574825 2.4436284593575923
[-0.00151207  0.00511321  0.0983698 ] [-0.33628008  0.58254732 -0.73996914] [-0.33628008  0.73996914  0.58254732] [-0.73996914  0.58254732  0.33628008] 0.688086074837978 2.5373147915004934 2.2722121629001526
[-0.00151207  0.00511321  0.0983698 ] [-0.11365175  0.64892657 -0.75231481] [-0.11365175  0.75231481  0.64892657] [-0.75231481  0.64892657  0.11365175] 0.6460876769424398 2.566380012972357 2.505014114185209
[-0.00151207  0.00511321  0.0983698 ] [-0.00110482 -0.65168647 -0.75848765] [-0.00110482  0.75848765 -0.65168647] [-0.75848765 -0.65168647  0.00110482] 0.6172911858417874 2.4769374245687343 2.586963316896214
[-0.00151207  0.00511321  0.0983698 ] [-0.21954239 -0.59801096 -0.77083333] [-0.21954239  0.77083333 -0.59801096] [-0.77083333 -0.59801096  0.21954239] 0.9847072291525146 2.2765907356927286 2.3623069872570457
[-0.00151207  0.00511321  0.0983698 ] [-0.24135555  0.58752189 -0.77237654] [-0.24135555  0.77237654  0.58752189] [-0.77237654  0.58752189  0.24135555] 0.7943196062322194 2.468732322737381 2.3675847118256685
[-0.00151207  0.00511321  0.0983698 ] [ 0.133715   -0.61317302 -0.77854938] [ 0.133715    0.77854938 -0.61317302] [-0.77854938 -0.61317302 -0.133715  ] 1.03761812898454 2.3361421186506646 2.2946195446663418
[-0.00151207  0.00511321  0.0983698 ] [ 0.18451829  0.57500936 -0.7970679 ] [0.18451829 0.7970679  0.57500936] [-0.7970679   0.57500936 -0.18451829] 1.108485542379431 2.275204700138853 2.3031952886972706
[-0.00151207  0.00511321  0.0983698 ] [-0.2780103  -0.52679653 -0.80324074] [-0.2780103   0.80324074 -0.52679653] [-0.80324074 -0.52679653  0.2780103 ] 0.9633576187291343 2.373262791429148 2.289126768306013
[-0.00151207  0.00511321  0.0983698 ] [ 0.062465    0.42718028 -0.90200617] [0.062465   0.90200617 0.42718028] [-0.90200617  0.42718028 -0.062465  ] 1.133660083010029 2.2817106444900874 2.2920400173438384
[-0.00151207  0.00511321  0.0983698 ] [ 0.09807309  0.34242215 -0.93441358] [0.09807309 0.93441358 0.34242215] [-0.93441358  0.34242215 -0.09807309] 0.9845957867690261 2.2695654634259625 2.362363570247595
[-0.00151207  0.00511321  0.0983698 ] [ 0.01864233  0.29770682 -0.95447531] [0.01864233 0.95447531 0.29770682] [-0.95447531  0.29770682 -0.01864233] 0.9954049520806921 2.3569046472636646 2.305581908930445
[-0.00151207  0.00511321  0.0983698 ] [ 0.10245607  0.2340084  -0.96682099] [0.10245607 0.96682099 0.2340084 ] [-0.96682099  0.2340084  -0.10245607] 0.9028741422222214 2.282341197582321 2.4055992417762053
[-0.00151207  0.00511321  0.0983698 ] [-0.03436498  0.22157755 -0.97453704] [-0.03436498  0.97453704  0.22157755] [-0.97453704  0.22157755  0.03436498] 0.8769792287561468 2.420050120170506 2.277573229690132
[-0.00151207  0.00511321  0.0983698 ] [-0.0041453  -0.19542506 -0.98070988] [-0.0041453   0.98070988 -0.19542506] [-0.98070988 -0.19542506  0.0041453 ] 1.0360579171653355 2.3368940160508638 2.3326870738487537
[-0.00151207  0.00511321  0.0983698 ] [ 0.0314847   0.15833894 -0.98688272] [0.0314847  0.98688272 0.15833894] [-0.98688272  0.15833894 -0.0314847 ] 0.9929069577570427 2.3581609652739615 2.3564506939372944
[-0.00151207  0.00511321  0.0983698 ] [ 0.07869112 -0.12969926 -0.98842593] [ 0.07869112  0.98842593 -0.12969926] [-0.98842593 -0.12969926 -0.07869112] 0.8725909397415498 2.276876612244771 2.4225360539300014
[-0.00151207  0.00511321  0.0983698 ] [ 0.1166243   0.05746339 -0.99151235] [0.1166243  0.99151235 0.05746339] [-0.99151235  0.05746339 -0.1166243 ] 0.813020870523995 2.270145949463001 2.4573697772037186
[-0.00151207  0.00511321  0.0983698 ] [-0.0426917  -0.10962702 -0.99305556] [-0.0426917   0.99305556 -0.10962702] [-0.99305556 -0.10962702  0.0426917 ] 0.91393664223175 2.399538235958069 2.3027636445048736
[-0.00151207  0.00511321  0.0983698 ] [-0.03755991  0.09676026 -0.99459877] [-0.03755991  0.99459877  0.09676026] [-0.99459877  0.09676026  0.03755991] 0.8653702794981474 2.4266500991794815 2.2991480020402575
[-0.00151207  0.00511321  0.0983698 ] [ 0.0786772  -0.03887239 -0.99614198] [ 0.0786772   0.99614198 -0.03887239] [-0.99614198 -0.03887239 -0.0786772 ] 0.8669354212246492 2.296209092632999 2.425755845213039
[-0.00151207  0.00511321  0.0983698 ] [-0.06530207 -0.01897131 -0.99768519] [-0.06530207  0.99768519 -0.01897131] [-0.99768519 -0.01897131  0.06530207] 0.8395512698669496 2.441603325673027 2.2812460109737094
[-0.00151207  0.00511321  0.0983698 ] [ 0.02040958  0.03355687 -0.9992284 ] [0.02040958 0.9992284  0.03355687] [-0.9992284   0.03355687 -0.02040958] 0.9812825713201769 2.3640486828768847 2.363878584489657
93.50477576255798
300
(619, 3)
