[-0.05883078 -0.10364446  0.02820209] [-0.51742981 -0.0727986   0.85262346] [-0.51742981 -0.85262346 -0.0727986 ] [ 0.85262346 -0.0727986   0.51742981] 0.6185358800702255 2.280911787405298 2.586062550644397
[-0.06655552 -0.09473034  0.02810053] [-0.51742981 -0.0727986   0.85262346] [-0.51742981 -0.85262346 -0.0727986 ] [ 0.85262346 -0.0727986   0.51742981] 0.6527374964202046 2.280911787405298 2.561702759683045
[ 0.09094297 -0.09318584  0.02517442] [-0.81576707  0.12097968  0.56558642] [-0.81576707 -0.56558642  0.12097968] [0.56558642 0.12097968 0.81576707] 0.5743917087619219 2.6186229873591813 2.2714073518719666
[ 0.07074857 -0.10350554  0.02466799] [-0.81576707  0.12097968  0.56558642] [-0.81576707 -0.56558642  0.12097968] [0.56558642 0.12097968 0.81576707] 0.7955255396033988 2.467993348524164 2.4001871994966106
[ 0.09149892 -0.08481507  0.021846  ] [-0.81576707  0.12097968  0.56558642] [-0.81576707 -0.56558642  0.12097968] [0.56558642 0.12097968 0.81576707] 0.8644525761666513 2.427175079543144 2.3082496056169566
[-0.02016943 -0.07711003  0.01288914] [0.68411693 0.4624276  0.56404321] [ 0.68411693 -0.56404321  0.4624276 ] [ 0.56404321  0.4624276  -0.68411693] 0.9218455499857787 2.338289728943166 2.3952457947047567
[ 0.10634733 -0.0608897   0.01978663] [-0.75802615 -0.33790089  0.55787037] [-0.75802615 -0.55787037 -0.33790089] [ 0.55787037 -0.33790089  0.75802615] 0.808174763114566 2.460294285047677 2.3232674149172303
[-0.00835181 -0.09208268  0.01889843] [0.8092888  0.2016965  0.55169753] [ 0.8092888  -0.55169753  0.2016965 ] [ 0.55169753  0.2016965  -0.8092888 ] 0.942063926618185 2.3844252089473734 2.3771817631108476
[ 0.126124  -0.0296205  0.0198711] [-0.83609028 -0.05792973  0.54552469] [-0.83609028 -0.54552469 -0.05792973] [ 0.54552469 -0.05792973  0.83609028] 0.6084703663202488 2.593375556546947 2.3274086183110865
[ 0.07066026 -0.09200139  0.01871391] [-0.83609028 -0.05792973  0.54552469] [-0.83609028 -0.54552469 -0.05792973] [ 0.54552469 -0.05792973  0.83609028] 0.6445517546703781 2.5674643688094276 2.30022385208704
[-0.02897083 -0.10257651  0.02806397] [ 0.83736312 -0.08900895  0.53935185] [ 0.83736312 -0.53935185 -0.08900895] [ 0.53935185 -0.08900895 -0.83736312] 0.6027529043518562 2.3779077418490893 2.597558763543172
[ 0.09741431 -0.09113387  0.02815161] [-0.81282715  0.23458937  0.53317901] [-0.81282715 -0.53317901  0.23458937] [0.53317901 0.23458937 0.81282715] 0.9386343738458257 2.386245319050679 2.3133973238848
[-0.00901239 -0.0839183   0.01430704] [0.75868573 0.37650942 0.5316358 ] [ 0.75868573 -0.5316358   0.37650942] [ 0.5316358   0.37650942 -0.75868573] 0.9426797093277333 2.384099064013293 2.3286481108586305
[ 0.09708724 -0.07223513  0.01964337] [-0.81635696 -0.23968729  0.52546296] [-0.81635696 -0.52546296 -0.23968729] [ 0.52546296 -0.23968729  0.81635696] 0.6507956591324204 2.5630656441702815 2.2874315670533156
[ 0.1270317  -0.02328538  0.01978579] [-0.81635696 -0.23968729  0.52546296] [-0.81635696 -0.52546296 -0.23968729] [ 0.52546296 -0.23968729  0.81635696] 0.6622342694275563 2.555072259800488 2.3473998460795986
[ 0.09965954 -0.08381086  0.02510713] [-0.85652987  0.05538266  0.51311728] [-0.85652987 -0.51311728  0.05538266] [0.51311728 0.05538266 0.85652987] 0.7190060453372694 2.516631862202999 2.2837925916977326
[ 0.12901567 -0.01364384  0.01972459] [-0.75642969 -0.41519118  0.50540123] [-0.75642969 -0.50540123 -0.41519118] [ 0.50540123 -0.41519118  0.75642969] 0.8203533133330003 2.452971125574778 2.3060981281900133
[ 0.10135948 -0.09389589  0.03035804] [-0.79220379  0.34877063  0.5007716 ] [-0.79220379 -0.5007716   0.34877063] [0.5007716  0.34877063 0.79220379] 0.9502097459320065 2.3229731614074054 2.38012700913701
[-0.0231002 -0.0865152  0.0201353] [0.82058138 0.27823947 0.4992284 ] [ 0.82058138 -0.4992284   0.27823947] [ 0.4992284   0.27823947 -0.82058138] 0.5987662401583819 2.299329416650567 2.600488169884558
[-0.04000362 -0.0844046   0.02307897] [0.82058138 0.27823947 0.4992284 ] [ 0.82058138 -0.4992284   0.27823947] [ 0.4992284   0.27823947 -0.82058138] 0.68651700468643 2.274144096351392 2.5383804583685805
[-0.00835181 -0.09208268  0.01889843] [0.82058138 0.27823947 0.4992284 ] [ 0.82058138 -0.4992284   0.27823947] [ 0.4992284   0.27823947 -0.82058138] 0.887977806334176 2.379356851946454 2.413866839192115
[ 0.11032652 -0.06493175  0.0231583 ] [-0.85998866 -0.13158922  0.49305556] [-0.85998866 -0.49305556 -0.13158922] [ 0.49305556 -0.13158922  0.85998866] 0.5658971042421674 2.6250336963268897 2.352877453223701
[ 0.0912065  -0.1211694   0.02909192] [-0.62956109  0.60422922  0.48842593] [-0.62956109 -0.48842593  0.60422922] [0.48842593 0.60422922 0.62956109] 1.026090256685095 2.2768758239571345 2.341725403956148
[ 0.0984476 -0.122721   0.0295303] [-0.62956109  0.60422922  0.48842593] [-0.62956109 -0.48842593  0.60422922] [0.48842593 0.60422922 0.62956109] 1.0679777595015205 2.2768758239571345 2.321742058126469
[-0.02897083 -0.10257651  0.02806397] [ 0.87323149 -0.02029744  0.48688272] [ 0.87323149 -0.48688272 -0.02029744] [ 0.48688272 -0.02029744 -0.87323149] 0.502805883350971 2.3342179547693775 2.6741102046054865
[ 0.09741431 -0.09113387  0.02815161] [-0.85969284  0.17276062  0.48070988] [-0.85969284 -0.48070988  0.17276062] [0.48070988 0.17276062 0.85969284] 0.7770473025773136 2.479412134535332 2.3536219787652612
[-0.00901239 -0.0839183   0.01430704] [0.75133153 0.45376231 0.47916667] [ 0.75133153 -0.47916667  0.45376231] [ 0.47916667  0.45376231 -0.75133153] 0.9752493495018767 2.367131573799364 2.337762286675762
[ 0.07380219 -0.12655914  0.03042054] [-0.75394379  0.46065577  0.4683642 ] [-0.75394379 -0.4683642   0.46065577] [0.4683642  0.46065577 0.75394379] 0.7225992064311013 2.272992085993589 2.5142672497615557
[ 0.08125621 -0.12389591  0.03061683] [-0.75394379  0.46065577  0.4683642 ] [-0.75394379 -0.4683642   0.46065577] [0.4683642  0.46065577 0.75394379] 0.7904159206768857 2.272992085993589 2.4711303908564557
[-0.02904449 -0.09310167  0.02451203] [0.86790434 0.16976519 0.46682099] [ 0.86790434 -0.46682099  0.16976519] [ 0.46682099  0.16976519 -0.86790434] 0.4911729404458182 2.3200238597034124 2.6834389417944013
[ 0.09965954 -0.08381086  0.02510713] [-0.88743761 -0.01605525  0.46064815] [-0.88743761 -0.46064815 -0.01605525] [ 0.46064815 -0.01605525  0.88743761] 0.5959886577164427 2.602535236557638 2.3049851698083685
[-0.03962583 -0.06454092  0.01485567] [0.64410316 0.61184456 0.45910494] [ 0.64410316 -0.45910494  0.61184456] [ 0.45910494  0.61184456 -0.64410316] 1.126637859104708 2.2754177030760374 2.2951236843479212
[ 0.09741431 -0.09113387  0.02815161] [-0.84505161  0.2913978   0.44830247] [-0.84505161 -0.44830247  0.2913978 ] [0.44830247 0.2913978  0.84505161] 0.8820880064098442 2.416876895544199 2.41716962755551
[-0.01673079 -0.09041551  0.01960286] [0.82065956 0.35626403 0.44675926] [ 0.82065956 -0.44675926  0.35626403] [ 0.44675926  0.35626403 -0.82065956] 0.850680035322992 2.2798351563901065 2.435111272674721
[ 0.0984476 -0.122721   0.0295303] [-0.69853785  0.56743858  0.43595679] [-0.69853785 -0.43595679  0.56743858] [0.43595679 0.56743858 0.69853785] 0.8948880115895143 2.365055869406758 2.4100163909489556
[ 0.09965954 -0.08381086  0.02510713] [-0.89762761  0.10428108  0.42824074] [-0.89762761 -0.42824074  0.10428108] [0.42824074 0.10428108 0.89762761] 0.6383344793370607 2.571869258032795 2.3257325212414814
[-0.00901239 -0.0839183   0.01430704] [0.73291487 0.52987264 0.42669753] [ 0.73291487 -0.42669753  0.52987264] [ 0.42669753  0.52987264 -0.73291487] 1.0396782089544252 2.3351511189209195 2.3316982786063574
[ 0.1101706  -0.08338758  0.0271416 ] [-0.81252383  0.40845602  0.41589506] [-0.81252383 -0.41589506  0.40845602] [0.41589506 0.40845602 0.81252383] 0.7496139494424908 2.496746009350539 2.412159868591194
[-0.01673079 -0.09041551  0.01960286] [0.87571541 0.24786097 0.41435185] [ 0.87571541 -0.41435185  0.24786097] [ 0.41435185  0.24786097 -0.87571541] 0.7149799763278957 2.3968217208607197 2.51929095090003
[ 0.09094297 -0.09318584  0.02517442] [-0.90827269 -0.09181835  0.40817901] [-0.90827269 -0.40817901 -0.09181835] [ 0.40817901 -0.09181835  0.90827269] 0.32214287688006804 2.8283544374501894 2.3652663033514
[ 0.11032652 -0.06493175  0.0231583 ] [-0.90827269 -0.09181835  0.40817901] [-0.90827269 -0.40817901 -0.09181835] [ 0.40817901 -0.09181835  0.90827269] 0.43817507196042776 2.7270230811136447 2.3574001695998312
[ 0.09741431 -0.09113387  0.02815161] [-0.88990988  0.22666359  0.39583333] [-0.88990988 -0.39583333  0.22666359] [0.39583333 0.22666359 0.88990988] 0.7267537213043227 2.511543255354803 2.457533018548693
[-0.03865002 -0.07368308  0.01876594] [0.80988576 0.43430444 0.39429012] [ 0.80988576 -0.39429012  0.43430444] [ 0.39429012  0.43430444 -0.80988576] 0.691774964981415 2.412669221876263 2.534815549859138
[ 0.09741431 -0.09113387  0.02815161] [-0.92620787  0.03057268  0.3757716 ] [-0.92620787 -0.3757716   0.03057268] [0.3757716  0.03057268 0.92620787] 0.29207477966713474 2.8558298151239647 2.341603466619951
[-0.01908505 -0.08386583  0.01714713] [0.70408238 0.60350735 0.3742284 ] [ 0.70408238 -0.3742284   0.60350735] [ 0.3742284   0.60350735 -0.70408238] 1.0336086405598843 2.33807673901775 2.311449138620513
[-0.01673079 -0.09041551  0.01960286] [0.8729623  0.32707449 0.36188272] [ 0.8729623  -0.36188272  0.32707449] [ 0.36188272  0.32707449 -0.8729623 ] 0.6857950571975293 2.3710678043931175 2.538871308611905
[ 0.10322133 -0.12260233  0.030301  ] [-0.69567854  0.62671686  0.35108025] [-0.69567854 -0.35108025  0.62671686] [0.35108025 0.62671686 0.69567854] 0.737732554122595 2.343602785748007 2.5043963968071012
[-0.01673079 -0.09041551  0.01960286] [0.78870107 0.51098829 0.34182099] [ 0.78870107 -0.34182099  0.51098829] [ 0.34182099  0.51098829 -0.78870107] 0.6859059403782576 2.3687690042330023 2.5387958979301293
[-0.0457123  -0.07047725  0.0198711 ] [0.78870107 0.51098829 0.34182099] [ 0.78870107 -0.34182099  0.51098829] [ 0.34182099  0.51098829 -0.78870107] 0.7355768857976404 2.3139520858126486 2.5057937677758697
[-0.01908505 -0.08386583  0.01714713] [0.78870107 0.51098829 0.34182099] [ 0.78870107 -0.34182099  0.51098829] [ 0.34182099  0.51098829 -0.78870107] 0.8607449812607795 2.317872927097329 2.4293009016048726
[-0.0231002 -0.0865152  0.0201353] [0.66554627 0.6734383  0.32175926] [ 0.66554627 -0.32175926  0.6734383 ] [ 0.32175926  0.6734383  -0.66554627] 0.9217228259843682 2.2848059805282785 2.395312143260977
[-0.01908505 -0.08386583  0.01714713] [0.66554627 0.6734383  0.32175926] [ 0.66554627 -0.32175926  0.6734383 ] [ 0.32175926  0.6734383  -0.66554627] 0.9630148801772699 2.2848059805282785 2.3734405854943486
[-0.02016943 -0.07711003  0.01288914] [0.66554627 0.6734383  0.32175926] [ 0.66554627 -0.32175926  0.6734383 ] [ 0.32175926  0.6734383  -0.66554627] 1.1503281815712851 2.2848059805282785 2.2785839212055428
[-0.01908505 -0.08386583  0.01714713] [0.85989009 0.40602003 0.30941358] [ 0.85989009 -0.30941358  0.40602003] [ 0.30941358  0.40602003 -0.85989009] 0.6829946360311735 2.4461433683938187 2.540778437837643
[ 0.10322133 -0.12260233  0.030301  ] [-0.75939424  0.57805864  0.29861111] [-0.75939424 -0.29861111  0.57805864] [0.29861111 0.57805864 0.75939424] 0.45409975958585086 2.4310477125414924 2.7137419462142707
[-0.0457123  -0.07047725  0.0198711 ] [0.75763608 0.58503254 0.28935185] [ 0.75763608 -0.28935185  0.58503254] [ 0.28935185  0.58503254 -0.75763608] 0.805645958510632 2.2727613520345953 2.4618258691085044
[-0.02016943 -0.07711003  0.01288914] [0.75763608 0.58503254 0.28935185] [ 0.75763608 -0.28935185  0.58503254] [ 0.28935185  0.58503254 -0.75763608] 0.8836361956051594 2.416299587233823 2.403705568538021
[ 0.10322133 -0.12260233  0.030301  ] [-0.68228403  0.68089947  0.2662037 ] [-0.68228403 -0.2662037   0.68089947] [0.2662037  0.68089947 0.68228403] 0.46810771021119313 2.3087113475981598 2.7021901551690113
[-0.0231002 -0.0865152  0.0201353] [0.83685169 0.48338267 0.25694444] [ 0.83685169 -0.25694444  0.48338267] [ 0.25694444  0.48338267 -0.83685169] 0.7059201292459251 2.3981247839631 2.5253118352423365
[-0.01908505 -0.08386583  0.01714713] [0.71731552 0.65524425 0.23688272] [ 0.71731552 -0.23688272  0.65524425] [ 0.23688272  0.65524425 -0.71731552] 0.8204283885179748 2.35633468988392 2.4529262520909043
[-0.02016943 -0.07711003  0.01288914] [0.71731552 0.65524425 0.23688272] [ 0.71731552 -0.23688272  0.65524425] [ 0.23688272  0.65524425 -0.71731552] 0.9787650978601908 2.35633468988392 2.3653328157685394
[ 0.108792   -0.1215575   0.03099445] [-0.7460824   0.63061762  0.21373457] [-0.7460824  -0.21373457  0.63061762] [0.21373457 0.63061762 0.7460824 ] 0.3437029184505378 2.3931787545851915 2.8089460300246394
[-0.01908505 -0.08386583  0.01714713] [0.80431001 0.55792047 0.20447531] [ 0.80431001 -0.20447531  0.55792047] [ 0.20447531  0.55792047 -0.80431001] 0.7536478152347372 2.339978145548186 2.494168374304762
[-0.01908505 -0.08386583  0.01714713] [0.66845859 0.72052393 0.18441358] [ 0.66845859 -0.18441358  0.72052393] [ 0.18441358  0.72052393 -0.66845859] 0.9265046203434825 2.288478219619249 2.3927329446842456
[-0.02016943 -0.07711003  0.01288914] [0.66845859 0.72052393 0.18441358] [ 0.66845859 -0.18441358  0.72052393] [ 0.18441358  0.72052393 -0.66845859] 1.0375070869917782 2.3361955932756993 2.3164328591911616
[ 0.1113853  -0.09436403  0.02733353] [-0.87665387 -0.01990009 -0.48070988] [-0.87665387  0.48070988 -0.01990009] [-0.48070988 -0.01990009  0.87665387] 0.2781326978410909 2.58753820523345 2.8687236838383994
[ 0.1113853  -0.09436403  0.02733353] [-0.84095489 -0.20499433 -0.5007716 ] [-0.84095489  0.5007716  -0.20499433] [-0.5007716  -0.20499433  0.84095489] 0.3289882059409278 2.596600252002716 2.8221651445329483
[ 0.1099848  -0.10308288  0.02405509] [-0.85303158  0.09511981 -0.51311728] [-0.85303158  0.51311728  0.09511981] [-0.51311728  0.09511981  0.85303158] 0.3760768459431238 2.5011633082335925 2.780285580012364
[ 0.1113853  -0.09436403  0.02733353] [-0.84131158 -0.08896608 -0.53317901] [-0.84131158  0.53317901 -0.08896608] [-0.53317901 -0.08896608  0.84131158] 0.33699883737564623 2.5494777521393526 2.814954127606961
[ 0.14109633 -0.06413072  0.02666117] [-0.65826593 -0.52356327 -0.54089506] [-0.65826593  0.54089506 -0.52356327] [-0.54089506 -0.52356327  0.65826593] 0.8252461399194748 2.4500535155901533 2.425534306805491
[ 0.1099848  -0.10308288  0.02405509] [-0.81310874  0.20311816 -0.54552469] [-0.81310874  0.54552469  0.20311816] [-0.54552469  0.20311816  0.81310874] 0.417335592306024 2.402210190328255 2.7446390435491343
[-0.033438   -0.10719767  0.03021707] [-0.68732953  0.46514381 -0.55787037] [-0.68732953  0.55787037  0.46514381] [-0.55787037  0.46514381  0.68732953] 0.816643629085781 2.2871347753608804 2.4551925744585406
[ 0.10710025 -0.09213996  0.03034248] [-0.82435671  0.0234098  -0.56558642] [-0.82435671  0.56558642  0.0234098 ] [-0.56558642  0.0234098   0.82435671] 0.3984054387713431 2.4788097294713323 2.760869000019031
[ 0.14109633 -0.06413072  0.02666117] [-0.70353035 -0.41996348 -0.57330247] [-0.70353035  0.57330247 -0.41996348] [-0.57330247 -0.41996348  0.70353035] 0.7133914914294799 2.4849308328795714 2.5203428850271745
[ 0.13246529 -0.07488905  0.0279663 ] [-0.70353035 -0.41996348 -0.57330247] [-0.70353035  0.57330247 -0.41996348] [-0.57330247 -0.41996348  0.70353035] 1.0134124272118668 2.2859930401882242 2.3479403952412357
[-0.033438   -0.10719767  0.03021707] [-0.7583103   0.30159572 -0.5779321 ] [-0.7583103   0.5779321   0.30159572] [-0.5779321   0.30159572  0.7583103 ] 0.7039458427048995 2.3955876165426284 2.5266307252389484
[ 0.1113853  -0.09436403  0.02733353] [-0.79628102 -0.15150178 -0.58564815] [-0.79628102  0.58564815 -0.15150178] [-0.58564815 -0.15150178  0.79628102] 0.42020935714726315 2.495193493309606 2.7421940575276618
[ 0.14109633 -0.06413072  0.02666117] [-0.58644831 -0.55135951 -0.5933642 ] [-0.58644831  0.5933642  -0.55135951] [-0.5933642  -0.55135951  0.58644831] 0.9953340200020776 2.3569402779091906 2.3452374537534464
[-0.04960962 -0.10000912  0.03025471] [ 0.66968222  0.43827054 -0.59953704] [0.66968222 0.59953704 0.43827054] [-0.59953704  0.43827054 -0.66968222] 0.9191852518584356 2.281536895439107 2.396685857956208
[-0.03285176 -0.111395    0.03032176] [-0.69045024  0.3882836  -0.61033951] [-0.69045024  0.61033951  0.3882836 ] [-0.61033951  0.3882836   0.69045024] 0.8378390337583419 2.294614535370061 2.4426085074632513
[-0.04960962 -0.10000912  0.03025471] [ 0.77023808  0.17981333 -0.61188272] [0.77023808 0.61188272 0.17981333] [-0.61188272  0.17981333 -0.77023808] 0.47885371281750977 2.6934120792019796 2.6248404804510246
[ 0.1113853  -0.09436403  0.02733353] [-0.78497707 -0.04264191 -0.61805556] [-0.78497707  0.61805556 -0.04264191] [-0.61805556 -0.04264191  0.78497707] 0.4584900664681471 2.4388221201347924 2.7101082045100875
[ 0.14109633 -0.06413072  0.02666117] [-0.63445687 -0.45373382 -0.6257716 ] [-0.63445687  0.6257716  -0.45373382] [-0.6257716  -0.45373382  0.63445687] 0.8515115343720226 2.394118195633422 2.4346290664519854
[-0.04960962 -0.10000912  0.03025471] [ 0.69928566  0.33413437 -0.63194444] [0.69928566 0.63194444 0.33413437] [-0.63194444  0.33413437 -0.69928566] 0.6277405805469758 2.579432357082488 2.4263540771253473
[ 0.11974686 -0.09231339  0.024347  ] [-0.74190644 -0.20586685 -0.63811728] [-0.74190644  0.63811728 -0.20586685] [-0.63811728 -0.20586685  0.74190644] 0.8634073852318721 2.427773571256851 2.3099837108841417
[-0.04960962 -0.10000912  0.03025471] [ 0.76128912  0.07300081 -0.64429012] [0.76128912 0.64429012 0.07300081] [-0.64429012  0.07300081 -0.76128912] 0.49950893118487566 2.676745323213778 2.6029713298344626
[ 0.10710025 -0.09213996  0.03034248] [-0.75714044  0.06030167 -0.65046296] [-0.75714044  0.65046296  0.06030167] [-0.65046296  0.06030167  0.75714044] 0.5379347493025928 2.364549960470424 2.6464671033014078
[-0.05037445 -0.10514088  0.02798828] [ 0.71133494  0.22943239 -0.66435185] [0.71133494 0.66435185 0.22943239] [-0.66435185  0.22943239 -0.71133494] 0.593170379293531 2.6046174137564764 2.429842020133455
[-0.0587458  -0.09191128  0.03026786] [ 0.71133494  0.22943239 -0.66435185] [0.71133494 0.66435185 0.22943239] [-0.66435185  0.22943239 -0.71133494] 0.6869517995313384 2.438293599464678 2.5380850019787227
[ 0.11974686 -0.09231339  0.024347  ] [-0.73494312 -0.10126824 -0.67052469] [-0.73494312  0.67052469 -0.10126824] [-0.67052469 -0.10126824  0.73494312] 0.8845963960903235 2.3830239665204447 2.4157606518360044
[-0.05037445 -0.10514088  0.02798828] [ 0.7357255  -0.02807906 -0.67669753] [ 0.7357255   0.67669753 -0.02807906] [-0.67669753 -0.02807906 -0.7357255 ] 0.42846801846225924 2.735195580698772 2.5525034676963974
[ 0.14109633 -0.06413072  0.02666117] [-0.56038431 -0.47535137 -0.67824074] [-0.56038431  0.67824074 -0.47535137] [-0.67824074 -0.47535137  0.56038431] 1.007109417119208 2.30124358298241 2.3510597340515895
[-0.0587458  -0.09191128  0.03026786] [ 0.62965349  0.36757928 -0.68441358] [0.62965349 0.68441358 0.36757928] [-0.68441358  0.36757928 -0.62965349] 0.8636457705127677 2.2842390531484646 2.427637013850058
[-0.06002707 -0.09395453  0.02871055] [ 0.62965349  0.36757928 -0.68441358] [0.62965349 0.68441358 0.36757928] [-0.68441358  0.36757928 -0.62965349] 1.0418252708426288 2.2842390531484646 2.334120445327286
[-0.05037445 -0.10514088  0.02798828] [ 0.70593869  0.12718922 -0.69675926] [0.70593869 0.69675926 0.12718922] [-0.69675926  0.12718922 -0.70593869] 0.6027522811344281 2.597559220678463 2.4074784148819397
[-0.0587458  -0.09191128  0.03026786] [ 0.70593869  0.12718922 -0.69675926] [0.70593869 0.69675926 0.12718922] [-0.69675926  0.12718922 -0.70593869] 0.705609765262577 2.4862306935160636 2.5255190064070816
[ 0.14109633 -0.06413072  0.02666117] [-0.59241706 -0.37950129 -0.71064815] [-0.59241706  0.71064815 -0.37950129] [-0.71064815 -0.37950129  0.59241706] 0.8814519669600567 2.3155652010036007 2.4175274519759173
[-0.0587458  -0.09191128  0.03026786] [ 0.64365657  0.26809307 -0.71682099] [0.64365657 0.71682099 0.26809307] [-0.71682099  0.26809307 -0.64365657] 0.8315637650758911 2.348880221715378 2.446306968442972
[ 0.11974686 -0.09231339  0.024347  ] [-0.67426526 -0.15048681 -0.72299383] [-0.67426526  0.72299383 -0.15048681] [-0.72299383 -0.15048681  0.67426526] 1.0591868737458143 2.3133418965686094 2.3258669104614635
[-0.05037445 -0.10514088  0.02798828] [ 0.68365831  0.0304515  -0.72916667] [0.68365831 0.72916667 0.0304515 ] [-0.72916667  0.0304515  -0.68365831] 0.5405689319908513 2.6444263550987634 2.4860513001454203
[-0.06002707 -0.09395453  0.02871055] [ 0.68365831  0.0304515  -0.72916667] [0.68365831 0.72916667 0.0304515 ] [-0.72916667  0.0304515  -0.68365831] 0.7326645582290966 2.5076862008193386 2.4860513001454203
[-0.0587458  -0.09191128  0.03026786] [ 0.63989498  0.17085439 -0.7492284 ] [0.63989498 0.7492284  0.17085439] [-0.7492284   0.17085439 -0.63989498] 0.8454248727224357 2.392369515514738 2.438168036775635
[-0.06002707 -0.09395453  0.02871055] [ 0.61869817  0.07910785 -0.7816358 ] [0.61869817 0.7816358  0.07910785] [-0.7816358   0.07910785 -0.61869817] 0.8930948973187157 2.411012997122764 2.40477376105372
[-0.0587458  -0.09191128  0.03026786] [ 0.5627962   0.20134922 -0.80169753] [0.5627962  0.80169753 0.20134922] [-0.80169753  0.20134922 -0.5627962 ] 1.024635511258626 2.298043061309207 2.3424345623409715
124.29080414772034
104
(1145, 3)
