0.5246396045486064 2.3581190413207835 2.656835564943756 [-0.05883078 -0.10364446  0.02820209] [-0.58227991 -0.06596631  0.81030769] [-0.58227991 -0.81030769 -0.06596631] [ 0.81030769 -0.06596631  0.58227991]
0.46381925005647445 2.366285229529706 2.7057135971344883 [-0.05883078 -0.10364446  0.02820209] [-0.59470689  0.01245299  0.80384615] [-0.59470689 -0.80384615  0.01245299] [0.80384615 0.01245299 0.59470689]
0.5280636197844809 2.3590181379048074 2.6541543656472033 [-0.05883078 -0.10364446  0.02820209] [-0.59626633  0.09297438  0.79738462] [-0.59626633 -0.79738462  0.09297438] [0.79738462 0.09297438 0.59626633]
0.4738046633235633 2.3871461351579137 2.697527402739525 [-0.05883078 -0.10364446  0.02820209] [-0.60756152 -0.03754793  0.79338462] [-0.60756152 -0.79338462 -0.03754793] [ 0.79338462 -0.03754793  0.60756152]
0.524498699977509 2.388647357011622 2.6569460633574367 [-0.05883078 -0.10364446  0.02820209] [-0.61545139  0.04440336  0.78692308] [-0.61545139 -0.78692308  0.04440336] [0.78692308 0.04440336 0.61545139]
0.49607095886436997 2.4016917102308497 2.6795005612396734 [-0.05883078 -0.10364446  0.02820209] [-0.61564541 -0.08951079  0.78292308] [-0.61564541 -0.78292308 -0.08951079] [ 0.78292308 -0.08951079  0.61564541]
0.48805186380136506 2.3738185440925297 2.6859565065794855 [-0.05883078 -0.10364446  0.02820209] [-0.61201469  0.12774115  0.78046154] [-0.61201469 -0.78046154  0.12774115] [0.78046154 0.12774115 0.61201469]
0.7639822127323364 2.4128231051381612 2.4876101670695094 [-0.05883078 -0.10364446  0.02820209] [-0.630129   -0.00670252  0.77646154] [-0.630129   -0.77646154 -0.00670252] [ 0.77646154 -0.00670252  0.630129  ]
0.47991327299602277 2.406959587874056 2.692550514064406 [-0.05883078 -0.10364446  0.02820209] [-0.63321495  0.0783507   0.77      ] [-0.63321495 -0.77        0.0783507 ] [0.77       0.0783507  0.63321495]
0.7372503801780056 2.430681366358669 2.504708707141855 [-0.05883078 -0.10364446  0.02820209] [-0.64004494 -0.05988718  0.766     ] [-0.64004494 -0.766      -0.05988718] [ 0.766      -0.05988718  0.64004494]
0.45372561522058563 2.384117194381996 2.714052172557714 [-0.05883078 -0.10364446  0.02820209] [-0.62457739  0.16404908  0.76353846] [-0.62457739 -0.76353846  0.16404908] [0.76353846 0.16404908 0.62457739]
0.7293667677154516 2.434824621283186 2.5098354616923 [-0.05883078 -0.10364446  0.02820209] [-0.64993033  0.02630393  0.75953846] [-0.64993033 -0.75953846  0.02630393] [0.75953846 0.02630393 0.64993033]
0.4400618344590307 2.4209756462391887 2.725441321586846 [-0.05883078 -0.10364446  0.02820209] [-0.64797555  0.11402995  0.75307692] [-0.64797555 -0.75307692  0.11402995] [0.75307692 0.11402995 0.64797555]
0.6973870308586154 2.4564477413784434 2.531029859769338 [-0.05883078 -0.10364446  0.02820209] [-0.66189297 -0.02795467  0.74907692] [-0.66189297 -0.74907692 -0.02795467] [ 0.74907692 -0.02795467  0.66189297]
0.5282106750953669 2.4528231797896343 2.65403938246322 [-0.05883078 -0.10364446  0.02820209] [-0.66691437  0.06121776  0.74261538] [-0.66691437 -0.74261538  0.06121776] [0.74261538 0.06121776 0.66691437]
0.40544147484156623 2.430487114966281 2.754811515946463 [-0.05883078 -0.10364446  0.02820209] [-0.65971202  0.15118721  0.73615385] [-0.65971202 -0.73615385  0.15118721] [0.73615385 0.15118721 0.65971202]
0.5187411288154539 2.435345277078265 2.6614721436014874 [-0.04992448 -0.11269971  0.02742252] [-0.66840673  0.18957728  0.71923077] [-0.66840673 -0.71923077  0.18957728] [0.71923077 0.18957728 0.66840673]
0.5847080357877676 2.6109004805165625 2.3797621000233677 [ 0.14098218 -0.07416768  0.0267342 ] [0.69440663 0.13915257 0.706     ] [ 0.69440663 -0.706       0.13915257] [ 0.706       0.13915257 -0.69440663]
0.6384569749820534 2.5717822304153413 2.3931539842189062 [ 0.14098218 -0.07416768  0.0267342 ] [0.69042213 0.19885556 0.69553846] [ 0.69042213 -0.69553846  0.19885556] [ 0.69553846  0.19885556 -0.69042213]
0.961058301038763 2.3744567188641614 2.3583414113016894 [-0.01929827 -0.11422648  0.02837159] [ 0.69178389 -0.2425403   0.68015385] [ 0.69178389 -0.68015385 -0.2425403 ] [ 0.68015385 -0.2425403  -0.69178389]
0.5784327936697142 2.615589711613923 2.418078544961057 [ 0.14098218 -0.07416768  0.0267342 ] [0.71526162 0.16697899 0.67861538] [ 0.71526162 -0.67861538  0.16697899] [ 0.67861538  0.16697899 -0.71526162]
0.6407048412509493 2.570186939644215 2.4278979040193365 [ 0.14098218 -0.07416768  0.0267342 ] [0.70810211 0.22838968 0.66815385] [ 0.70810211 -0.66815385  0.22838968] [ 0.66815385  0.22838968 -0.70810211]
0.844417242390881 2.4387559563199694 2.3686021307020466 [ 0.08168864 -0.1128468   0.02798099] [-0.7081444   0.25606154  0.658     ] [-0.7081444  -0.658       0.25606154] [0.658      0.25606154 0.7081444 ]
0.597488179951034 2.6014294730820477 2.4294348128435606 [ 0.14098218 -0.07416768  0.0267342 ] [0.69537882 0.2896362  0.65769231] [ 0.69537882 -0.65769231  0.2896362 ] [ 0.65769231  0.2896362  -0.69537882]
0.856651477890875 2.4316570623445584 2.363249095950809 [ 0.08137523 -0.10320648  0.02670585] [-0.70747331  0.29749268  0.64107692] [-0.70747331 -0.64107692  0.29749268] [0.64107692 0.29749268 0.70747331]
0.9498640479221743 2.378639701190253 2.3803087096748525 [ 0.07124013 -0.11355813  0.02759172] [-0.75811842  0.13924604  0.63707692] [-0.75811842 -0.63707692  0.13924604] [0.63707692 0.13924604 0.75811842]
0.7730337932581279 2.4819195009799415 2.371015216246981 [ 0.08137523 -0.10320648  0.02670585] [-0.73781402  0.24073785  0.63061538] [-0.73781402 -0.63061538  0.24073785] [0.63061538 0.24073785 0.73781402]
0.871029973586339 2.4234229396472347 2.363004265084882 [ 0.07124013 -0.11355813  0.02759172] [-0.77551349  0.07701935  0.62661538] [-0.77551349 -0.62661538  0.07701935] [0.62661538 0.07701935 0.77551349]
0.8769104361431933 2.4200890073153762 2.389780203086889 [ 0.08137523 -0.10320648  0.02670585] [-0.70381287  0.33923357  0.62415385] [-0.70381287 -0.62415385  0.33923357] [0.62415385 0.33923357 0.70381287]
0.782924602352098 2.4757579532068856 2.3624074673402555 [ 0.09978896 -0.06436741  0.01768096] [-0.77714011 -0.09166967  0.62261538] [-0.77714011 -0.62261538 -0.09166967] [ 0.62261538 -0.09166967  0.77714011]
0.8852702585689626 2.3724974194017663 2.4153827370547845 [ 0.07124013 -0.11355813  0.02759172] [-0.76333007  0.18093206  0.62015385] [-0.76333007 -0.62015385  0.18093206] [0.62015385 0.18093206 0.76333007]
0.8085649881143969 2.4600582802071655 2.357649350609591 [ 0.0902936  -0.07405063  0.01780136] [-0.77496488 -0.15715313  0.61215385] [-0.77496488 -0.61215385 -0.15715313] [ 0.61215385 -0.15715313  0.77496488]
0.8744636337781149 2.421473863777842 2.401266165554142 [ 0.07124013 -0.11355813  0.02759172] [-0.78372876  0.11850961  0.60969231] [-0.78372876 -0.60969231  0.11850961] [0.60969231 0.11850961 0.78372876]
0.8937792954602063 2.4106324016416925 2.3686778018652177 [ 0.10038534 -0.05453721  0.01372722] [-0.72596277 -0.32113387  0.60815385] [-0.72596277 -0.60815385 -0.32113387] [ 0.60815385 -0.32113387  0.72596277]
0.828088602348026 2.3621581710916226 2.448364969377522 [ 0.07124013 -0.11355813  0.02759172] [-0.76565804  0.22333923  0.60323077] [-0.76565804 -0.60323077  0.22333923] [0.60323077 0.22333923 0.76565804]
0.9601490821678598 2.358001870772541 2.374929590756568 [-0.02928354 -0.0744047   0.01546225] [0.71564456 0.352614   0.60292308] [ 0.71564456 -0.60292308  0.352614  ] [ 0.60292308  0.352614   -0.71564456]
0.8051572346054398 2.4621223040501423 2.366418506940514 [ 0.08137523 -0.10320648  0.02670585] [-0.73346847  0.32540819  0.59676923] [-0.73346847 -0.59676923  0.32540819] [0.59676923 0.32540819 0.73346847]
0.8458012866808957 2.4150865617301287 2.43794856128484 [ 0.07124013 -0.11355813  0.02759172] [-0.78913211  0.16091968  0.59276923] [-0.78913211 -0.59276923  0.16091968] [0.59276923 0.16091968 0.78913211]
0.8023085091324543 2.4638530145323965 2.370815536881242 [ 0.07074857 -0.10350554  0.02466799] [-0.80726696  0.09611355  0.58230769] [-0.80726696 -0.58230769  0.09611355] [0.58230769 0.09611355 0.80726696]
0.7878803056261536 2.4043651229007734 2.4726929285765116 [ 0.07124013 -0.11355813  0.02759172] [-0.79168549  0.20404729  0.57584615] [-0.79168549 -0.57584615  0.20404729] [0.57584615 0.20404729 0.79168549]
0.7382262408650592 2.5040767785233022 2.3775416941795475 [ 0.08137523 -0.10320648  0.02670585] [-0.76158731  0.30949302  0.56938462] [-0.76158731 -0.56938462  0.30949302] [0.56938462 0.30949302 0.76158731]
0.7230530680805131 2.513969142489596 2.413643488663044 [ 0.0902936  -0.07405063  0.01780136] [-0.80975307 -0.14781987  0.56784615] [-0.80975307 -0.56784615 -0.14781987] [ 0.56784615 -0.14781987  0.80975307]
0.8129633390069199 2.457404414792827 2.4189651345838787 [ 0.07074857 -0.10350554  0.02466799] [-0.81299464  0.13921192  0.56538462] [-0.81299464 -0.56538462  0.13921192] [0.56538462 0.13921192 0.81299464]
0.7366628021739854 2.389485427577128 2.5050894835646575 [ 0.07124013 -0.11355813  0.02759172] [-0.79136222  0.247691    0.55892308] [-0.79136222 -0.55892308  0.247691  ] [0.55892308 0.247691   0.79136222]
0.8209577183177785 2.4464476746206367 2.4526099580522924 [ 0.07074857 -0.10350554  0.02466799] [-0.81589846  0.18302906  0.54846154] [-0.81589846 -0.54846154  0.18302906] [0.54846154 0.18302906 0.81589846]
0.7371793985019678 2.5047546950455755 2.3706015303710943 [ 0.10634733 -0.0608897   0.01978663] [-0.78760292 -0.28382528  0.54692308] [-0.78760292 -0.54692308 -0.28382528] [ 0.54692308 -0.28382528  0.78760292]
0.7700709949204763 2.4311756978818204 2.483776713935238 [ 0.07074857 -0.10350554  0.02466799] [-0.81594771  0.22736799  0.53153846] [-0.81594771 -0.53153846  0.22736799] [0.53153846 0.22736799 0.81594771]
0.619862528198833 2.585103579411543 2.3739681752767696 [ 0.1270317  -0.02328538  0.01978579] [-0.8329787  -0.20711969  0.51307692] [-0.8329787  -0.51307692 -0.20711969] [ 0.51307692 -0.20711969  0.8329787 ]
0.8830646073393335 2.4166206486986437 2.3675282767312127 [ 0.09741431 -0.09113387  0.02815161] [-0.83648985  0.25078059  0.48723077] [-0.83648985 -0.48723077  0.25078059] [0.48723077 0.25078059 0.83648985]
0.7630217482335622 2.3783405992355773 2.4882169287839604 [-0.03865002 -0.07368308  0.01876594] [0.78635593 0.38019767 0.48692308] [ 0.78635593 -0.48692308  0.38019767] [ 0.48692308  0.38019767 -0.78635593]
0.4335905083105371 2.7308756736107633 2.377169115176801 [ 0.09094297 -0.09318584  0.02517442] [-0.87304038  0.06548674  0.48323077] [-0.87304038 -0.48323077  0.06548674] [0.48323077 0.06548674 0.87304038]
0.781511667117109 2.476634537242296 2.360721642106446 [ 0.09741431 -0.09113387  0.02815161] [-0.85996999  0.18205143  0.47676923] [-0.85996999 -0.47676923  0.18205143] [0.47676923 0.18205143 0.85996999]
0.9231503509220867 2.3945408788322187 2.393922435096246 [ 0.09741431 -0.09113387  0.02815161] [-0.83128633  0.29626628  0.47030769] [-0.83128633 -0.47030769  0.29626628] [0.47030769 0.29626628 0.83128633]
0.6122834819185194 2.3778074609386395 2.5905974514615275 [-0.03062346 -0.08549539  0.02168561] [0.81324068 0.34313204 0.47      ] [ 0.81324068 -0.47        0.34313204] [ 0.47        0.34313204 -0.81324068]
0.4324334801718696 2.7318500135650696 2.3663919217179172 [ 0.09094297 -0.09318584  0.02517442] [-0.87761464  0.1111291   0.46630769] [-0.87761464 -0.46630769  0.1111291 ] [0.46630769 0.1111291  0.87761464]
0.5177200358466175 2.3664106021443305 2.662277064609956 [-0.0231002 -0.0865152  0.0201353] [0.85502446 0.23251941 0.46353846] [ 0.85502446 -0.46353846  0.23251941] [ 0.46353846  0.23251941 -0.85502446]
0.8117951490706831 2.4581081606409456 2.391661262963801 [ 0.09741431 -0.09113387  0.02815161] [-0.85822109  0.22803085  0.45984615] [-0.85822109 -0.45984615  0.22803085] [0.45984615 0.22803085 0.85822109]
0.7565372129602392 2.3772034515514004 2.492328186268505 [-0.03865002 -0.07368308  0.01876594] [0.78699928 0.41165099 0.45953846] [ 0.78699928 -0.45953846  0.41165099] [ 0.45953846  0.41165099 -0.78699928]
0.3895702683163659 2.7685169789989357 2.392893637821845 [ 0.09094297 -0.09318584  0.02517442] [-0.88922446  0.03852463  0.45584615] [-0.88922446 -0.45584615  0.03852463] [0.45584615 0.03852463 0.88922446]
0.5136852772734711 2.6654642049684734 2.3830375138316375 [ 0.10634733 -0.0608897   0.01978663] [-0.87876281 -0.15365861  0.45184615] [-0.87876281 -0.45184615 -0.15365861] [ 0.45184615 -0.15365861  0.87876281]
0.8497975258249639 2.4356234941939325 2.4199514093682812 [ 0.09741431 -0.09113387  0.02815161] [-0.85360817  0.27417556  0.44292308] [-0.85360817 -0.44292308  0.27417556] [0.44292308 0.27417556 0.85360817]
0.607147739978717 2.375265954726841 2.594341377779605 [-0.03062346 -0.08549539  0.02168561] [0.81476509 0.37449896 0.44261538] [ 0.81476509 -0.44261538  0.37449896] [ 0.44261538  0.37449896 -0.81476509]
0.38613431062678016 2.7715036518818956 2.429818454783833 [ 0.09094297 -0.09318584  0.02517442] [-0.89452552  0.08467956  0.43892308] [-0.89452552 -0.43892308  0.08467956] [0.43892308 0.08467956 0.89452552]
0.838216960341604 2.3569345661088206 2.4423864968893314 [-0.02821841 -0.08180571  0.01946535] [0.71691535 0.54189383 0.43861538] [ 0.71691535 -0.43861538  0.54189383] [ 0.43861538  0.54189383 -0.71691535]
0.7451187068027958 2.4996302454701276 2.4134021070081952 [ 0.09741431 -0.09113387  0.02815161] [-0.87829182  0.20391296  0.43246154] [-0.87829182 -0.43246154  0.20391296] [0.43246154 0.20391296 0.87829182]
0.7556480233619077 2.3730043811144386 2.4928939451072005 [-0.03865002 -0.07368308  0.01876594] [0.78549477 0.44299099 0.43215385] [ 0.78549477 -0.43215385  0.44299099] [ 0.43215385  0.44299099 -0.78549477]
0.5469175787385776 2.4230215159784914 2.6395264111738626 [-0.03062346 -0.08549539  0.02168561] [0.84040085 0.33542878 0.42569231] [ 0.84040085 -0.42569231  0.33542878] [ 0.42569231  0.33542878 -0.84040085]
0.7812476421467696 2.4767984714809717 2.4437176661106914 [ 0.09741431 -0.09113387  0.02815161] [-0.87434976  0.25067964  0.41553846] [-0.87434976 -0.41553846  0.25067964] [0.41553846 0.25067964 0.87434976]
0.6075577786075466 2.3697442377843165 2.594041834053572 [-0.03062346 -0.08549539  0.02168561] [0.81417572 0.40583409 0.41523077] [ 0.81417572 -0.41523077  0.40583409] [ 0.41523077  0.40583409 -0.81417572]
0.9415322360994786 2.364352377477247 2.3847069763761994 [-0.03962583 -0.06454092  0.01485567] [0.709458   0.57232736 0.41123077] [ 0.709458   -0.41123077  0.57232736] [ 0.41123077  0.57232736 -0.709458  ]
0.6824054091044146 2.541180344420426 2.4326308205813576 [ 0.09741431 -0.09113387  0.02815161] [-0.8966782   0.17855222  0.40507692] [-0.8966782  -0.40507692  0.17855222] [0.40507692 0.17855222 0.8966782 ]
0.7198894777695102 2.359711885849122 2.516049739451342 [-0.01673079 -0.09041551  0.01960286] [0.7819094  0.47410922 0.40476923] [ 0.7819094  -0.40476923  0.47410922] [ 0.40476923  0.47410922 -0.7819094 ]
0.7904451860279254 2.450222928355668 2.4711123789762253 [ 0.09741431 -0.09113387  0.02815161] [-0.86754324  0.29744664  0.39861538] [-0.86754324 -0.39861538  0.29744664] [0.39861538 0.29744664 0.86754324]
0.6194676954840055 2.46943168394035 2.585388866288055 [-0.03865002 -0.07368308  0.01876594] [0.84074423 0.36674259 0.39830769] [ 0.84074423 -0.39830769  0.36674259] [ 0.39830769  0.36674259 -0.84074423]
0.7736571013761483 2.3960113090370827 2.4815294612545093 [-0.02928354 -0.0744047   0.01546225] [0.74378521 0.53972679 0.39430769] [ 0.74378521 -0.39430769  0.53972679] [ 0.39430769  0.53972679 -0.74378521]
0.7168447988526746 2.5180580352039916 2.4650746783887625 [ 0.09741431 -0.09113387  0.02815161] [-0.89347971  0.22589952  0.38815385] [-0.89347971 -0.38815385  0.22589952] [0.38815385 0.22589952 0.89347971]
0.6869195368027352 2.415260390402917 2.538106921371054 [-0.03865002 -0.07368308  0.01876594] [0.81153111 0.43702702 0.38784615] [ 0.81153111 -0.38784615  0.43702702] [ 0.38784615  0.43702702 -0.81153111]
0.5591190701187349 2.517079986924063 2.6301825525544413 [-0.03865002 -0.07368308  0.01876594] [0.86507941 0.32585793 0.38138462] [ 0.86507941 -0.38138462  0.32585793] [ 0.38138462  0.32585793 -0.86507941]
0.6190562551515008 2.4644936159023465 2.5856862603442 [-0.03865002 -0.07368308  0.01876594] [0.8390586  0.39799087 0.37092308] [ 0.8390586  -0.37092308  0.39799087] [ 0.37092308  0.39799087 -0.8390586 ]
0.5560764824360432 2.5134693105052914 2.6325035168737965 [-0.03865002 -0.07368308  0.01876594] [0.86436999 0.35713936 0.354     ] [ 0.86436999 -0.354       0.35713936] [ 0.354       0.35713936 -0.86436999]
0.7556728451820459 2.4010303991029347 2.4928781453225977 [-0.01908505 -0.08386583  0.01714713] [0.83539462 0.42906544 0.34353846] [ 0.83539462 -0.34353846  0.42906544] [ 0.34353846  0.42906544 -0.83539462]
0.8786965720417178 2.4190801980739636 2.39617621820251 [-0.02016943 -0.07711003  0.01288914] [0.75932476 0.56510639 0.32261538] [ 0.75932476 -0.32261538  0.56510639] [ 0.32261538  0.56510639 -0.75932476]
0.7529367837982199 2.3882389899308603 2.494621997557707 [-0.01908505 -0.08386583  0.01714713] [0.82980362 0.45986161 0.31615385] [ 0.82980362 -0.31615385  0.45986161] [ 0.31615385  0.45986161 -0.82980362]
0.6615751721400241 2.3803831802691997 2.5555305652772278 [-0.02928354 -0.0744047   0.01546225] [0.79184817 0.52870473 0.30569231] [ 0.79184817 -0.30569231  0.52870473] [ 0.30569231  0.52870473 -0.79184817]
0.9098425930818979 2.401773538336805 2.389374370250178 [-0.01908505 -0.08386583  0.01714713] [0.74807237 0.59432863 0.29523077] [ 0.74807237 -0.29523077  0.59432863] [ 0.29523077  0.59432863 -0.74807237]
0.7103501346722191 2.522361359890157 2.493263663221402 [-0.02016943 -0.07711003  0.01288914] [0.82233804 0.49027796 0.28876923] [ 0.82233804 -0.28876923  0.49027796] [ 0.28876923  0.49027796 -0.82233804]
0.8189692505339444 2.45379899131372 2.4393152116282684 [-0.02016943 -0.07711003  0.01288914] [0.78156748 0.55829839 0.27830769] [ 0.78156748 -0.27830769  0.55829839] [ 0.27830769  0.55829839 -0.78156748]
0.7862903138035225 2.382256476381767 2.473674706104985 [-0.01908505 -0.08386583  0.01714713] [0.73506874 0.62284218 0.26784615] [ 0.73506874 -0.26784615  0.62284218] [ 0.26784615  0.62284218 -0.73506874]
0.735247180946734 2.5060077463899404 2.488895796229911 [-0.02016943 -0.07711003  0.01288914] [0.81305176 0.52021622 0.26138462] [ 0.81305176 -0.26138462  0.52021622] [ 0.26138462  0.52021622 -0.81305176]
0.851587433348092 2.434585070527575 2.430959274648612 [-0.02016943 -0.07711003  0.01288914] [0.76952791 0.58725156 0.25092308] [ 0.76952791 -0.25092308  0.58725156] [ 0.25092308  0.58725156 -0.76952791]
0.8140771496687208 2.36075468039044 2.4567341773855826 [-0.01908505 -0.08386583  0.01714713] [0.72038195 0.65055983 0.24046154] [ 0.72038195 -0.24046154  0.65055983] [ 0.24046154  0.65055983 -0.72038195]
0.8769352625330399 2.413257727389098 2.420074973127422 [-0.02016943 -0.07711003  0.01288914] [0.75579221 0.61547436 0.22353846] [ 0.75579221 -0.22353846  0.61547436] [ 0.22353846  0.61547436 -0.75579221]
0.3526798012848467 2.5168400438890335 2.8009398274668262 [ 0.1113853  -0.09436403  0.02733353] [-0.84924067  0.03379873 -0.52692308] [-0.84924067  0.52692308  0.03379873] [-0.52692308  0.03379873  0.84924067]
0.34544334515712033 2.5313152500203575 2.807390314633065 [ 0.1113853  -0.09436403  0.02733353] [-0.84256203 -0.03615241 -0.53738462] [-0.84256203  0.53738462 -0.03615241] [-0.53738462 -0.03615241  0.84256203]
0.3578695405254486 2.535411735039469 2.796331728594889 [ 0.1113853  -0.09436403  0.02733353] [-0.82999533 -0.10474898 -0.54784615] [-0.82999533  0.54784615 -0.10474898] [-0.54784615 -0.10474898  0.82999533]
0.37782324069012635 2.4978083833721647 2.778756460144265 [ 0.1113853  -0.09436403  0.02733353] [-0.83228382  0.00682885 -0.55430769] [-0.83228382  0.55430769  0.00682885] [-0.55430769  0.00682885  0.83228382]
0.38831220510353726 2.5290585922088242 2.7696097351452496 [ 0.1113853  -0.09436403  0.02733353] [-0.81171769 -0.17148442 -0.55830769] [-0.81171769  0.55830769 -0.17148442] [-0.55830769 -0.17148442  0.81171769]
0.3796751656709461 2.5069046061390683 2.7771368675104147 [ 0.1113853  -0.09436403  0.02733353] [-0.82296257 -0.06138667 -0.56476923] [-0.82296257  0.56476923 -0.06138667] [-0.56476923 -0.06138667  0.82296257]
0.41611442630424705 2.4620010658579305 2.7456795205411213 [ 0.1113853  -0.09436403  0.02733353] [-0.81934722  0.04863689 -0.57123077] [-0.81934722  0.57123077  0.04863689] [-0.57123077  0.04863689  0.81934722]
0.7114324256255486 2.3839598425417137 2.5216424047117867 [-0.033438   -0.10719767  0.03021707] [-0.75136941  0.32606924 -0.57369231] [-0.75136941  0.57369231  0.32606924] [-0.57369231  0.32606924  0.75136941]
0.3994644497548678 2.5060437637678152 2.7599553893761954 [ 0.1113853  -0.09436403  0.02733353] [-0.807916   -0.12798945 -0.57523077] [-0.807916    0.57523077 -0.12798945] [-0.57523077 -0.12798945  0.807916  ]
0.4086723896467175 2.475461020243957 2.752039853714313 [ 0.1113853  -0.09436403  0.02733353] [-0.81318683 -0.01900619 -0.58169231] [-0.81318683  0.58169231 -0.01900619] [-0.58169231 -0.01900619  0.81318683]
0.435297650259953 2.495410243795033 2.7294395820843813 [ 0.1113853  -0.09436403  0.02733353] [-0.78734571 -0.19248704 -0.58569231] [-0.78734571  0.58569231 -0.19248704] [-0.58569231 -0.19248704  0.78734571]
0.4185359985957346 2.4795208916264455 2.7436171344992255 [ 0.1113853  -0.09436403  0.02733353] [-0.80129971 -0.08527954 -0.59215385] [-0.80129971  0.59215385 -0.08527954] [-0.59215385 -0.08527954  0.80129971]
0.4885413709914366 2.3569514524200845 2.685561243407064 [ 0.1099848  -0.10308288  0.02405509] [-0.78017122  0.19433326 -0.59461538] [-0.78017122  0.59461538  0.19433326] [-0.59461538  0.19433326  0.78017122]
0.4439074283918959 2.441549844748402 2.722224195869149 [ 0.1113853  -0.09436403  0.02733353] [-0.8007289   0.02220026 -0.59861538] [-0.8007289   0.59861538  0.02220026] [-0.59861538  0.02220026  0.8007289 ]
0.7444941391591765 2.372915651631147 2.500031964736336 [-0.033438   -0.10719767  0.03021707] [-0.74281093  0.29485327 -0.60107692] [-0.74281093  0.60107692  0.29485327] [-0.60107692  0.29485327  0.74281093]
0.44468184446229736 2.4741491520880396 2.721577446636293 [ 0.1113853  -0.09436403  0.02733353] [-0.78386785 -0.14968599 -0.60261538] [-0.78386785  0.60261538 -0.14968599] [-0.60261538 -0.14968599  0.78386785]
0.44479508144663876 2.449957178625899 2.7214829085563053 [ 0.1113853  -0.09436403  0.02733353] [-0.79191444 -0.04355258 -0.60907692] [-0.79191444  0.60907692 -0.04355258] [-0.60907692 -0.04355258  0.79191444]
0.4845991574669 2.4055903928786817 2.688748799966284 [ 0.1113853  -0.09436403  0.02733353] [-0.785661    0.06204182 -0.61553846] [-0.785661    0.61553846  0.06204182] [-0.61553846  0.06204182  0.785661  ]
0.4617393600088019 2.4493543673282403 2.707426618350845 [ 0.1113853  -0.09436403  0.02733353] [-0.77754679 -0.10767116 -0.61953846] [-0.77754679  0.61953846 -0.10767116] [-0.61953846 -0.10767116  0.77754679]
0.9598335858792062 2.3589879168504515 2.3750937763423936 [ 0.14109633 -0.06413072  0.02666117] [-0.59734178 -0.50739161 -0.62107692] [-0.59734178  0.62107692 -0.50739161] [-0.62107692 -0.50739161  0.59734178]
0.47748578550275905 2.4177936753529883 2.694525440517062 [ 0.10710025 -0.09213996  0.03034248] [-0.77981726 -0.00300624 -0.626     ] [-0.77981726  0.626      -0.00300624] [-0.626      -0.00300624  0.77981726]
0.7924591686663214 2.4133748980340797 2.469874069127459 [ 0.14109633 -0.06413072  0.02666117] [-0.65531984 -0.42041812 -0.62753846] [-0.65531984  0.62753846 -0.42041812] [-0.62753846 -0.42041812  0.65531984]
0.5301876047407996 2.36795184921429 2.6524949686424595 [ 0.1113853  -0.09436403  0.02733353] [-0.76806669  0.1003293  -0.63246154] [-0.76806669  0.63246154  0.1003293 ] [-0.63246154  0.1003293   0.76806669]
0.4859332040556399 2.4214482855647663 2.6876690228562268 [ 0.1113853  -0.09436403  0.02733353] [-0.76842373 -0.06664594 -0.63646154] [-0.76842373  0.63646154 -0.06664594] [-0.63646154 -0.06664594  0.76842373]
0.902829826971194 2.3667616510615765 2.4056236559863367 [ 0.14109633 -0.06413072  0.02666117] [-0.61158053 -0.46789449 -0.638     ] [-0.61158053  0.638      -0.46789449] [-0.638      -0.46789449  0.61158053]
0.5159470380383046 2.383434708350694 2.663676302315633 [ 0.10710025 -0.09213996  0.03034248] [-0.7650766   0.03616234 -0.64292308] [-0.7650766   0.64292308  0.03616234] [-0.64292308  0.03616234  0.7650766 ]
0.7522025078325907 2.4126992988020164 2.4950907757904197 [ 0.14109633 -0.06413072  0.02666117] [-0.66382336 -0.3794837  -0.64446154] [-0.66382336  0.64446154 -0.3794837 ] [-0.64446154 -0.3794837   0.66382336]
0.5166809116254742 2.3908397942851294 2.663096888845361 [ 0.1113853  -0.09436403  0.02733353] [-0.75655108 -0.02681434 -0.65338462] [-0.75655108  0.65338462 -0.02681434] [-0.65338462 -0.02681434  0.75655108]
0.8544989036163123 2.3702956493297815 2.432899881938157 [ 0.14109633 -0.06413072  0.02666117] [-0.6228553  -0.42793346 -0.65492308] [-0.6228553   0.65492308 -0.42793346] [-0.65492308 -0.42793346  0.6228553 ]
0.549542055043033 2.6375084462774323 2.565225767790449 [-0.04960962 -0.10000912  0.03025471] [ 0.73376949  0.1179763  -0.66907692] [0.73376949 0.66907692 0.1179763 ] [-0.66907692  0.1179763  -0.73376949]
0.553450635595047 2.357912183800955 2.6345114094075375 [ 0.1113853  -0.09436403  0.02733353] [-0.74199231  0.01161917 -0.67030769] [-0.74199231  0.67030769  0.01161917] [-0.67030769  0.01161917  0.74199231]
0.8144267028412119 2.3695312752150524 2.456523983837364 [ 0.14109633 -0.06413072  0.02666117] [-0.63110974 -0.38771541 -0.67184615] [-0.63110974  0.67184615 -0.38771541] [-0.67184615 -0.38771541  0.63110974]
0.6408875155304044 2.5700574403368934 2.401990416149923 [-0.04960962 -0.10000912  0.03025471] [ 0.6879551   0.27145024 -0.67307692] [0.6879551  0.67307692 0.27145024] [-0.67307692  0.27145024 -0.6879551 ]
0.5524177895834607 2.6353024160233893 2.560500725019297 [-0.04960962 -0.10000912  0.03025471] [ 0.73708181  0.01892611 -0.67553846] [0.73708181 0.67553846 0.01892611] [-0.67553846  0.01892611 -0.73708181]
0.5897110804537263 2.6071802330309777 2.537422217636243 [-0.04960962 -0.10000912  0.03025471] [ 0.71224871  0.17586713 -0.67953846] [0.71224871 0.67953846 0.17586713] [-0.67953846  0.17586713 -0.71224871]
0.8828575406290813 2.360779638010648 2.4167370031341555 [ 0.11974686 -0.09231339  0.024347  ] [-0.73085443 -0.04904141 -0.68076923] [-0.73085443  0.68076923 -0.04904141] [-0.68076923 -0.04904141  0.73085443]
0.5722220766123327 2.620255909392795 2.5466352833840884 [-0.04960962 -0.10000912  0.03025471] [ 0.72333632  0.07866745 -0.686     ] [0.72333632 0.686      0.07866745] [-0.686       0.07866745 -0.72333632]
0.6417366623619825 2.569455755257889 2.3938087768436267 [-0.04960962 -0.10000912  0.03025471] [ 0.68597965  0.23093704 -0.69      ] [0.68597965 0.69       0.23093704] [-0.69        0.23093704 -0.68597965]
0.6051030914147596 2.595836672877734 2.5241513263464825 [-0.04960962 -0.10000912  0.03025471] [ 0.70454598  0.13622147 -0.69646154] [0.70454598 0.69646154 0.13622147] [-0.69646154  0.13622147 -0.70454598]
0.6016409949679553 2.5983747592850612 2.5239236938018736 [-0.04960962 -0.10000912  0.03025471] [ 0.71010081  0.04069379 -0.70292308] [0.71010081 0.70292308 0.04069379] [-0.70292308  0.04069379 -0.71010081]
0.6501402465732241 2.563526194111307 2.3814269699547452 [-0.04960962 -0.10000912  0.03025471] [ 0.680973    0.19114273 -0.70692308] [0.680973   0.70692308 0.19114273] [-0.70692308  0.19114273 -0.680973  ]
0.6276560227463732 2.579493015251598 2.506402326012814 [-0.04960962 -0.10000912  0.03025471] [ 0.69392577  0.09772113 -0.71338462] [0.69392577 0.71338462 0.09772113] [-0.71338462  0.09772113 -0.69392577]
0.8119002589461297 2.370853313979553 2.458044806964316 [-0.0587458  -0.09191128  0.03026786] [ 0.65291972  0.24301267 -0.71738462] [0.65291972 0.71738462 0.24301267] [-0.71738462  0.24301267 -0.65291972]
0.6374930829392887 2.5724672934829256 2.49758310680402 [-0.06002707 -0.09395453  0.02871055] [ 0.69412048  0.00427463 -0.71984615] [0.69412048 0.71984615 0.00427463] [-0.71984615  0.00427463 -0.69412048]
0.7740995715398679 2.4370050385761095 2.4812527250136815 [-0.0587458  -0.09191128  0.03026786] [ 0.67294349  0.15229514 -0.72384615] [0.67294349 0.72384615 0.15229514] [-0.72384615  0.15229514 -0.67294349]
0.7607090974171793 2.489680225523477 2.484572004466578 [-0.0587458  -0.09191128  0.03026786] [ 0.68042571  0.06059309 -0.73030769] [0.68042571 0.73030769 0.06059309] [-0.73030769  0.06059309 -0.68042571]
0.8260526412401858 2.3844495327970154 2.449573939675425 [-0.0587458  -0.09191128  0.03026786] [ 0.64744204  0.20398778 -0.73430769] [0.64744204 0.73430769 0.20398778] [-0.73430769  0.20398778 -0.64744204]
0.526298167368648 2.6555358705858003 2.4680968229766087 [-0.05037445 -0.10514088  0.02798828] [ 0.675462   -0.03036754 -0.73676923] [ 0.675462    0.73676923 -0.03036754] [-0.73676923 -0.03036754 -0.675462  ]
0.8022125467093904 2.4429815521416196 2.463911399261815 [-0.0587458  -0.09191128  0.03026786] [ 0.66190748  0.11462738 -0.74076923] [0.66190748 0.74076923 0.11462738] [-0.74076923  0.11462738 -0.66190748]
0.5790146558944073 2.6151538340155343 2.459085162923383 [-0.06002707 -0.09395453  0.02871055] [ 0.66409166  0.02506891 -0.74723077] [0.66409166 0.74723077 0.02506891] [-0.74723077  0.02506891 -0.66409166]
0.8482299287402099 2.3935632075767233 2.4365344513453797 [-0.0587458  -0.09191128  0.03026786] [ 0.63883978  0.16593995 -0.75123077] [0.63883978 0.75123077 0.16593995] [-0.75123077  0.16593995 -0.63883978]
0.8353660643343753 2.4440632779432763 2.4425137933254657 [-0.0587458  -0.09191128  0.03026786] [ 0.64788823  0.07837859 -0.75769231] [0.64788823 0.75769231 0.07837859] [-0.75769231  0.07837859 -0.64788823]
0.8785643598437194 2.3979649733914803 2.41915481028198 [-0.0587458  -0.09191128  0.03026786] [ 0.6271118   0.12911413 -0.76815385] [0.6271118  0.76815385 0.12911413] [-0.76815385  0.12911413 -0.6271118 ]
0.6419648555707228 2.569294142177225 2.4174218436405974 [-0.06002707 -0.09395453  0.02871055] [ 0.63091441  0.04379519 -0.77461538] [0.63091441 0.77461538 0.04379519] [-0.77461538  0.04379519 -0.63091441]
0.91729559661941 2.397490328818602 2.3977110808762667 [-0.06002707 -0.09395453  0.02871055] [ 0.61226018  0.09376404 -0.78507692] [0.61226018 0.78507692 0.09376404] [-0.78507692  0.09376404 -0.61226018]
