[0.01622835 0.0144957  0.00282352] [ 0.01423268 -0.03660663  0.9992284 ] [ 0.01423268 -0.9992284  -0.03660663] [ 0.9992284  -0.03660663 -0.01423268] 0.28474915338629997 2.6725632155316585 2.8625928604497055
[ 0.0279106  -0.0500438   0.00302046] [-0.06098302  0.03008891  0.99768519] [-0.06098302 -0.99768519  0.03008891] [0.99768519 0.03008891 0.06098302] 0.5961474552724252 2.602418068482301 2.3894239704623343
[0.0294216  0.0144957  0.00203064] [0.08425872 0.02452821 0.99614198] [ 0.08425872 -0.99614198  0.02452821] [ 0.99614198  0.02452821 -0.08425872] 0.38812857360804726 2.72923246910278 2.769769315479209
[ 0.0279106  -0.0500438   0.00302046] [-0.05388788 -0.08870959  0.99459877] [-0.05388788 -0.99459877 -0.08870959] [ 0.99459877 -0.08870959  0.05388788] 0.5568745399301628 2.6318941568499055 2.3858994135083362
[0.01622835 0.0144957  0.00282352] [-0.0228813   0.11539978  0.99305556] [-0.0228813  -0.99305556  0.11539978] [0.99305556 0.11539978 0.0228813 ] 0.41712117627401735 2.569985703404113 2.744821668343468
[ 0.00637174 -0.0684837   0.00414973] [ 0.10479061 -0.07695581  0.99151235] [ 0.10479061 -0.99151235 -0.07695581] [ 0.99151235 -0.07695581 -0.10479061] 0.751665538767798 2.382435397270235 2.495433798296099
[ 0.0279106  -0.0500438   0.00302046] [-0.14045754 -0.01525742  0.98996914] [-0.14045754 -0.98996914 -0.01525742] [ 0.98996914 -0.01525742  0.14045754] 0.6906719609117713 2.535561937495128 2.4722995217226944
[ 0.0294216  -0.026994    0.00250538] [0.10014145 0.1139556  0.98842593] [ 0.10014145 -0.98842593  0.1139556 ] [ 0.98842593  0.1139556  -0.10014145] 0.4837227940888621 2.689458744031373 2.567821304413348
[ 0.00637174 -0.0684837   0.00414973] [ 0.00333586 -0.16140439  0.98688272] [ 0.00333586 -0.98688272 -0.16140439] [ 0.98688272 -0.16140439 -0.00333586] 0.4746386418834216 2.696846540659558 2.583007697338413
[0.01622835 0.0144957  0.00282352] [-0.11781682  0.12339066  0.98533951] [-0.11781682 -0.98533951  0.12339066] [0.98533951 0.12339066 0.11781682] 0.359104174921127 2.479744839021856 2.7952376920094864
[ 0.0294216  -0.026994    0.00250538] [ 0.1788891  -0.01198066  0.9837963 ] [ 0.1788891  -0.9837963  -0.01198066] [ 0.9837963  -0.01198066 -0.1788891 ] 0.3003006622594153 2.8482673914177994 2.548016777091803
[ 0.00637174 -0.0684837   0.00414973] [-0.14645815 -0.11717032  0.98225309] [-0.14645815 -0.98225309 -0.11717032] [ 0.98225309 -0.11717032  0.14645815] 0.6282883751106192 2.5790395044528256 2.3739230362662163
[ 0.00616769 -0.09013808  0.01079951] [0.03006261 0.19314341 0.98070988] [ 0.03006261 -0.98070988  0.19314341] [ 0.98070988  0.19314341 -0.03006261] 0.6509268152112287 2.562973515620118 2.3984617620231528
[ 0.00637174 -0.0684837   0.00414973] [ 0.11250405 -0.16904283  0.97916667] [ 0.11250405 -0.97916667 -0.16904283] [ 0.97916667 -0.16904283 -0.11250405] 0.3465421823605212 2.8064089568057575 2.4742954166771893
[0.00637174 0.01265345 0.00335725] [-0.2042353   0.05040159  0.97762346] [-0.2042353  -0.97762346  0.05040159] [0.97762346 0.05040159 0.2042353 ] 0.24585056351271606 2.4410465785391002 2.8989304856184646
[ 0.0294216  -0.026994    0.00250538] [0.19082888 0.10417145 0.97608025] [ 0.19082888 -0.97608025  0.10417145] [ 0.97608025  0.10417145 -0.19082888] 0.38180948559994526 2.775272775503734 2.49201674744592
[ 0.00637174 -0.0684837   0.00414973] [-0.07254983 -0.21216523  0.97453704] [-0.07254983 -0.97453704 -0.21216523] [ 0.97453704 -0.21216523  0.07254983] 0.49458472345090315 2.6250007690029684 2.680693989400807
[ 0.00616769 -0.09013808  0.01079951] [-0.09246518  0.21150225  0.97299383] [-0.09246518 -0.97299383  0.21150225] [0.97299383 0.21150225 0.09246518] 0.5400678920947434 2.6448141736888924 2.5055491429351098
[ 0.0294216  -0.026994    0.00250538] [ 0.21690998 -0.09609245  0.97145062] [ 0.21690998 -0.97145062 -0.09609245] [ 0.97145062 -0.09609245 -0.21690998] 0.24172659370900937 2.902823101788359 2.529982095323537
[0.00637174 0.01265345 0.00335725] [-0.23075892 -0.07765269  0.96990741] [-0.23075892 -0.96990741 -0.07765269] [ 0.96990741 -0.07765269  0.23075892] 0.12325168317972407 2.4291347670619343 3.017366793880634
[ 0.0294216  -0.026994    0.00250538] [0.12063377 0.21844513 0.9683642 ] [ 0.12063377 -0.9683642   0.21844513] [ 0.9683642   0.21844513 -0.12063377] 0.5279887165094127 2.6542129382102444 2.4052673645883367
[ 0.00637174 -0.0684837   0.00414973] [ 0.05999484 -0.24830988  0.96682099] [ 0.05999484 -0.96682099 -0.24830988] [ 0.96682099 -0.24830988 -0.05999484] 0.4029660066239028 2.756939338608477 2.6256870224195406
[0.0294216  0.0144957  0.00203064] [-0.21675765  0.14579072  0.96527778] [-0.21675765 -0.96527778  0.14579072] [0.96527778 0.14579072 0.21675765] 0.9550947539383057 2.377566121057174 2.3690721685874063
[0.00637174 0.01265345 0.00335725] [0.26388473 0.03975593 0.96373457] [ 0.26388473 -0.96373457  0.03975593] [ 0.96373457  0.03975593 -0.26388473] 0.609015634156682 2.3944774620111327 2.592977715782251
[ 0.00637174 -0.0684837   0.00414973] [-0.17118979 -0.21185336  0.96219136] [-0.17118979 -0.96219136 -0.21185336] [ 0.96219136 -0.21185336  0.17118979] 0.6494671875247651 2.5639994312209495 2.391329620772399
[ 0.00616769 -0.09013808  0.01079951] [-0.01720904  0.27723453  0.96064815] [-0.01720904 -0.96064815  0.27723453] [0.96064815 0.27723453 0.01720904] 0.7640940221859117 2.4691297955045535 2.4875395693401154
[0.00637174 0.01265345 0.00335725] [ 0.20376146 -0.19646624  0.95910494] [ 0.20376146 -0.95910494 -0.19646624] [ 0.95910494 -0.19646624 -0.20376146] 0.43796309516781556 2.3831886722304234 2.7272009282385334
[0.00637174 0.01265345 0.00335725] [-0.28813425  0.00736144  0.95756173] [-0.28813425 -0.95756173  0.00736144] [0.95756173 0.00736144 0.28813425] 0.18410832922971185 2.362976902729372 2.9579305343221827
[ 0.0294216  -0.026994    0.00250538] [0.22126458 0.19253721 0.95601852] [ 0.22126458 -0.95601852  0.19253721] [ 0.95601852  0.19253721 -0.22126458] 0.4124789033541981 2.7487824499203954 2.4305267852551973
[ 0.00637174 -0.0684837   0.00414973] [-0.03365896 -0.29638482  0.95447531] [-0.03365896 -0.95447531 -0.29638482] [ 0.95447531 -0.29638482  0.03365896] 0.5225698648010886 2.6584599579170565 2.6324682833348305
[ 0.00616769 -0.09013808  0.01079951] [-0.17826345  0.24523979  0.9529321 ] [-0.17826345 -0.9529321   0.24523979] [0.9529321  0.24523979 0.17826345] 0.6071950646263069 2.571928353850725 2.5943068003480603
[0.00637174 0.01265345 0.00335725] [ 0.30181497 -0.06137515  0.95138889] [ 0.30181497 -0.95138889 -0.06137515] [ 0.95138889 -0.06137515 -0.30181497] 0.39308754192948436 2.4356683264286154 2.7654668053099494
[0.00495156 0.03365185 0.00452824] [-0.26805907 -0.16105129  0.94984568] [-0.26805907 -0.94984568 -0.16105129] [ 0.94984568 -0.16105129  0.26805907] 0.14406571578134636 2.38414915829251 2.996918744850738
[ 0.00616769 -0.09013808  0.01079951] [0.09019099 0.30428278 0.94830247] [ 0.09019099 -0.94830247  0.30428278] [ 0.94830247  0.30428278 -0.09019099] 0.3881234415612506 2.5185139208240157 2.769773775639449
[ 0.0294216  -0.026994    0.00250538] [ 0.14104005 -0.28940388  0.94675926] [ 0.14104005 -0.94675926 -0.28940388] [ 0.94675926 -0.28940388 -0.14104005] 0.37196292009592263 2.783894630100951 2.611640181691466
[ 0.00637174 -0.0684837   0.00414973] [-0.30367703  0.11977847  0.94521605] [-0.30367703 -0.94521605  0.11977847] [0.94521605 0.11977847 0.30367703] 0.7882112066265565 2.472488796736866 2.4358708602116135
[0.00637174 0.01265345 0.00335725] [0.30897213 0.11839676 0.94367284] [ 0.30897213 -0.94367284  0.11839676] [ 0.94367284  0.11839676 -0.30897213] 0.7163244191929211 2.4339634229402693 2.5184018620270834
[ 0.00637174 -0.0684837   0.00414973] [-0.14980273 -0.29991816  0.94212963] [-0.14980273 -0.94212963 -0.29991816] [ 0.94212963 -0.29991816  0.14980273] 0.41691331857663005 2.5419071925552 2.7449987337645627
[ 0.00637174 -0.0684837   0.00414973] [-0.09331518  0.32648042  0.94058642] [-0.09331518 -0.94058642  0.32648042] [0.94058642 0.32648042 0.09331518] 0.5590407201926162 2.4326785433677816 2.630242244537702
[ 0.03899165 -0.0154691   0.00297227] [ 0.29295911 -0.17992446  0.93904321] [ 0.29295911 -0.93904321 -0.17992446] [ 0.93904321 -0.17992446 -0.29295911] 0.23058031708770324 2.91338052123467 2.4992726397388196
[ 0.00483509 -0.00548085  0.00270597] [-0.34166627 -0.06601447  0.9375    ] [-0.34166627 -0.9375     -0.06601447] [ 0.9375     -0.06601447  0.34166627] 0.37561357942411866 2.413418753967342 2.78069150562792
[ 0.00616769 -0.09013808  0.01079951] [0.20980251 0.28278578 0.93595679] [ 0.20980251 -0.93595679  0.28278578] [ 0.93595679  0.28278578 -0.20980251] 0.5048399253550101 2.600063965515692 2.672487951429209
[ 0.00637174 -0.0684837   0.00414973] [ 0.03673751 -0.3542903   0.93441358] [ 0.03673751 -0.93441358 -0.3542903 ] [ 0.93441358 -0.3542903  -0.03673751] 0.45427306064408013 2.7135982811469646 2.5503155676999025
[ 0.00637175 -0.0777036   0.00403013] [-0.26941722  0.2390967   0.93287037] [-0.26941722 -0.93287037  0.2390967 ] [0.93287037 0.2390967  0.26941722] 0.8333217268796217 2.445268573552783 2.4121661695011567
[ 0.03899165 -0.0154691   0.00297227] [0.36413826 0.00574895 0.93132716] [ 0.36413826 -0.93132716  0.00574895] [ 0.93132716  0.00574895 -0.36413826] 0.3255513357566385 2.8252695174242346 2.6733636470470645
[ 0.00637174 -0.0684837   0.00414973] [-0.26747069 -0.25290559  0.92978395] [-0.26747069 -0.92978395 -0.25290559] [ 0.92978395 -0.25290559  0.26747069] 0.274814668140642 2.4643206106886053 2.87180609881124
[ 0.00616769 -0.09013808  0.01079951] [0.02666704 0.37102291 0.92824074] [ 0.02666704 -0.92824074  0.37102291] [ 0.92824074  0.37102291 -0.02666704] 0.7445552011692425 2.424438230656552 2.4999926793069926
[ 0.00637174 -0.0684837   0.00414973] [ 0.23333572 -0.29459485  0.92669753] [ 0.23333572 -0.92669753 -0.29459485] [ 0.92669753 -0.29459485 -0.23333572] 0.8393261142997913 2.364034616051101 2.4417354082711986
[0.00495156 0.03365185 0.00452824] [-0.37478573  0.06020913  0.92515432] [-0.37478573 -0.92515432  0.06020913] [0.92515432 0.06020913 0.37478573] 0.2909069267909756 2.538372363051188 2.8569062099644786
[ 0.00637174 -0.0684837   0.00414973] [0.32014926 0.2108245  0.92361111] [ 0.32014926 -0.92361111  0.2108245 ] [ 0.92361111  0.2108245  -0.32014926] 0.5228753702660934 2.3642672784920817 2.6582200143712136
[ 0.00637174 -0.0684837   0.00414973] [-0.09456155 -0.37529841  0.9220679 ] [-0.09456155 -0.9220679  -0.37529841] [ 0.9220679  -0.37529841  0.09456155] 0.5100409971161627 2.5807125311016055 2.668351897865865
[ 0.00616769 -0.09013808  0.01079951] [-0.18551989  0.3438265   0.92052469] [-0.18551989 -0.92052469  0.3438265 ] [0.92052469 0.3438265  0.18551989] 0.509136038994729 2.5360381813618105 2.6690703007808882
[ 0.00637174 -0.0684837   0.00414973] [ 0.37246409 -0.12939683  0.91898148] [ 0.37246409 -0.91898148 -0.12939683] [ 0.91898148 -0.12939683 -0.37246409] 0.5461843327708341 2.502683740309246 2.6400910033297507
[ 0.00637174 -0.0684837   0.00414973] [-0.36533457 -0.15759971  0.91743827] [-0.36533457 -0.91743827 -0.15759971] [ 0.91743827 -0.15759971  0.36533457] 0.504631209799983 2.6726542907201707 2.597091618731687
[ 0.00616769 -0.09013808  0.01079951] [0.16437874 0.36621833 0.91589506] [ 0.16437874 -0.91589506  0.36621833] [ 0.91589506  0.36621833 -0.16437874] 0.3976895073211555 2.5029732112415752 2.761487012459465
[ 0.00637174 -0.0684837   0.00414973] [ 0.12727013 -0.38439954  0.91435185] [ 0.12727013 -0.91435185 -0.38439954] [ 0.91435185 -0.38439954 -0.12727013] 0.7269495694591318 2.499450342414815 2.5114151087548087
[ 0.00637174 -0.0684837   0.00414973] [-0.3565299   0.1991653   0.91280864] [-0.3565299  -0.91280864  0.1991653 ] [0.91280864 0.1991653  0.3565299 ] 0.7387823792459722 2.5037169089222298 2.501482465872126
[ 0.00637174 -0.0684837   0.00414973] [0.40076815 0.09476392 0.91126543] [ 0.40076815 -0.91126543  0.09476392] [ 0.91126543  0.09476392 -0.40076815] 0.6014865304139839 2.4647264725331026 2.5984881794629597
[ 0.00637174 -0.0684837   0.00414973] [-0.23341195 -0.34340114  0.90972222] [-0.23341195 -0.90972222 -0.34340114] [ 0.90972222 -0.34340114  0.23341195] 0.3447925818014425 2.771608145951245 2.807971817284488
[ 0.00637174 -0.0684837   0.00414973] [-0.06033844  0.41421028  0.90817901] [-0.06033844 -0.90817901  0.41421028] [0.90817901 0.41421028 0.06033844] 0.6006303700437603 2.3985942976647037 2.5991171212450825
[ 0.00637174 -0.0684837   0.00414973] [ 0.3268682  -0.26677463  0.9066358 ] [ 0.3268682  -0.9066358  -0.26677463] [ 0.9066358  -0.26677463 -0.3268682 ] 0.43781854802021186 2.461821439849535 2.727322218228072
[0.00495156 0.03365185 0.00452824] [-0.42452114 -0.02427339  0.90509259] [-0.42452114 -0.90509259 -0.02427339] [ 0.90509259 -0.02427339  0.42452114] 0.1109209739131047 2.513142748509768 3.029530601195197
[0.0386415  0.0421554  0.00410744] [0.29891302 0.30700085 0.90354938] [ 0.29891302 -0.90354938  0.30700085] [ 0.90354938  0.30700085 -0.29891302] 0.3119047188120263 2.837657543725362 2.527666352039422
[ 0.00637174 -0.0684837   0.00414973] [-0.01313159 -0.43152338  0.90200617] [-0.01313159 -0.90200617 -0.43152338] [ 0.90200617 -0.43152338  0.01313159] 0.6403926608163254 2.5292071946492074 2.570408296686484
[ 0.00616769 -0.09013808  0.01079951] [-0.28390207  0.32949365  0.90046296] [-0.28390207 -0.90046296  0.32949365] [0.90046296 0.32949365 0.28390207] 0.6793672409934991 2.491118472555046 2.543256154541303
[ 0.00637174 -0.0684837   0.00414973] [ 0.43506883 -0.05155959  0.89891975] [ 0.43506883 -0.89891975 -0.05155959] [ 0.89891975 -0.05155959 -0.43506883] 0.6493752669436901 2.52784891815666 2.5640640844404965
[ 0.00637174 -0.0684837   0.00414973] [-0.35819306 -0.25770734  0.89737654] [-0.35819306 -0.89737654 -0.25770734] [ 0.89737654 -0.25770734  0.35819306] 0.5210176455223733 2.659679998318485 2.5721137494133797
[ 0.01751112 -0.09337182  0.01307747] [0.09067919 0.43504014 0.89583333] [ 0.09067919 -0.89583333  0.43504014] [ 0.89583333  0.43504014 -0.09067919] 0.7786701457316773 2.415468592546271 2.478401057674744
[ 0.00637174 -0.0684837   0.00414973] [ 0.2285836  -0.38470081  0.89429012] [ 0.2285836  -0.89429012 -0.38470081] [ 0.89429012 -0.38470081 -0.2285836 ] 0.595661517060307 2.6027766674337376 2.4142402339677544
[0.00637174 0.01265345 0.00335725] [-0.43135205  0.13014745  0.89274691] [-0.43135205 -0.89274691  0.13014745] [0.89274691 0.13014745 0.43135205] 0.6117576992084696 2.481745921961195 2.590979958729689
[ 0.00637174 -0.0684837   0.00414973] [0.40872247 0.19672799 0.8912037 ] [ 0.40872247 -0.8912037   0.19672799] [ 0.8912037   0.19672799 -0.40872247] 0.6407076616906191 2.457607875606927 2.570184940047852
[ 0.00637174 -0.0684837   0.00414973] [-0.16961291 -0.42395244  0.88966049] [-0.16961291 -0.88966049 -0.42395244] [ 0.88966049 -0.42395244  0.16961291] 0.4563049984145967 2.3775157847196597 2.7119152217442815
[ 0.01789665 -0.0846185   0.00479608] [-0.16236625  0.42998243  0.88811728] [-0.16236625 -0.88811728  0.42998243] [0.88811728 0.42998243 0.16236625] 0.7011584637012375 2.391946939647765 2.5284969662662125
[ 0.00483509 -0.00548085  0.00270597] [ 0.41282306 -0.20871879  0.88657407] [ 0.41282306 -0.88657407 -0.20871879] [ 0.88657407 -0.20871879 -0.41282306] 0.5141346613499053 2.3848770324028314 2.6651087086891776
[0.00495156 0.03365185 0.00452824] [-0.44822659 -0.12575093  0.88503086] [-0.44822659 -0.88503086 -0.12575093] [ 0.88503086 -0.12575093  0.44822659] 0.004757576576302227 2.4992939350602152 3.135242459318388
[ 0.01789665 -0.0846185   0.00479608] [0.24710618 0.39798002 0.88348765] [ 0.24710618 -0.88348765  0.39798002] [ 0.88348765  0.39798002 -0.24710618] 0.9207353633258494 2.356679846988359 2.3958462928982365
[ 0.00637174 -0.0684837   0.00414973] [ 0.08715928 -0.46322484  0.88194444] [ 0.08715928 -0.88194444 -0.46322484] [ 0.88194444 -0.46322484 -0.08715928] 0.8030843344212715 2.461093390063748 2.4633811936137007
[ 0.00637174 -0.0684837   0.00414973] [-0.37947392  0.28441731  0.88040123] [-0.37947392 -0.88040123  0.28441731] [0.88040123 0.28441731 0.37947392] 0.6990130412858107 2.425863455053986 2.529936731185913
[ 0.00637174 -0.0684837   0.00414973] [0.47477343 0.04689097 0.87885802] [ 0.47477343 -0.87885802  0.04689097] [ 0.87885802  0.04689097 -0.47477343] 0.6620912604259368 2.555171677962033 2.4953474073041626
[0.00637174 0.01265345 0.00335725] [-0.3202988  -0.3573897   0.87731481] [-0.3202988  -0.87731481 -0.3573897 ] [ 0.87731481 -0.3573897   0.3202988 ] 0.39557053216251276 2.40668271156367 2.76331795231933
[ 0.0202016  -0.0684837   0.00422169] [-0.00526557  0.48269698  0.8757716 ] [-0.00526557 -0.8757716   0.48269698] [0.8757716  0.48269698 0.00526557] 0.8577987471230764 2.3733521569195597 2.4309957491055556
[ 0.00637174 -0.0684837   0.00414973] [ 0.33184619 -0.35440488  0.8742284 ] [ 0.33184619 -0.8742284  -0.35440488] [ 0.8742284  -0.35440488 -0.33184619] 0.4814687303627484 2.4625130789051344 2.691287007450176
[0.00637174 0.01265345 0.00335725] [-0.48685038  0.03738019  0.87268519] [-0.48685038 -0.87268519  0.03738019] [0.87268519 0.03738019 0.48685038] 0.5037887620935454 2.4568708980670557 2.673325977123088
[ 0.00637174 -0.0684837   0.00414973] [0.38640066 0.30299536 0.87114198] [ 0.38640066 -0.87114198  0.30299536] [ 0.87114198  0.30299536 -0.38640066] 0.668874366971086 2.4003001974537286 2.550470545504456
[ 0.00637174 -0.0684837   0.00414973] [-0.08069521 -0.48712039  0.86959877] [-0.08069521 -0.86959877 -0.48712039] [ 0.86959877 -0.48712039  0.08069521] 0.5974682927168092 2.479500950503026 2.6014441285896197
[ 0.00616769 -0.09013808  0.01079951] [-0.27102127  0.41596517  0.86805556] [-0.27102127 -0.86805556  0.41596517] [0.86805556 0.41596517 0.27102127] 0.5917239263761718 2.4185215692189326 2.6056880723397113
[ 0.00637174 -0.0684837   0.00414973] [ 0.48342694 -0.12431714  0.86651235] [ 0.48342694 -0.86651235 -0.12431714] [ 0.86651235 -0.12431714 -0.48342694] 0.5661851435895681 2.624815551226752 2.51728632116782
[0.00495156 0.03365185 0.00452824] [-0.44279441 -0.23613874  0.86496914] [-0.44279441 -0.86496914 -0.23613874] [ 0.86496914 -0.23613874  0.44279441] 0.10489450871769952 2.48725738905163 3.03548768443387
[ 0.01751112 -0.09337182  0.01307747] [0.16787543 0.4757242  0.86342593] [ 0.16787543 -0.86342593  0.4757242 ] [ 0.86342593  0.4757242  -0.16787543] 0.7434997674807274 2.405008077070726 2.500672036548389
[ 0.00637174 -0.0684837   0.00414973] [ 0.19859171 -0.46660424  0.86188272] [ 0.19859171 -0.86188272 -0.46660424] [ 0.86188272 -0.46660424 -0.19859171] 0.46296371893408805 2.5732056688941434 2.7064178935090784
[ 0.00483509 -0.00548085  0.00270597] [-0.4640013   0.21099462  0.86033951] [-0.4640013  -0.86033951  0.21099462] [0.86033951 0.21099462 0.4640013 ] 0.7592655687837913 2.414745202415731 2.490595252352003
[ 0.00637174 -0.0684837   0.00414973] [0.48713311 0.15865135 0.8587963 ] [ 0.48713311 -0.8587963   0.15865135] [ 0.8587963   0.15865135 -0.48713311] 0.6687558658744247 2.5505524220872333 2.4927176198854104
[0.0363365  0.0605953  0.00576293] [-0.2532976  -0.4482828   0.85725309] [-0.2532976  -0.85725309 -0.4482828 ] [ 0.85725309 -0.4482828   0.2532976 ] 0.4765864895297779 2.6317506869934486 2.6952580266337374
[0.0202016  0.0421554  0.00428551] [-0.11661398  0.50414461  0.85570988] [-0.11661398 -0.85570988  0.50414461] [0.85570988 0.50414461 0.11661398] 0.6748979658029152 2.5463204330916556 2.3619999159870533
[ 0.00483509 -0.00548085  0.00270597] [ 0.42862883 -0.29440896  0.85416667] [ 0.42862883 -0.85416667 -0.29440896] [ 0.85416667 -0.29440896 -0.42862883] 0.5600924451664052 2.393437830652802 2.6294413054255585
[ 0.0432514  -0.0154691   0.00465466] [-0.51742981 -0.0727986   0.85262346] [-0.51742981 -0.85262346 -0.0727986 ] [ 0.85262346 -0.0727986   0.51742981] 0.7544773846218041 2.4936395180646937 2.3587292767962333
[0.01789665 0.0536803  0.00389039] [0.33395829 0.40513488 0.85108025] [ 0.33395829 -0.85108025  0.40513488] [ 0.85108025  0.40513488 -0.33395829] 0.8854252803510665 2.4152958336756924 2.412737397694463
[ 0.00637174 -0.0684837   0.00414973] [ 0.02754442 -0.52680938  0.84953704] [ 0.02754442 -0.84953704 -0.52680938] [ 0.84953704 -0.52680938 -0.02754442] 0.6076654697736464 2.5939631809683332 2.4991766503190243
[ 0.00637174 -0.0684837   0.00414973] [-0.37793139  0.37158355  0.84799383] [-0.37793139 -0.84799383  0.37158355] [0.84799383 0.37158355 0.37793139] 0.7084322120246817 2.3593462473347584 2.5236372227542296
[0.00637174 0.01265345 0.00335725] [ 0.53213552 -0.01879202  0.84645062] [ 0.53213552 -0.84645062 -0.01879202] [ 0.84645062 -0.01879202 -0.53213552] 0.7292657569940867 2.3676796433209573 2.5099013997924557
[0.0109817 0.0605953 0.0053826] [-0.4069343  -0.34718287  0.84490741] [-0.4069343  -0.84490741 -0.34718287] [ 0.84490741 -0.34718287  0.4069343 ] 0.15668788797939537 2.547646380437632 2.9845758345132256
[ 0.0202016  -0.0684837   0.00422169] [0.06583975 0.5332935  0.8433642 ] [ 0.06583975 -0.8433642   0.5332935 ] [ 0.8433642   0.5332935  -0.06583975] 0.9193516562067922 2.3678689701042837 2.396595668561055
[ 0.00637174 -0.0684837   0.00414973] [ 0.31308691 -0.4396749   0.84182099] [ 0.31308691 -0.84182099 -0.4396749 ] [ 0.84182099 -0.4396749  -0.31308691] 0.480312384880184 2.69222616690329 2.6366220434155334
[ 0.0432514  -0.0154691   0.00465466] [-0.53020307  0.11321646  0.84027778] [-0.53020307 -0.84027778  0.11321646] [0.84027778 0.11321646 0.53020307] 0.826640708427811 2.4492244922476694 2.36368752492168
[ 0.00637174 -0.0684837   0.00414973] [0.46948758 0.27587268 0.83873457] [ 0.46948758 -0.83873457  0.27587268] [ 0.83873457  0.27587268 -0.46948758] 0.7576269070893769 2.491635513567945 2.4750657052184306
[ 0.00637174 -0.0684837   0.00414973] [-0.16053175 -0.52281946  0.83719136] [-0.16053175 -0.83719136 -0.52281946] [ 0.83719136 -0.52281946  0.16053175] 0.8996585335398154 2.407373585751367 2.366355199351743
[ 0.00616769 -0.09013808  0.01079951] [-0.23579938  0.49607542  0.83564815] [-0.23579938 -0.83564815  0.49607542] [0.83564815 0.49607542 0.23579938] 0.5469706844229087 2.368063182837752 2.639485533853411
[ 0.00483509 -0.00548085  0.00270597] [ 0.51113419 -0.20739042  0.83410494] [ 0.51113419 -0.83410494 -0.20739042] [ 0.83410494 -0.20739042 -0.51113419] 0.6643423624716622 2.494665181741286 2.553608256793811
[ 0.00483509 -0.00548085  0.00270597] [-0.51916513 -0.19315418  0.83256173] [-0.51916513 -0.83256173 -0.19315418] [ 0.83256173 -0.19315418  0.51916513] 0.4509550153085724 2.4459425420808016 2.7163521662407346
[ 0.00637174 -0.0684837   0.00414973] [ 0.14825011 -0.53850963  0.82947531] [ 0.14825011 -0.82947531 -0.53850963] [ 0.82947531 -0.53850963 -0.14825011] 0.7218227971820919 2.5147775119911837 2.3875896605023206
[ 0.00637174 -0.0408239   0.00263993] [-0.47500835  0.29815349  0.8279321 ] [-0.47500835 -0.8279321   0.29815349] [0.8279321  0.29815349 0.47500835] 0.5557776101606271 2.3665879547723407 2.6327318283676107
[0.0109817 0.0605953 0.0053826] [0.55389048 0.10142356 0.82638889] [ 0.55389048 -0.82638889  0.10142356] [ 0.82638889  0.10142356 -0.55389048] 0.72219433725521 2.4009617972019974 2.514533286026271
[ 0.00637174 -0.0684837   0.00414973] [-0.34127408 -0.45073452  0.82484568] [-0.34127408 -0.82484568 -0.45073452] [ 0.82484568 -0.45073452  0.34127408] 0.502554275804948 2.6743110588437067 2.556412903329059
[ 0.00483509 -0.00548085  0.00270597] [ 0.42249183 -0.38237727  0.82175926] [ 0.42249183 -0.82175926 -0.38237727] [ 0.82175926 -0.38237727 -0.42249183] 0.5874367390397542 2.3726050148867857 2.6088694107814243
[ 0.0432514  -0.0154691   0.00465466] [-0.57204347 -0.00344941  0.82021605] [-0.57204347 -0.82021605 -0.00344941] [ 0.82021605 -0.00344941  0.57204347] 0.8740076895232857 2.4186287383964906 2.421732293388059
[ 0.00616769 -0.09013808  0.01079951] [0.42109487 0.39045344 0.81867284] [ 0.42109487 -0.81867284  0.39045344] [ 0.81867284  0.39045344 -0.42109487] 0.9141719505036056 2.3709714629911796 2.399410037167317
[ 0.00637174 -0.0684837   0.00414973] [-0.04693336 -0.57454019  0.81712963] [-0.04693336 -0.81712963 -0.57454019] [ 0.81712963 -0.57454019  0.04693336] 0.7048493095053227 2.5260268745910888 2.5192412177937986
[0.0202016  0.0421554  0.00428551] [-0.35482674  0.45707415  0.81558642] [-0.35482674 -0.81558642  0.45707415] [0.81558642 0.45707415 0.35482674] 0.627682593344579 2.579473954137057 2.5351814119119163
[0.00637174 0.01265345 0.00335725] [ 0.57252546 -0.09771515  0.81404321] [ 0.57252546 -0.81404321 -0.09771515] [ 0.81404321 -0.09771515 -0.57252546] 0.8002888755323724 2.4074203191230765 2.46508293897873
[ 0.00483509 -0.00548085  0.00270597] [-0.48998095 -0.31585189  0.8125    ] [-0.48998095 -0.8125     -0.31585189] [ 0.8125     -0.31585189  0.48998095] 0.5282040654737269 2.466036051322713 2.6540445502552465
[ 0.00637174 -0.0684837   0.00414973] [ 0.2738001  -0.5195028   0.80941358] [ 0.2738001  -0.80941358 -0.5195028 ] [ 0.80941358 -0.5195028  -0.2738001 ] 0.5429472615745095 2.6425876800861365 2.6019719377358395
[ 0.0202016  -0.0684837   0.00422169] [-0.55480762  0.19883152  0.80787037] [-0.55480762 -0.80787037  0.19883152] [0.80787037 0.19883152 0.55480762] 0.9788780054128291 2.3652751537311913 2.3602902263911694
[ 0.00637174 -0.0684837   0.00414973] [0.54535172 0.22897165 0.80632716] [ 0.54535172 -0.80632716  0.22897165] [ 0.80632716  0.22897165 -0.54535172] 0.61784846650729 2.5865598973970165 2.4059695338166387
[0.0363365  0.0605953  0.00576293] [-0.24833504 -0.53912197  0.80478395] [-0.24833504 -0.80478395 -0.53912197] [ 0.80478395 -0.53912197  0.24833504] 0.39341205997243545 2.5569987142514585 2.765185751022517
[ 0.00483509 -0.00548085  0.00270597] [ 0.51896042 -0.29658245  0.80169753] [ 0.51896042 -0.80169753 -0.29658245] [ 0.80169753 -0.29658245 -0.51896042] 0.7055705150069155 2.4923838931037 2.525545210673563
[ 0.03899165 -0.0154691   0.00297227] [-0.58501723 -0.13231745  0.80015432] [-0.58501723 -0.80015432 -0.13231745] [ 0.80015432 -0.13231745  0.58501723] 0.8423510405991234 2.4150098229001324 2.4399633459815098
[ 0.01751112 -0.09337182  0.01307747] [0.34316506 0.49442698 0.79861111] [ 0.34316506 -0.79861111  0.49442698] [ 0.79861111  0.49442698 -0.34316506] 0.822569132117198 2.366301021156893 2.451648089363678
[ 0.00637174 -0.0684837   0.00414973] [ 0.08121605 -0.59840347  0.7970679 ] [ 0.08121605 -0.7970679  -0.59840347] [ 0.7970679  -0.59840347 -0.08121605] 0.5265211486385438 2.655361271865846 2.4022794962746907
[0.0202016  0.0421554  0.00428551] [-0.46566316  0.38768323  0.79552469] [-0.46566316 -0.79552469  0.38768323] [0.79552469 0.38768323 0.46566316] 0.5471031947403623 2.4537631750687 2.639383543953636
[0.0109817 0.0605953 0.0053826] [0.60726029 0.02878106 0.79398148] [ 0.60726029 -0.79398148  0.02878106] [ 0.79398148  0.02878106 -0.60726029] 0.7702807059752984 2.434495570143448 2.4836450826941228
[0.0109817 0.0605953 0.0053826] [-0.4297498  -0.43284719  0.79243827] [-0.4297498  -0.79243827 -0.43284719] [ 0.79243827 -0.43284719  0.4297498 ] 0.34567861327152377 2.4748324930138463 2.807180143550563
[ 0.00483509 -0.00548085  0.00270597] [ 0.39619284 -0.46899348  0.78935185] [ 0.39619284 -0.78935185 -0.46899348] [ 0.78935185 -0.46899348 -0.39619284] 0.621616412132802 2.397827551808777 2.583837527417404
[ 0.0432514  -0.0154691   0.00465466] [-0.61090369  0.07844884  0.78780864] [-0.61090369 -0.78780864  0.07844884] [0.78780864 0.07844884 0.61090369] 0.8017306045938483 2.3682817418616042 2.464204701548656
[ 0.00637174 -0.0684837   0.00414973] [0.5050621  0.35594795 0.78626543] [ 0.5050621  -0.78626543  0.35594795] [ 0.78626543  0.35594795 -0.5050621 ] 0.8349390817399637 2.413489088086027 2.4443148170730953
[0.03606015 0.0640758  0.01129108] [-0.13239606 -0.60554299  0.78472222] [-0.13239606 -0.78472222 -0.60554299] [ 0.78472222 -0.60554299  0.13239606] 0.6515399950635938 2.56254294352231 2.522495156782974
[0.0202016  0.0421554  0.00428551] [-0.31239272  0.53762573  0.78317901] [-0.31239272 -0.78317901  0.53762573] [0.78317901 0.53762573 0.31239272] 0.8440370520205717 2.3636535795280103 2.4389779368470763
[0.00637174 0.01265345 0.00335725] [ 0.59536023 -0.18598835  0.7816358 ] [ 0.59536023 -0.7816358  -0.18598835] [ 0.7816358  -0.18598835 -0.59536023] 0.8324181749301275 2.420085974483901 2.4458020604281687
[ 0.03899165 -0.0154691   0.00297227] [-0.56637964 -0.26583764  0.78009259] [-0.56637964 -0.78009259 -0.26583764] [ 0.78009259 -0.26583764  0.56637964] 0.8691048603897428 2.4245186109478634 2.3762541127892867
[0.03606015 0.0640758  0.01129108] [ 0.21662121 -0.59104709  0.77700617] [ 0.21662121 -0.77700617 -0.59104709] [ 0.77700617 -0.59104709 -0.21662121] 0.7836015204103618 2.475338419499238 2.4509504499054753
[0.0202016  0.0421554  0.00428551] [-0.56066354  0.29036802  0.77546296] [-0.56066354 -0.77546296  0.29036802] [0.77546296 0.29036802 0.56066354] 0.48684179882349043 2.3981810435058266 2.686934254345355
[0.00182109 0.05307781 0.00770814] [0.61138186 0.16510735 0.77391975] [ 0.61138186 -0.77391975  0.16510735] [ 0.77391975  0.16510735 -0.61138186] 0.9568197178636951 2.3732756362672793 2.3766648172402354
[ 0.00637174 -0.0684837   0.00414973] [-0.34029343 -0.536316    0.77237654] [-0.34029343 -0.77237654 -0.536316  ] [ 0.77237654 -0.536316    0.34029343] 0.5326000765821317 2.650613722182609 2.4985083789136797
[0.00637174 0.01265345 0.00335725] [ 0.50747854 -0.38814719  0.76929012] [ 0.50747854 -0.76929012 -0.38814719] [ 0.76929012 -0.38814719 -0.50747854] 0.6742752780826474 2.3630148056468503 2.546748377424424
[ 0.00637174 -0.0684837   0.00414973] [-0.63823486 -0.05675335  0.76774691] [-0.63823486 -0.76774691 -0.05675335] [ 0.76774691 -0.05675335  0.63823486] 0.4334630859537769 2.376295166800079 2.730982936408965
[ 0.01789665 -0.0777036   0.00412968] [0.43352259 0.47433115 0.7662037 ] [ 0.43352259 -0.7662037   0.47433115] [ 0.7662037   0.47433115 -0.43352259] 0.9334883244349114 2.3659893642317713 2.3889881102816304
[0.01657953 0.06893396 0.02180286] [ 7.42135451e-04 -6.44432912e-01  7.64660494e-01] [ 7.42135451e-04 -7.64660494e-01 -6.44432912e-01] [ 7.64660494e-01 -6.44432912e-01 -7.42135451e-04] 0.11041602196605987 2.565165305375074 3.030029443552189
[0.0363365  0.0536803  0.00388651] [-0.63299238  0.16938012  0.75540123] [-0.63299238 -0.75540123  0.16938012] [0.75540123 0.16938012 0.63299238] 0.673744462850528 2.40400585469935 2.547113377175337
[ 0.00637174 -0.0684837   0.00414973] [0.58273763 0.30350442 0.75385802] [ 0.58273763 -0.75385802  0.30350442] [ 0.75385802  0.30350442 -0.58273763] 0.6150026519016608 2.5886221111808685 2.5209669984102527
[0.03665878 0.06583244 0.02124905] [-0.22528235 -0.61908827  0.75231481] [-0.22528235 -0.75231481 -0.61908827] [ 0.75231481 -0.61908827  0.22528235] 0.6297857910843744 2.5229803248600975 2.577966616834616
[0.0294216  0.0144957  0.00203064] [-0.6333866  -0.19947     0.74768519] [-0.6333866  -0.74768519 -0.19947   ] [ 0.74768519 -0.19947     0.6333866 ] 0.7472906602663965 2.3672641333386855 2.4982351248363037
[ 0.00637174 -0.0592637   0.00410289] [ 0.14407855 -0.65177761  0.74459877] [ 0.14407855 -0.74459877 -0.65177761] [ 0.74459877 -0.65177761 -0.14407855] 0.7775259975900916 2.4791137287167615 2.356549404766368
[ 0.00637174 -0.0684837   0.00414973] [0.52110725 0.43587869 0.7337963 ] [ 0.52110725 -0.7337963   0.43587869] [ 0.7337963   0.43587869 -0.52110725] 0.8372609095469578 2.3877703412186677 2.4429482827383406
[0.02460205 0.06856482 0.04148602] [-0.09003631 -0.67505472  0.73225309] [-0.09003631 -0.73225309 -0.67505472] [ 0.73225309 -0.67505472  0.09003631] 0.2930883813136388 2.5001667331621764 2.8548961398526007
[0.0202016  0.0421554  0.00428551] [-0.39055002  0.55994085  0.73070988] [-0.39055002 -0.73070988  0.55994085] [0.73070988 0.55994085 0.39055002] 0.8416986267930242 2.417237672186367 2.4403450964747964
[ 0.00637174 -0.0684837   0.00414973] [ 0.6678223  -0.14943006  0.72916667] [ 0.6678223  -0.72916667 -0.14943006] [ 0.72916667 -0.14943006 -0.6678223 ] 0.7665418326695204 2.4859959021564837 2.4240345184293486
[ 0.03899165 -0.0154691   0.00297227] [-0.59479246 -0.34173972  0.72762346] [-0.59479246 -0.72762346 -0.34173972] [ 0.72762346 -0.34173972  0.59479246] 0.8850998370983106 2.360442181517153 2.415478288749642
[0.03606015 0.0640758  0.01129108] [ 0.2898014  -0.62534889  0.72453704] [ 0.2898014  -0.72453704 -0.62534889] [ 0.72453704 -0.62534889 -0.2898014 ] 0.7892239917281512 2.4613309682918434 2.471864420645536
[0.0294216  0.0421554  0.00366683] [-0.63760149  0.26597794  0.72299383] [-0.63760149 -0.72299383  0.26597794] [0.72299383 0.26597794 0.63760149] 0.7455892371324229 2.393135011021331 2.499327761099557
[ 0.00637175 -0.0777036   0.00403013] [0.65132868 0.23511689 0.72145062] [ 0.65132868 -0.72145062  0.23511689] [ 0.72145062  0.23511689 -0.65132868] 0.8378652913439419 2.428913877846514 2.4425930799406244
[0.01657953 0.06893396 0.02180286] [-0.32219502 -0.61475499  0.71990741] [-0.32219502 -0.71990741 -0.61475499] [ 0.71990741 -0.61475499  0.32219502] 0.5881251193712792 2.4617999302316766 2.60835778887171
[0.01789665 0.0536803  0.00389039] [ 0.58691575 -0.37642739  0.71682099] [ 0.58691575 -0.71682099 -0.37642739] [ 0.71682099 -0.37642739 -0.58691575] 0.6509601499748138 2.528293301291586 2.5629501018941654
[0.01657953 0.06893396 0.02180286] [ 0.0587651  -0.69952136  0.71219136] [ 0.0587651  -0.71219136 -0.69952136] [ 0.71219136 -0.69952136 -0.0587651 ] 0.573228491239908 2.4999592803515718 2.619498075185697
[ 0.00637174 -0.0684837   0.00414973] [ 0.70509807 -0.00262769  0.70910494] [ 0.70509807 -0.70910494 -0.00262769] [ 0.70910494 -0.00262769 -0.70509807] 0.7018850322940827 2.5280100333218103 2.359843543015544
[0.0363365  0.0605953  0.00576293] [-0.52283811 -0.47539111  0.70756173] [-0.52283811 -0.70756173 -0.47539111] [ 0.70756173 -0.47539111  0.52283811] 0.5024905138688242 2.4018848788436076 2.674361965408325
[0.0294216  0.0144957  0.00203064] [ 0.42972438 -0.56484644  0.70447531] [ 0.42972438 -0.70447531 -0.56484644] [ 0.70447531 -0.56484644 -0.42972438] 0.786846470988572 2.4291436785605653 2.4733311213258675
[0.0386415  0.0421554  0.00410744] [-0.69991777  0.12649737  0.7029321 ] [-0.69991777 -0.7029321   0.12649737] [0.7029321  0.12649737 0.69991777] 0.5807307576066815 2.3723789588188273 2.613869569328112
[0.03594935 0.06668333 0.06220304] [-0.18800321 -0.68910871  0.69984568] [-0.18800321 -0.69984568 -0.68910871] [ 0.69984568 -0.68910871  0.18800321] 0.3693907008453972 2.392637863265839 2.786156117415124
[0.03606015 0.0640758  0.01129108] [ 0.21344705 -0.68949034  0.69212963] [ 0.21344705 -0.69212963 -0.68949034] [ 0.69212963 -0.68949034 -0.21344705] 0.6403758367342887 2.4502677805226467 2.570420227881188
[ 0.0109817 -0.0925969  0.0146644] [0.52076884 0.51438616 0.68132716] [ 0.52076884 -0.68132716  0.51438616] [ 0.68132716  0.51438616 -0.52076884] 0.7922083510197898 2.3931451951487706 2.4700281536331623
[0.0363365  0.06630662 0.2117405 ] [-0.03660742 -0.73249824  0.67978395] [-0.03660742 -0.67978395 -0.73249824] [ 0.67978395 -0.73249824  0.03660742] 0.4274182538591971 2.452994126095061 2.7360828541554727
[-0.01210382 -0.00727791  0.05167965] [ 0.72931494 -0.10089683  0.67669753] [ 0.72931494 -0.67669753 -0.10089683] [ 0.67669753 -0.10089683 -0.72931494] 0.9406593860696898 2.3851698644058494 2.366474423390515
[0.0294216  0.02259165 0.00340163] [ 0.36576034 -0.643851    0.6720679 ] [ 0.36576034 -0.6720679  -0.643851  ] [ 0.6720679  -0.643851   -0.36576034] 0.8309272696992115 2.3660152942522035 2.4466833770839767
[0.0524714  0.0444604  0.00457658] [-0.70594537  0.22811789  0.67052469] [-0.70594537 -0.67052469  0.22811789] [0.67052469 0.22811789 0.70594537] 0.9898082247142315 2.3579869467520287 2.35972378053378
[ 0.00637175 -0.0777036   0.00403013] [0.67589925 0.30923128 0.66898148] [ 0.67589925 -0.66898148  0.30923128] [ 0.66898148  0.30923128 -0.67589925] 0.8301069407080016 2.4471688481911045 2.416962370285149
[0.0363365  0.06630662 0.2117405 ] [-0.29004421 -0.6858575   0.66743827] [-0.29004421 -0.66743827 -0.6858575 ] [ 0.66743827 -0.6858575   0.29004421] 0.5819341461791907 2.4369549069706076 2.6129701404297996
[0.01789665 0.0536803  0.00389039] [ 0.66030782 -0.35018595  0.66435185] [ 0.66030782 -0.66435185 -0.35018595] [ 0.66435185 -0.35018595 -0.66030782] 0.5711818571160238 2.621039890154923 2.4690829414271565
[0.0363365  0.06630012 0.201368  ] [ 0.12452676 -0.74112055  0.65972222] [ 0.12452676 -0.65972222 -0.74112055] [ 0.65972222 -0.74112055 -0.12452676] 0.41712596046766864 2.410638261924837 2.7448175931935856
[ 0.0109817 -0.0925969  0.0146644] [0.60777771 0.45772197 0.64891975] [ 0.60777771 -0.64891975  0.45772197] [ 0.64891975  0.45772197 -0.60777771] 0.8006501829051216 2.4648627305063826 2.3589356417715495
[0.04587992 0.06482171 0.2118331 ] [-0.13920953 -0.74934926  0.64737654] [-0.13920953 -0.64737654 -0.74934926] [ 0.64737654 -0.74934926  0.13920953] 0.659283802263313 2.3935245215948315 2.557126041189879
[0.01741211 0.06992408 0.08153102] [ 0.28716155 -0.71300259  0.63966049] [ 0.28716155 -0.63966049 -0.71300259] [ 0.63966049 -0.71300259 -0.28716155] 0.37957609199203235 2.4041288006307484 2.7772234616249554
[0.02999116 0.06761164 0.2117405 ] [-0.39306757 -0.66500653  0.63503086] [-0.39306757 -0.63503086 -0.66500653] [ 0.63503086 -0.66500653  0.39306757] 0.6795925101599374 2.3966703628482335 2.5431020392915076
[-0.01712719 -0.07661189  0.0076144 ] [ 0.63015063 -0.45117225  0.63194444] [ 0.63015063 -0.63194444 -0.45117225] [ 0.63194444 -0.45117225 -0.63015063] 0.9411552435319955 2.3849068528226924 2.3565495738139792
[0.04587992 0.06482171 0.2118331 ] [ 0.02548026 -0.77834882  0.62731481] [ 0.02548026 -0.62731481 -0.77834882] [ 0.62731481 -0.77834882 -0.02548026] 0.5855387295874421 2.3742387405939906 2.6102816539721543
[0.04587992 0.06482171 0.2118331 ] [-0.2461238  -0.74915688  0.61496914] [-0.2461238  -0.61496914 -0.74915688] [ 0.61496914 -0.74915688  0.2461238 ] 0.7290170146644177 2.4043105902020603 2.510063801640874
[0.01789665 0.0605953  0.00459388] [ 0.72697427 -0.3116215   0.61188272] [ 0.72697427 -0.61188272 -0.3116215 ] [ 0.61188272 -0.3116215  -0.72697427] 0.6693143968351577 2.5501665918345595 2.376055883809561
[0.04645315 0.06510189 0.081554  ] [ 0.19589408 -0.76998     0.60725309] [ 0.19589408 -0.60725309 -0.76998   ] [ 0.60725309 -0.76998    -0.19589408] 0.7068081454730584 2.3610625975804926 2.5247194098341907
[0.04587992 0.06482171 0.2118331 ] [-0.35439064 -0.73145684  0.58256173] [-0.35439064 -0.58256173 -0.73145684] [ 0.58256173 -0.73145684  0.35439064] 0.7818669741592683 2.413056247014638 2.4764139918544323
[0.0271166  0.0605953  0.00495176] [ 0.51913223 -0.63942608  0.56712963] [ 0.51913223 -0.56712963 -0.63942608] [ 0.56712963 -0.63942608 -0.51913223] 0.9119929067630979 2.383921079339595 2.400598356373122
[0.03726439 0.06583012 0.031662  ] [ 0.27100918 -0.78661858  0.55478395] [ 0.27100918 -0.55478395 -0.78661858] [ 0.55478395 -0.78661858 -0.27100918] 0.9177053321948294 2.364401150444766 2.3974886169833267
[0.0363365  0.06630662 0.2117405 ] [-0.46106282 -0.69624083  0.55015432] [-0.46106282 -0.55015432 -0.69624083] [ 0.55015432 -0.69624083  0.46106282] 0.8723782026111052 2.4226568429309125 2.400685126728192
[0.0363365  0.06630662 0.2117405 ] [-0.30545101 -0.79101297  0.53009259] [-0.30545101 -0.53009259 -0.79101297] [ 0.53009259 -0.79101297  0.30545101] 0.6418785496252213 2.360193966530697 2.5693552626206064
[0.02839005 0.06748497 0.20134873] [-0.56326441 -0.64394979  0.51774691] [-0.56326441 -0.51774691 -0.64394979] [ 0.51774691 -0.64394979  0.56326441] 0.7039570735521011 2.5266232157174957 2.433997764741118
[0.0271166  0.0605953  0.00495176] [ 0.59352807 -0.61874793  0.51466049] [ 0.59352807 -0.51466049 -0.61874793] [ 0.51466049 -0.61874793 -0.59352807] 0.8058852632339849 2.4616807707116024 2.3837000435813573
[ 0.00616769 -0.09013808  0.01079951] [0.66970651 0.53831697 0.51157407] [ 0.66970651 -0.51157407  0.53831697] [ 0.51157407  0.53831697 -0.66970651] 0.9470817604734744 2.3817733796310048 2.3643593354732793
[0.04587992 0.06482171 0.2118331 ] [-0.41755027 -0.76023762  0.49768519] [-0.41755027 -0.49768519 -0.76023762] [ 0.49768519 -0.76023762  0.41755027] 0.9647688222856564 2.3725313772165784 2.358492246450392
[0.0363365  0.06630662 0.2117405 ] [-0.52577375 -0.71209448  0.46527778] [-0.52577375 -0.46527778 -0.71209448] [ 0.46527778 -0.71209448  0.52577375] 0.8849304960966892 2.386162056969084 2.4155732506599623
[0.0363365  0.06630012 0.201368  ] [-0.58660408 -0.71497591  0.38040123] [-0.58660408 -0.38040123 -0.71497591] [ 0.38040123 -0.71497591  0.58660408] 0.9334150522574003 2.3788507301838755 2.3890272653729734
[ 0.00867673 -0.09283917  0.0411717 ] [ 0.5565123   0.69852196 -0.44984568] [0.5565123  0.44984568 0.69852196] [-0.44984568  0.69852196 -0.5565123 ] 0.9423516638334641 2.362807548788415 2.3842727860241046
[ 0.03230275 -0.07482235  0.23679525] [-0.64606246  0.61437432 -0.4529321 ] [-0.64606246  0.4529321   0.61437432] [-0.4529321   0.61437432  0.64606246] 0.9079251516109065 2.379034201906456 2.4028235757632674
[0.00335042 0.05310486 0.2215651 ] [ 0.75696386  0.46193599 -0.46219136] [0.75696386 0.46219136 0.46193599] [-0.46219136  0.46193599 -0.75696386] 0.9189901118308679 2.35749127738586 2.3967916408385013
[ 0.01658969 -0.08812174  0.23157016] [-0.5475835   0.68161417 -0.48533951] [-0.5475835   0.48533951  0.68161417] [-0.48533951  0.68161417  0.5475835 ] 0.7964920382365885 2.358385765282683 2.4674017221073514
[ 0.00380935 -0.09166928  0.03195177] [ 0.48112449  0.71846994 -0.50231481] [0.48112449 0.50231481 0.71846994] [-0.50231481  0.71846994 -0.48112449] 0.8529228077852795 2.387719891810053 2.433811540718122
[ 0.0259641  -0.08179788  0.235943  ] [-0.67225368  0.54096635 -0.50540123] [-0.67225368  0.50540123  0.54096635] [-0.50540123  0.54096635  0.67225368] 0.8978238194950753 2.4083885097064996 2.3584188515951103
[0.03646812 0.06551238 0.221409  ] [-0.59641001 -0.62107601 -0.50848765] [-0.59641001  0.50848765 -0.62107601] [-0.50848765 -0.62107601  0.59641001] 0.8104926423180454 2.3659953920445216 2.458893771392689
[ 0.00464536 -0.09176851  0.22341857] [-0.44209145  0.73245702 -0.51774691] [-0.44209145  0.51774691  0.73245702] [-0.51774691  0.73245702  0.44209145] 0.8752449483049931 2.371436424834126 2.4210312854345566
[ 0.0039766  -0.09159065  0.02139918] [ 0.31126385  0.79387503 -0.52237654] [0.31126385 0.52237654 0.79387503] [-0.52237654  0.79387503 -0.31126385] 0.6109196950402067 2.39418618020082 2.5915899775250355
[ 0.01658969 -0.08812174  0.23157016] [-0.58046905  0.61140621 -0.53780864] [-0.58046905  0.53780864  0.61140621] [-0.53780864  0.61140621  0.58046905] 0.8618107588092608 2.4286890185800143 2.393681588263463
[0.00335042 0.05310486 0.2215651 ] [ 0.7358806   0.39899431 -0.5470679 ] [0.7358806  0.5470679  0.39899431] [-0.5470679   0.39899431 -0.7358806 ] 0.9240180570284457 2.3940726098159817 2.374526644033714
[-0.00358985 -0.0909381   0.22110329] [-0.33232571  0.76608736 -0.55015432] [-0.33232571  0.55015432  0.76608736] [-0.55015432  0.76608736  0.33232571] 0.8272236396766216 2.3649961990494286 2.4488782958872095
[ 0.00982922 -0.09271388  0.03195177] [ 0.40427658  0.72716932 -0.55478395] [0.40427658 0.55478395 0.72716932] [-0.55478395  0.72716932 -0.40427658] 0.8136723228839876 2.4106688048234535 2.4569776980267313
[ 0.02585257 -0.08772843  0.23252113] [-0.68732953  0.46514381 -0.55787037] [-0.68732953  0.55787037  0.46514381] [-0.55787037  0.46514381  0.68732953] 0.9760088720988289 2.359085665317613 2.3667424446278087
[0.0271233  0.06739151 0.22212538] [-0.52213928 -0.6424158  -0.56095679] [-0.52213928  0.56095679 -0.6424158 ] [-0.56095679 -0.6424158   0.52213928] 0.8946489305733244 2.3661973481936522 2.4101491686935974
[ 0.00709964 -0.09301001  0.21122426] [-0.04887444  0.82535146 -0.5625    ] [-0.04887444  0.5625      0.82535146] [-0.5625      0.82535146  0.04887444] 0.6335226581464849 2.362060154079065 2.575295493128063
[ 0.02492572 -0.09652102  0.09181253] [-0.48112185  0.66586442 -0.57021605] [-0.48112185  0.57021605  0.66586442] [-0.57021605  0.66586442  0.48112185] 0.5537700132396292 2.3713780049637383 2.634266953640151
[ 0.00709964 -0.09301001  0.21122426] [ 0.2347697   0.78385945 -0.57484568] [0.2347697  0.57484568 0.78385945] [-0.57484568  0.78385945 -0.2347697 ] 0.7653869255105618 2.3829168964685756 2.4867237688967876
[-0.00320278 -0.09290015  0.12211246] [-0.22114144  0.78212422 -0.58256173] [-0.22114144  0.58256173  0.78212422] [-0.58256173  0.78212422  0.22114144] 0.6516079158896371 2.3817016994172775 2.5624952646820662
[-0.00131152 -0.09256308  0.16026217] [ 0.48414661  0.64869744 -0.58719136] [0.48414661 0.58719136 0.64869744] [-0.58719136  0.64869744 -0.48414661] 0.9917137630999121 2.358762167894378 2.3569192128984655
[ 0.0329449  -0.06686707  0.23787492] [-0.60220965  0.53750878 -0.59027778] [-0.60220965  0.59027778  0.53750878] [-0.59027778  0.53750878  0.60220965] 0.9000195346880199 2.407174105673011 2.377994752089946
[0.03646812 0.06551238 0.221409  ] [-0.58644831 -0.55135951 -0.5933642 ] [-0.58644831  0.5933642  -0.55135951] [-0.5933642  -0.55135951  0.58644831] 0.8844363684553905 2.3956751378893224 2.4158504354971777
[-0.00320278 -0.09290015  0.12211246] [ 0.05990578  0.80155878 -0.59490741] [0.05990578 0.59490741 0.80155878] [-0.59490741  0.80155878 -0.05990578] 0.595052398179767 2.3934090682881877 2.6032263842361445
[-0.00358985 -0.0909381   0.22110329] [-0.37694847  0.7033881  -0.60262346] [-0.37694847  0.60262346  0.7033881 ] [-0.60262346  0.7033881   0.37694847] 0.936867435705385 2.387185491554571 2.3845143168766922
[-0.00320278 -0.09290015  0.12211246] [ 0.32740981  0.72391056 -0.60725309] [0.32740981 0.60725309 0.72391056] [-0.60725309  0.72391056 -0.32740981] 0.810633392248737 2.3577286663146224 2.4588088294029067
[ 0.03700607 -0.07693746  0.23372134] [-0.69045024  0.3882836  -0.61033951] [-0.69045024  0.61033951  0.3882836 ] [-0.61033951  0.3882836   0.69045024] 0.9358816327062585 2.3877107496912515 2.3610117149185563
[-0.00320278 -0.09290015  0.12211246] [-0.11144739  0.78063592 -0.61496914] [-0.11144739  0.61496914  0.78063592] [-0.61496914  0.78063592  0.11144739] 0.6411409671312763 2.436962972865281 2.569877801996546
[-0.00358985 -0.0909381   0.22110329] [ 0.54916289  0.56081859 -0.61959877] [0.54916289 0.61959877 0.56081859] [-0.61959877  0.56081859 -0.54916289] 0.7402643549592102 2.3620126068381375 2.5027588762390707
[ 0.01605268 -0.08124584  0.2359942 ] [-0.50906877  0.5942324  -0.62268519] [-0.50906877  0.62268519  0.5942324 ] [-0.62268519  0.5942324   0.50906877] 0.8748595964858293 2.3760836935667706 2.421249526486072
[-0.00320278 -0.09290015  0.12211246] [ 0.16107936  0.76192491 -0.62731481] [0.16107936 0.62731481 0.76192491] [-0.62731481  0.76192491 -0.16107936] 0.7005356426454501 2.417805696235614 2.528914634359153
[ 0.02531596 -0.09633673  0.16114667] [-0.27083349  0.72345354 -0.63503086] [-0.27083349  0.63503086  0.72345354] [-0.63503086  0.72345354  0.27083349] 0.4249477992542284 2.4407084253992406 2.73817356789182
[-0.00358985 -0.0909381   0.22110329] [ 0.40731852  0.65186354 -0.63966049] [0.40731852 0.63966049 0.65186354] [-0.63966049  0.65186354 -0.40731852] 0.7298154592467226 2.426325364384036 2.509542640052776
[ 0.03512735 -0.05687999  0.23826346] [-0.6116982   0.46119596 -0.64274691] [-0.6116982   0.64274691  0.46119596] [-0.64274691  0.46119596  0.6116982 ] 0.8448167317077341 2.4385227974065433 2.3677937889312606
[-0.00320278 -0.09290015  0.12211246] [-0.00614399  0.76214557 -0.64737654] [-0.00614399  0.64737654  0.76214557] [-0.64737654  0.76214557  0.00614399] 0.6820542583489013 2.4682162055636914 2.5414199662024197
[ 0.00780589 -0.04733096  0.23760845] [ 0.59798054  0.46616223 -0.65200617] [0.59798054 0.65200617 0.46616223] [-0.65200617  0.46616223 -0.59798054] 0.5957171951294916 2.3609390056306916 2.602735571931344
[ 0.00535553 -0.07731997  0.23580759] [-0.41064994  0.63420842 -0.65509259] [-0.41064994  0.65509259  0.63420842] [-0.65509259  0.63420842  0.41064994] 0.9264808145519912 2.361776288218846 2.392745754593594
[0.0363365 0.0433079 0.234526 ] [-0.66530679 -0.35237375 -0.65817901] [-0.66530679  0.65817901 -0.35237375] [-0.65817901 -0.35237375  0.66530679] 0.8831628599583563 2.4165654471825824 2.376200471572839
[-0.00320278 -0.09290015  0.12211246] [ 0.25209797  0.70796413 -0.65972222] [0.25209797 0.65972222 0.70796413] [-0.65972222  0.70796413 -0.25209797] 0.8357213288978618 2.435872345312457 2.4438540690599693
[ 0.0259641  -0.0765511   0.23739538] [-0.68074005  0.31189371 -0.66280864] [-0.68074005  0.66280864  0.31189371] [-0.66280864  0.31189371  0.68074005] 0.9329880048855652 2.3892555273553255 2.3707647765083326
[-0.00358985 -0.0909381   0.22110329] [-0.16575174  0.72598382 -0.66743827] [-0.16575174  0.66743827  0.72598382] [-0.66743827  0.72598382  0.16575174] 0.7599141330626344 2.490183981679199 2.4082388360435556
[-0.00419402 -0.0673058   0.23486541] [ 0.47262638  0.57004302 -0.6720679 ] [0.47262638 0.6720679  0.57004302] [-0.6720679   0.57004302 -0.47262638] 0.9498678276021123 2.380306722717682 2.361692079980039
[ 0.03837241 -0.0069625   0.23575744] [-0.5245404   0.51867525 -0.67515432] [-0.5245404   0.67515432  0.51867525] [-0.67515432  0.51867525  0.5245404 ] 0.9013082669716538 2.3760421540385908 2.4064625687967127
[0.03646812 0.06551238 0.221409  ] [-0.56038431 -0.47535137 -0.67824074] [-0.56038431  0.67824074 -0.47535137] [-0.67824074 -0.47535137  0.56038431] 0.9062912590372335 2.403719917728083 2.366630765460835
[-0.00320278 -0.09290015  0.12211246] [ 0.09193579  0.72762737 -0.67978395] [0.09193579 0.67978395 0.72762737] [-0.67978395  0.72762737 -0.09193579] 0.7729124541025931 2.442174575757905 2.481995457229605
[ 0.00884137 -0.02732329  0.23713421] [ 0.62965349  0.36757928 -0.68441358] [0.62965349 0.68441358 0.36757928] [-0.68441358  0.36757928 -0.62965349] 0.7623357547622999 2.361540457169049 2.4886506410177276
[ 0.01660269 -0.06686071  0.23816677] [-0.30988231  0.65674706 -0.6875    ] [-0.30988231  0.6875      0.65674706] [-0.6875      0.65674706  0.30988231] 0.6716863546950362 2.3646463288645645 2.548530274298454
[0.0465485  0.05293936 0.23209104] [-0.67857088 -0.25026379 -0.69058642] [-0.67857088  0.69058642 -0.25026379] [-0.69058642 -0.25026379  0.67857088] 0.5872481138062433 2.609009655601475 2.3701389283633736
[ 0.00678584 -0.05695166  0.2380499 ] [ 0.33062986  0.64159214 -0.69212963] [0.33062986 0.69212963 0.64159214] [-0.69212963  0.64159214 -0.33062986] 0.9349051380410985 2.3640596434321552 2.388231557757547
[ 0.0259641  -0.00740166  0.23763425] [-0.60771693  0.38386818 -0.69521605] [-0.60771693  0.69521605  0.38386818] [-0.69521605  0.38386818  0.60771693] 0.5060343211667313 2.6715365954080537 2.391675759784836
[0.03646812 0.06551238 0.221409  ] [-0.43371192 -0.56944502 -0.69830247] [-0.43371192  0.69830247 -0.56944502] [-0.69830247 -0.56944502  0.43371192] 0.72546254547582 2.426157604666242 2.5123886901084838
[-0.00358985 -0.0909381   0.22110329] [-0.06471223  0.7113567  -0.69984568] [-0.06471223  0.69984568  0.7113567 ] [-0.69984568  0.7113567   0.06471223] 0.7424690778932078 2.5013361296179775 2.3963324901924676
[ 0.00661438 -0.06714921  0.23739389] [ 0.52711076 -0.47979982 -0.70138889] [ 0.52711076  0.70138889 -0.47979982] [-0.70138889 -0.47979982 -0.52711076] 0.857583498264008 2.431119766526117 2.3708661355990985
[ 0.00678584 -0.05695166  0.2380499 ] [ 0.52180309  0.48107803 -0.70447531] [0.52180309 0.70447531 0.48107803] [-0.70447531  0.48107803 -0.52180309] 0.5922997154398483 2.435554736171815 2.605261712883437
[0.04624417 0.0433079  0.2331675 ] [-0.43173709  0.55942782 -0.70756173] [-0.43173709  0.70756173  0.55942782] [-0.70756173  0.55942782  0.43173709] 0.795603789393619 2.4679454284546045 2.3953109791428986
[0.04647323 0.06013329 0.22841442] [-0.59241706 -0.37950129 -0.71064815] [-0.59241706  0.71064815 -0.37950129] [-0.71064815 -0.37950129  0.59241706] 0.7525230665857887 2.4708748644331915 2.4948860832184243
[-0.00466229 -0.07691412  0.23416791] [ 0.18007971  0.67849449 -0.71219136] [0.18007971 0.71219136 0.67849449] [-0.71219136  0.67849449 -0.18007971] 0.9350042710289344 2.3881786625778756 2.366819522429798
[0.04624417 0.0433079  0.2331675 ] [-0.65719526  0.23763858 -0.71527778] [-0.65719526  0.71527778  0.23763858] [-0.71527778  0.23763858  0.65719526] 0.701377724615362 2.5283499865747787 2.361121221581811
[0.0259641 0.0433079 0.234836 ] [ 0.64365657  0.26809307 -0.71682099] [0.64365657 0.71682099 0.26809307] [-0.71682099  0.26809307 -0.64365657] 0.5989449762138181 2.3590989112233167 2.6003566136011123
[ 0.00639983 -0.08701914  0.23114136] [-0.20983087  0.66159227 -0.71990741] [-0.20983087  0.71990741  0.66159227] [-0.71990741  0.66159227  0.20983087] 0.6802921332428251 2.4338951341809705 2.542623606156972
[0.05590553 0.05258608 0.22950762] [-0.67426526 -0.15048681 -0.72299383] [-0.67426526  0.72299383 -0.15048681] [-0.72299383 -0.15048681  0.67426526] 0.9467344773917925 2.3623933643589594 2.381956484490896
[ 0.00678584 -0.05695166  0.2380499 ] [ 0.39460315  0.56509684 -0.72453704] [0.39460315 0.72453704 0.56509684] [-0.72453704  0.56509684 -0.39460315] 0.8061707338274566 2.3704829947717454 2.4615077247888526
[0.0363365 0.0433079 0.234526 ] [-0.52593589  0.44040384 -0.72762346] [-0.52593589  0.72762346  0.44040384] [-0.72762346  0.44040384  0.52593589] 0.8856161509967366 2.4151888522147695 2.362339361730842
[0.00608442 0.03304553 0.23102264] [ 0.68365831  0.0304515  -0.72916667] [0.68365831 0.72916667 0.0304515 ] [-0.72916667  0.0304515  -0.68365831] 0.8636678093962445 2.3634745469557035 2.4276243906500086
[0.03646812 0.06551238 0.221409  ] [-0.4823742  -0.48309234 -0.73070988] [-0.4823742   0.73070988 -0.48309234] [-0.73070988 -0.48309234  0.4823742 ] 0.6993193679691101 2.529730981712822 2.409103111505507
[ 0.00709964 -0.09301001  0.21122426] [ 0.02929233  0.68040236 -0.73225309] [0.02929233 0.73225309 0.68040236] [-0.73225309  0.68040236 -0.02929233] 0.4831417984659777 2.576538111572191 2.6899296789623466
[0.0562976  0.04317984 0.22963793] [-0.6719309   0.08823082 -0.73533951] [-0.6719309   0.73533951  0.08823082] [-0.73533951  0.08823082  0.6719309 ] 0.9404303170862761 2.3852914106181364 2.3683564710990828
[0.0259641 0.0433079 0.234836 ] [ 0.55368541  0.38786123 -0.73688272] [0.55368541 0.73688272 0.38786123] [-0.73688272  0.38786123 -0.55368541] 0.7384519340347085 2.4328506985922447 2.5039307124730907
[0.0317265  0.00297074 0.2364865 ] [-0.33628008  0.58254732 -0.73996914] [-0.33628008  0.73996914  0.58254732] [-0.73996914  0.58254732  0.33628008] 0.9426121549127716 2.362152845881324 2.3841348339391444
[0.0363365 0.0433079 0.234526 ] [-0.60662432 -0.28262232 -0.74305556] [-0.60662432  0.74305556 -0.28262232] [-0.74305556 -0.28262232  0.60662432] 0.8930785284970809 2.400834159479797 2.4110221030341643
[ 0.00535553 -0.07731997  0.23580759] [ 0.25573927  0.61657936 -0.74459877] [0.25573927 0.74459877 0.61657936] [-0.74459877  0.61657936 -0.25573927] 0.6079835786833232 2.385193025820702 2.5937308915394968
[0.0363365 0.0433079 0.234526 ] [-0.58879338  0.3070655  -0.74768519] [-0.58879338  0.74768519  0.3070655 ] [-0.74768519  0.3070655   0.58879338] 0.8081645611503462 2.460300456318901 2.3632458794105604
[0.0259641 0.0433079 0.234836 ] [ 0.63989498  0.17085439 -0.7492284 ] [0.63989498 0.7492284  0.17085439] [-0.7492284   0.17085439 -0.63989498] 0.5800211508372632 2.3933206002528054 2.614400379867195
[0.03646812 0.06551238 0.221409  ] [-0.35548648 -0.55675072 -0.7507716 ] [-0.35548648  0.7507716  -0.55675072] [-0.7507716  -0.55675072  0.35548648] 0.7421680023538142 2.40081953042234 2.5015302420575387
[ 0.00464536 -0.09176851  0.22341857] [-0.11365175  0.64892657 -0.75231481] [-0.11365175  0.75231481  0.64892657] [-0.75231481  0.64892657  0.11365175] 0.6093157402168062 2.5927588332663882 2.5832046654308316
[ 0.00661438 -0.06714921  0.23739389] [ 0.52074685 -0.40065047 -0.75385802] [ 0.52074685  0.75385802 -0.40065047] [-0.75385802 -0.40065047 -0.52074685] 0.781930575632149 2.4763745213151767 2.3819132673297423
[0.0465485  0.05293936 0.23209104] [-0.65284973 -0.05618009 -0.75540123] [-0.65284973  0.75540123 -0.05618009] [-0.75540123 -0.05618009  0.65284973] 0.8901900750259614 2.4126312592804418 2.3926581785668537
[0.0259641 0.0433079 0.234836 ] [ 0.44223515  0.48110621 -0.75694444] [0.44223515 0.75694444 0.48110621] [-0.75694444  0.48110621 -0.44223515] 0.6660938571407987 2.5523940617404604 2.359537617190724
[0.0363365 0.0433079 0.234526 ] [-0.43817931  0.47994998 -0.76003086] [-0.43817931  0.76003086  0.47994998] [-0.76003086  0.47994998  0.43817931] 0.14322722161329496 2.9977402870204095 2.431551621727411
[0.0259641 0.0433079 0.234836 ] [ 0.64549943 -0.05775309 -0.76157407] [ 0.64549943  0.76157407 -0.05775309] [-0.76157407 -0.05775309 -0.64549943] 0.6827783815843328 2.375877891133568 2.5409259175041923
[0.04647323 0.06013329 0.22841442] [-0.51353832 -0.39233966 -0.76311728] [-0.51353832  0.76311728 -0.39233966] [-0.76311728 -0.39233966  0.51353832] 0.6482395339087667 2.383157656950327 2.5648633611337597
[0.0317265  0.00297074 0.2364865 ] [ 0.11332432  0.63439099 -0.76466049] [0.11332432 0.76466049 0.63439099] [-0.76466049  0.63439099 -0.11332432] 0.6917502579007068 2.4290890547122883 2.53483226036797
[0.0363365 0.0433079 0.234526 ] [-0.61850214  0.16739109 -0.76774691] [-0.61850214  0.76774691  0.16739109] [-0.76774691  0.16739109  0.61850214] 0.640011051210248 2.5706789689768086 2.359861110888277
[0.0259641 0.0433079 0.234836 ] [ 0.56748886  0.29351166 -0.76929012] [0.56748886 0.76929012 0.29351166] [-0.76929012  0.29351166 -0.56748886] 0.7358613720479524 2.4510196947703555 2.5056091901753383
[0.03611705 0.01330395 0.23564888] [-0.24135555  0.58752189 -0.77237654] [-0.24135555  0.77237654  0.58752189] [-0.77237654  0.58752189  0.24135555] 0.7629451219810993 2.488265360700351 2.4213266020054
[ 0.00535553 -0.07731997  0.23580759] [ 0.57313086 -0.26938678 -0.77391975] [ 0.57313086  0.77391975 -0.26938678] [-0.77391975 -0.26938678 -0.57313086] 0.7956087252335099 2.4380560298042173 2.467942405875191
[0.0363365 0.0433079 0.234526 ] [-0.60277209 -0.18794413 -0.77546296] [-0.60277209  0.77546296 -0.18794413] [-0.77546296 -0.18794413  0.60277209] 0.866720580603218 2.4164814030827646 2.425878513793823
[0.0236591 0.0191056 0.2365595] [ 0.31655545  0.5441085  -0.77700617] [0.31655545 0.77700617 0.5441085 ] [-0.77700617  0.5441085  -0.31655545] 0.8133434673296973 2.4571755897862255 2.363923244830369
[0.0363365 0.0433079 0.234526 ] [-0.5112215   0.36070503 -0.78009259] [-0.5112215   0.78009259  0.36070503] [-0.78009259  0.36070503  0.5112215 ] 0.8528238329721151 2.3789177929915115 2.4338688379393627
[0.0259641 0.0433079 0.234836 ] [ 0.61869817  0.07910785 -0.7816358 ] [0.61869817 0.7816358  0.07910785] [-0.7816358   0.07910785 -0.61869817] 0.749962307145814 2.4069117855185107 2.4965230150698527
[0.03646812 0.06551238 0.221409  ] [-0.40152022 -0.47477589 -0.78317901] [-0.40152022  0.78317901 -0.47477589] [-0.78317901 -0.47477589  0.40152022] 0.7487226948839959 2.497316867805371 2.4310242577812096
[0.0259641  0.00297075 0.2370283 ] [-0.02456077  0.6193608  -0.78472222] [-0.02456077  0.78472222  0.6193608 ] [-0.78472222  0.6193608   0.02456077] 0.6858270850428061 2.5388495259531787 2.4398031449839106
[ 0.01660269 -0.06686071  0.23816677] [ 0.43510328 -0.43871609 -0.78626543] [ 0.43510328  0.78626543 -0.43871609] [-0.78626543 -0.43871609 -0.43510328] 0.9282288003919671 2.3918059705517587 2.386618530158162
[0.0363365 0.0433079 0.234526 ] [-0.61521353  0.02949327 -0.78780864] [-0.61521353  0.78780864  0.02949327] [-0.78780864  0.02949327  0.61521353] 0.6404279937547224 2.570383240093137 2.3624304081082412
[0.0259641 0.0433079 0.234836 ] [ 0.47204014  0.39255797 -0.78935185] [0.47204014 0.78935185 0.39255797] [-0.78935185  0.39255797 -0.47204014] 0.7031106860906828 2.5271893763623567 2.418874570945003
[0.0259641 0.0329355 0.2354212] [-0.34751376  0.50127415 -0.79243827] [-0.34751376  0.79243827  0.50127415] [-0.79243827  0.50127415  0.34751376] 0.5110693458734598 2.6675361796112376 2.3776778912388807
[0.0363365 0.0433079 0.234526 ] [ 0.59289124 -0.13443727 -0.79398148] [ 0.59289124  0.79398148 -0.13443727] [-0.79398148 -0.13443727 -0.59289124] 0.4862341856356379 2.409598245649808 2.6874255648833687
[0.0259641 0.0433079 0.234836 ] [-0.5262356  -0.30036071 -0.79552469] [-0.5262356   0.79552469 -0.30036071] [-0.79552469 -0.30036071  0.5262356 ] 0.5974892694470951 2.6014286702066896 2.539417370815314
[0.0259641 0.0329355 0.2354212] [ 0.18451829  0.57500936 -0.7970679 ] [0.18451829 0.7970679  0.57500936] [-0.7970679   0.57500936 -0.18451829] 0.6482273642495808 2.564871930069538 2.475086048993402
[0.0363365 0.0433079 0.234526 ] [-0.55290071  0.23249487 -0.80015432] [-0.55290071  0.80015432  0.23249487] [-0.80015432  0.23249487  0.55290071] 0.8585857788988955 2.3941230678835086 2.4305425187401695
[0.0363365 0.0433079 0.234526 ] [ 0.5627962   0.20134922 -0.80169753] [0.5627962  0.80169753 0.20134922] [-0.80169753  0.20134922 -0.5627962 ] 0.33969110848788736 2.4723938561499654 2.812538403031338
[0.03646812 0.06551238 0.221409  ] [-0.2780103  -0.52679653 -0.80324074] [-0.2780103   0.80324074 -0.52679653] [-0.80324074 -0.52679653  0.2780103 ] 0.7489619716748915 2.3788492055479606 2.4971635604107747
[0.0363365 0.0433079 0.234526 ] [-0.15032135  0.57421798 -0.80478395] [-0.15032135  0.80478395  0.57421798] [-0.80478395  0.57421798  0.15032135] 0.4387651005972589 2.726528196941505 2.4298791973276437
[0.0363365 0.0433079 0.234526 ] [ 0.49695815 -0.32073215 -0.80632716] [ 0.49695815  0.80632716 -0.32073215] [-0.80632716 -0.32073215 -0.49695815] 0.5187375780884017 2.3875186028897235 2.6614749414531813
[0.0363365 0.0433079 0.234526 ] [-0.58101323 -0.09883871 -0.80787037] [-0.58101323  0.80787037 -0.09883871] [-0.80787037 -0.09883871  0.58101323] 0.7159265621225197 2.5186648496514534 2.375882013035281
[0.0363365 0.0433079 0.234526 ] [ 0.36035482  0.46367452 -0.80941358] [0.36035482 0.80941358 0.46367452] [-0.80941358  0.46367452 -0.36035482] 0.6881594364180958 2.3819551230728946 2.5372650046416276
[0.00690399 0.05243492 0.22995903] [ 0.0473207  -0.58318937 -0.81095679] [ 0.0473207   0.81095679 -0.58318937] [-0.81095679 -0.58318937 -0.0473207 ] 0.971509309387408 2.3690520384951403 2.365214484301024
[0.0317265  0.00988568 0.236439  ] [-0.42725958  0.39660182 -0.8125    ] [-0.42725958  0.8125      0.39660182] [-0.8125      0.39660182  0.42725958] 0.7055271056338069 2.525574192779656 2.3605814739996096
[0.0363365 0.0433079 0.234526 ] [ 0.58079177 -0.00381796 -0.81404321] [ 0.58079177  0.81404321 -0.00381796] [-0.81404321 -0.00381796 -0.58079177] 0.44452842606558285 2.440983302182085 2.7217055436240285
[0.03632988 0.06111977 0.22958931] [-0.4292278  -0.38804934 -0.81558642] [-0.4292278   0.81558642 -0.38804934] [-0.81558642 -0.38804934  0.4292278 ] 0.5214689570195854 2.584156079660236 2.659325108470131
[0.0257336  0.01311267 0.2368826 ] [ 0.05417067  0.57390305 -0.81712963] [0.05417067 0.81712963 0.57390305] [-0.81712963  0.57390305 -0.05417067] 0.7025902540563975 2.5275377247296014 2.51337153973049
[0.0554901  0.05925849 0.22725992] [ 0.34639888 -0.4580203  -0.81867284] [ 0.34639888  0.81867284 -0.4580203 ] [-0.81867284 -0.4580203  -0.34639888] 0.07684467640557176 2.3721550924405648 3.06330604853533
[0.0363365 0.0433079 0.234526 ] [-0.56264199  0.10334226 -0.82021605] [-0.56264199  0.82021605  0.10334226] [-0.82021605  0.10334226  0.56264199] 0.736346589354257 2.5052944918575046 2.430530766422356
[0.0363365 0.0433079 0.234526 ] [ 0.48280126  0.30267914 -0.82175926] [0.48280126 0.82175926 0.30267914] [-0.82175926  0.30267914 -0.48280126] 0.4820259072542766 2.5497801749215516 2.6908347830232335
[0.0271233  0.06739151 0.22212538] [-0.15095223 -0.5471622  -0.82330247] [-0.15095223  0.82330247 -0.5471622 ] [-0.82330247 -0.5471622   0.15095223] 0.6664599712674221 2.3943913525696687 2.552140506918752
[0.0363365 0.0433079 0.234526 ] [-0.25727368  0.50342811 -0.82484568] [-0.25727368  0.82484568  0.50342811] [-0.82484568  0.50342811  0.25727368] 0.3327468497644924 2.8187773736526154 2.392433764088787
[0.0363365 0.0433079 0.234526 ] [ 0.52765044 -0.19663779 -0.82638889] [ 0.52765044  0.82638889 -0.19663779] [-0.82638889 -0.19663779 -0.52765044] 0.5456352734823693 2.4415950835016393 2.6405140016961326
[0.0259641 0.0433079 0.234836 ] [-0.51979466 -0.21057529 -0.8279321 ] [-0.51979466  0.8279321  -0.21057529] [-0.8279321  -0.21057529  0.51979466] 0.5087946949111151 2.6693414141098275 2.5260767970332987
[0.0363365 0.0433079 0.234526 ] [ 0.24005678  0.50432475 -0.82947531] [0.24005678 0.82947531 0.50432475] [-0.82947531  0.50432475 -0.24005678] 0.7284723119315915 2.510419567979934 2.415120400761647
[0.0271233  0.06739151 0.22212538] [ 0.16298256 -0.53183165 -0.83101852] [ 0.16298256  0.83101852 -0.53183165] [-0.83101852 -0.53183165 -0.16298256] 0.5596740892856641 2.3918787069273892 2.6297598175439276
[0.0363365 0.0433079 0.234526 ] [-0.47743228  0.28089035 -0.83256173] [-0.47743228  0.83256173  0.28089035] [-0.83256173  0.28089035  0.47743228] 0.3088856531267593 2.840411297203206 2.505636901009387
[0.0363365 0.0433079 0.234526 ] [ 0.53950695  0.11489647 -0.83410494] [0.53950695 0.83410494 0.11489647] [-0.83410494  0.11489647 -0.53950695] 0.47798369990967865 2.505307154265312 2.69412004884905
[0.03646812 0.06551238 0.221409  ] [-0.31884544 -0.44724687 -0.83564815] [-0.31884544  0.83564815 -0.44724687] [-0.83564815 -0.44724687  0.31884544] 0.7978547362206196 2.466568515007038 2.4020211054585454
[0.0363365 0.0433079 0.234526 ] [-0.06671693  0.54282546 -0.83719136] [-0.06671693  0.83719136  0.54282546] [-0.83719136  0.54282546  0.06671693] 0.5500036092337008 2.6371540180716018 2.5202013007192323
[0.04647323 0.06013329 0.22841442] [ 0.41406648 -0.353657   -0.83873457] [ 0.41406648  0.83873457 -0.353657  ] [-0.83873457 -0.353657   -0.41406648] 0.1883782008992553 2.4171095651832997 2.953803809929287
[0.0363365 0.0433079 0.234526 ] [-0.54182869 -0.01883937 -0.84027778] [-0.54182869  0.84027778 -0.01883937] [-0.84027778 -0.01883937  0.54182869] 0.7786911768414929 2.478387965139511 2.4437451966861294
[0.0363365 0.0433079 0.234526 ] [ 0.38509003  0.37821039 -0.84182099] [0.38509003 0.84182099 0.37821039] [-0.84182099  0.37821039 -0.38509003] 0.6462104602890009 2.4878459907716026 2.5662933938541763
[0.03646812 0.06551238 0.221409  ] [-0.02834858 -0.53659406 -0.8433642 ] [-0.02834858  0.8433642  -0.53659406] [-0.8433642  -0.53659406  0.02834858] 0.7564794774164644 2.388297113835679 2.492364906592056
[0.0363365 0.0433079 0.234526 ] [-0.34001623  0.4129412  -0.84490741] [-0.34001623  0.84490741  0.4129412 ] [-0.84490741  0.4129412   0.34001623] 0.4907099618712098 2.683812003682402 2.363141733124696
[0.0363365 0.0433079 0.234526 ] [ 0.52723384 -0.07447032 -0.84645062] [ 0.52723384  0.84645062 -0.07447032] [-0.84645062 -0.07447032 -0.52723384] 0.5469352126990327 2.5095027879854768 2.6395128374891232
[0.0363365 0.0433079 0.234526 ] [-0.43704037 -0.29983693 -0.84799383] [-0.43704037  0.84799383 -0.29983693] [-0.84799383 -0.29983693  0.43704037] 0.5852258807185214 2.5465016698350555 2.610514658582138
[0.0259641 0.0329355 0.2354212] [ 0.11916348  0.51389385 -0.84953704] [0.11916348 0.84953704 0.51389385] [-0.84953704  0.51389385 -0.11916348] 0.5105221695196833 2.667970132352655 2.4740841454533937
[0.0259641 0.0433079 0.234836 ] [ 0.25803747 -0.45725166 -0.85108025] [ 0.25803747  0.85108025 -0.45725166] [-0.85108025 -0.45725166 -0.25803747] 0.8503034354958497 2.361671263498873 2.435329802193595
[0.0363365 0.0433079 0.234526 ] [-0.49675185  0.16208281 -0.85262346] [-0.49675185  0.85262346  0.16208281] [-0.85262346  0.16208281  0.49675185] 0.3167446788456646 2.8332527799322103 2.504217661167664
[0.0363365 0.0433079 0.234526 ] [ 0.47347428  0.21499166 -0.85416667] [0.47347428 0.85416667 0.21499166] [-0.85416667  0.21499166 -0.47347428] 0.4549058316597548 2.576604040615541 2.713073878718996
[0.03646812 0.06551238 0.221409  ] [-0.20290309 -0.4760157  -0.85570988] [-0.20290309  0.85570988 -0.4760157 ] [-0.85570988 -0.4760157   0.20290309] 0.8055053772759307 2.3620137033065065 2.461911123998533
[0.0363365 0.0433079 0.234526 ] [-0.17107877  0.48564308 -0.85725309] [-0.17107877  0.85725309  0.48564308] [-0.85725309  0.48564308  0.17107877] 0.4406252593191377 2.7249694029130977 2.482141389436366
[0.0465485  0.05293936 0.23209104] [ 0.4519212  -0.24132168 -0.8587963 ] [ 0.4519212   0.8587963  -0.24132168] [-0.8587963  -0.24132168 -0.4519212 ] 0.08233640898098497 2.4695028480958285 3.0578488984898122
[0.0363365 0.0433079 0.234526 ] [-0.49372874 -0.12668017 -0.86033951] [-0.49372874  0.86033951 -0.12668017] [-0.86033951 -0.12668017  0.49372874] 0.4588837740223385 2.7097829321991838 2.5504867155524575
[0.0363365 0.0433079 0.234526 ] [ 0.27706094  0.42472982 -0.86188272] [0.27706094 0.86188272 0.42472982] [-0.86188272  0.42472982 -0.27706094] 0.7642160063676289 2.4482172290367847 2.4874625558612915
[0.0271233  0.06739151 0.22212538] [ 0.08217601 -0.49773766 -0.86342593] [ 0.08217601  0.86342593 -0.49773766] [-0.86342593 -0.49773766 -0.08217601] 0.6811894572798232 2.3927751478551746 2.5420104319571797
[0.02632388 0.02264598 0.23590152] [-0.3947261   0.30987046 -0.86496914] [-0.3947261   0.86496914  0.30987046] [-0.86496914  0.30987046  0.3947261 ] 0.43201808595322605 2.7322000199031367 2.422615824298972
[0.0363365 0.0433079 0.234526 ] [ 0.49771153  0.0379419  -0.86651235] [0.49771153 0.86651235 0.0379419 ] [-0.86651235  0.0379419  -0.49771153] 0.553129051207764 2.5460465757700788 2.6347576210963624
[0.0363365 0.0433079 0.234526 ] [-0.33952892 -0.36221495 -0.86805556] [-0.33952892  0.86805556 -0.36221495] [-0.86805556 -0.36221495  0.33952892] 0.8530684195018244 2.433727255241857 2.367179179920609
[0.0236591 0.0191056 0.2365595] [ 0.00565436  0.49372666 -0.86959877] [0.00565436 0.86959877 0.49372666] [-0.86959877  0.49372666 -0.00565436] 0.43174101610180216 2.7324335346043975 2.4598067659368708
[0.0363365 0.0433079 0.234526 ] [ 0.32751875 -0.36584577 -0.87114198] [ 0.32751875  0.87114198 -0.36584577] [-0.87114198 -0.36584577 -0.32751875] 0.2507613408099928 2.3672780740947768 2.8943049092794
[0.0363365 0.0433079 0.234526 ] [-0.48589292  0.04825597 -0.87268519] [-0.48589292  0.87268519  0.04825597] [-0.87268519  0.04825597  0.48589292] 0.280301078508566 2.866712128732361 2.5184056411064732
[0.0363365 0.0433079 0.234526 ] [ 0.38866261  0.29097437 -0.8742284 ] [0.38866261 0.8742284  0.29097437] [-0.8742284   0.29097437 -0.38866261] 0.5948973573049017 2.5069969081831918 2.6033408904661055
[0.0271233  0.06739151 0.22212538] [-0.0895201  -0.47435245 -0.8757716 ] [-0.0895201   0.8757716  -0.47435245] [-0.8757716  -0.47435245  0.0895201 ] 0.7900352775592693 2.47136471114741 2.4003003706241017
[0.0363365 0.0433079 0.234526 ] [-0.25292999  0.40785431 -0.87731481] [-0.25292999  0.87731481  0.40785431] [-0.87731481  0.40785431  0.25292999] 0.6053408497876086 2.595662655838465 2.438650282863111
[0.0363365 0.0433079 0.234526 ] [ 0.4592781  -0.12912087 -0.87885802] [ 0.4592781   0.87885802 -0.12912087] [-0.87885802 -0.12912087 -0.4592781 ] 0.1307118335706102 2.5100055142976077 3.010025056249734
[0.03611705 0.01330395 0.23564888] [-0.42332973 -0.21374191 -0.88040123] [-0.42332973  0.88040123 -0.21374191] [-0.88040123 -0.21374191  0.42332973] 0.7662363870721743 2.4162607486979475 2.4861883267394034
[0.0363365 0.0433079 0.234526 ] [ 0.16675206  0.44087158 -0.88194444] [0.16675206 0.88194444 0.44087158] [-0.88194444  0.44087158 -0.16675206] 0.9417015800207577 2.384617216959508 2.3814702443615694
[0.04647323 0.06013329 0.22841442] [ 0.17377134 -0.43503228 -0.88348765] [ 0.17377134  0.88348765 -0.43503228] [-0.88348765 -0.43503228 -0.17377134] 0.2351975744694218 2.408983244692819 2.9090008133904095
[0.02632388 0.02264598 0.23590152] [-0.41936138  0.20212966 -0.88503086] [-0.41936138  0.88503086  0.20212966] [-0.88503086  0.20212966  0.41936138] 0.3953330059650345 2.763523356914139 2.41941277737749
[0.0363365 0.0433079 0.234526 ] [ 0.44294007  0.13338106 -0.88657407] [0.44294007 0.88657407 0.13338106] [-0.88657407  0.13338106 -0.44294007] 0.5774241948982062 2.61634578189508 2.5842624413944777
[0.0259641 0.0433079 0.234836 ] [-0.23499422 -0.39500051 -0.88811728] [-0.23499422  0.88811728 -0.39500051] [-0.88811728 -0.39500051  0.23499422] 0.6451683327616331 2.5670288844718985 2.5129728975782277
[0.0363365 0.0433079 0.234526 ] [-0.09293219  0.44706578 -0.88966049] [-0.09293219  0.88966049  0.44706578] [-0.88966049  0.44706578  0.09293219] 0.5540046264288999 2.6340874198356303 2.5687140015146297
[0.0363365 0.0433079 0.234526 ] [ 0.36806397 -0.26511294 -0.8912037 ] [ 0.36806397  0.8912037  -0.26511294] [-0.8912037  -0.26511294 -0.36806397] 0.17671458393106118 2.403644206620317 2.9650911841784953
[0.0363365 0.0433079 0.234526 ] [-0.44745628 -0.05278092 -0.89274691] [-0.44745628  0.89274691 -0.05278092] [-0.89274691 -0.05278092  0.44745628] 0.3549661212448994 2.798907887909025 2.540872109576873
[0.0363365 0.0433079 0.234526 ] [ 0.29228157  0.33884607 -0.89429012] [0.29228157 0.89429012 0.33884607] [-0.89429012  0.33884607 -0.29228157] 0.6010210214827539 2.5988300868040697 2.493927776586707
[0.02624131 0.06262365 0.22984727] [ 0.01327537 -0.44419185 -0.89583333] [ 0.01327537  0.89583333 -0.44419185] [-0.89583333 -0.44419185 -0.01327537] 0.7816830427792252 2.476528151833319 2.449318692223824
[0.0363365 0.0433079 0.234526 ] [-0.30765762  0.31632598 -0.89737654] [-0.30765762  0.89737654  0.31632598] [-0.89737654  0.31632598  0.30765762] 0.5253649019990161 2.6562669839722344 2.4365245086425515
[0.0363365 0.0433079 0.234526 ] [ 0.43738523 -0.02524753 -0.89891975] [ 0.43738523  0.89891975 -0.02524753] [-0.89891975 -0.02524753 -0.43738523] 0.6321378208462688 2.5762843277741716 2.554961111856532
[0.0363365 0.0433079 0.234526 ] [-0.33710352 -0.27482298 -0.90046296] [-0.33710352  0.90046296 -0.27482298] [-0.90046296 -0.27482298  0.33710352] 0.7601108876281033 2.490059265531843 2.367566102628161
[0.0363365 0.0433079 0.234526 ] [ 0.062465    0.42718028 -0.90200617] [0.062465   0.90200617 0.42718028] [-0.90200617  0.42718028 -0.062465  ] 0.459919733997807 2.479518694284063 2.7089275092384484
[0.0259641 0.0433079 0.234836 ] [ 0.24067696 -0.35450404 -0.90354938] [ 0.24067696  0.90354938 -0.35450404] [-0.90354938 -0.35450404 -0.24067696] 0.8338772972223334 2.4449407818048394 2.3950487202852826
[0.0259641 0.0329355 0.2354212] [-0.41375045  0.09807123 -0.90509259] [-0.41375045  0.90509259  0.09807123] [-0.90509259  0.09807123  0.41375045] 0.423662797750247 2.7392625198809233 2.356998949727311
[0.0363365 0.0433079 0.234526 ] [ 0.36845067  0.20556173 -0.9066358 ] [0.36845067 0.9066358  0.20556173] [-0.9066358   0.20556173 -0.36845067] 0.5921630052540687 2.5367019343625055 2.6053629243599685
[0.0363365 0.0433079 0.234526 ] [-0.16982362  0.37890027 -0.90972222] [-0.16982362  0.90972222  0.37890027] [-0.90972222  0.37890027  0.16982362] 0.6953017572081791 2.513683797863626 2.532434183363187
[0.0363365 0.0433079 0.234526 ] [ 0.37804689 -0.16332746 -0.91126543] [ 0.37804689  0.91126543 -0.16332746] [-0.91126543 -0.16332746 -0.37804689] 0.18475263572986117 2.569394134719192 2.9573074227339684
[0.0317265  0.00988568 0.236439  ] [-0.38584361 -0.13380992 -0.91280864] [-0.38584361  0.91280864 -0.13380992] [-0.91280864 -0.13380992  0.38584361] 0.9014505859022655 2.4008003175456354 2.4063840473519047
[0.0363365 0.0433079 0.234526 ] [ 0.1924738   0.35625065 -0.91435185] [0.1924738  0.91435185 0.35625065] [-0.91435185  0.35625065 -0.1924738 ] 0.4779146067603347 2.6941762936867697 2.3928263262092235
[0.0363365 0.0433079 0.234526 ] [ 0.09786568 -0.38930521 -0.91589506] [ 0.09786568  0.91589506 -0.38930521] [-0.91589506 -0.38930521 -0.09786568] 0.5073328230110186 2.4077944520486576 2.6705033554647546
[0.0363365 0.0433079 0.234526 ] [-0.33217983  0.21900589 -0.91743827] [-0.33217983  0.91743827  0.21900589] [-0.91743827  0.21900589  0.33217983] 0.5065372575634864 2.671136272024454 2.4356199696738474
[0.0363365 0.0433079 0.234526 ] [ 0.38934295  0.0623306  -0.91898148] [0.38934295 0.91898148 0.0623306 ] [-0.91898148  0.0623306  -0.38934295] 0.7053346355200641 2.525702709012095 2.5184382294396377
[0.0363365 0.0433079 0.234526 ] [-0.24273879 -0.30612444 -0.92052469] [-0.24273879  0.92052469 -0.30612444] [-0.92052469 -0.30612444  0.24273879] 0.7959654617724883 2.3959060595425345 2.4677239882284545
[0.0363365 0.0433079 0.234526 ] [-0.02753593  0.38604735 -0.9220679 ] [-0.02753593  0.9220679   0.38604735] [-0.9220679   0.38604735  0.02753593] 0.5202470384279059 2.370615478922278 2.660286270470132
[0.0363365 0.0433079 0.234526 ] [ 0.27839023 -0.26351735 -0.92361111] [ 0.27839023  0.92361111 -0.26351735] [-0.92361111 -0.26351735 -0.27839023] 0.27565496106817633 2.48350233189093 2.871024979023799
[0.0259641 0.0329355 0.2354212] [-0.37954059  0.00619853 -0.92515432] [-0.37954059  0.92515432  0.00619853] [-0.92515432  0.00619853  0.37954059] 0.5036937214153043 2.673401781933549 2.3865810626608
[0.0363365 0.0433079 0.234526 ] [ 0.28121753  0.24929579 -0.92669753] [0.28121753 0.92669753 0.24929579] [-0.92669753  0.24929579 -0.28121753] 0.5630277950408211 2.627209693820031 2.507363742461528
[0.0363365 0.0433079 0.234526 ] [-0.03856727 -0.36997526 -0.92824074] [-0.03856727  0.92824074 -0.36997526] [-0.92824074 -0.36997526  0.03856727] 0.682141590234027 2.5105308956629644 2.541360364473394
[0.0363365 0.0433079 0.234526 ] [-0.21916963  0.29574732 -0.92978395] [-0.21916963  0.92978395  0.29574732] [-0.92978395  0.29574732  0.21916963] 0.6506239571585374 2.563186270254903 2.5330171300208946
[0.0363365 0.0433079 0.234526 ] [ 0.35753287 -0.06928178 -0.93132716] [ 0.35753287  0.93132716 -0.06928178] [-0.93132716 -0.06928178 -0.35753287] 0.36653317034897015 2.639215703025526 2.7886728865739676
[0.0363365 0.0433079 0.234526 ] [-0.30704756 -0.18834721 -0.93287037] [-0.30704756  0.93287037 -0.18834721] [-0.93287037 -0.18834721  0.30704756] 0.7205545762963338 2.5156118057741415 2.384916345634512
[0.02632388 0.02264598 0.23590152] [ 0.09807309  0.34242215 -0.93441358] [0.09807309 0.93441358 0.34242215] [-0.93441358  0.34242215 -0.09807309] 0.4234814319290938 2.739416296182564 2.5497521490093535
[0.0363365 0.0433079 0.234526 ] [ 0.15716788 -0.31509228 -0.93595679] [ 0.15716788  0.93595679 -0.31509228] [-0.93595679 -0.31509228 -0.15716788] 0.4186159275095697 2.4197047694494955 2.7435491218062023
[0.0363365 0.0433079 0.234526 ] [-0.3248771   0.12469409 -0.9375    ] [-0.3248771   0.9375      0.12469409] [-0.9375      0.12469409  0.3248771 ] 0.47929934947749264 2.693049629858985 2.3879407852658283
[0.0363365 0.0433079 0.234526 ] [ 0.31988892  0.12597194 -0.93904321] [0.31988892 0.93904321 0.12597194] [-0.93904321  0.12597194 -0.31988892] 0.5897910444940784 2.6071209040017083 2.4503372817852647
[0.0259641 0.0433079 0.234836 ] [-0.14892165 -0.30515493 -0.94058642] [-0.14892165  0.94058642 -0.30515493] [-0.94058642 -0.30515493  0.14892165] 0.5658066844508463 2.6251021863951447 2.4382759238859126
[0.0363365 0.0433079 0.234526 ] [-0.09509766  0.32147814 -0.94212963] [-0.09509766  0.94212963  0.32147814] [-0.94212963  0.32147814  0.09509766] 0.5640568671762095 2.4385794166671384 2.6264286618030175
[0.0363365 0.0433079 0.234526 ] [ 0.28353375 -0.17055844 -0.94367284] [ 0.28353375  0.94367284 -0.17055844] [-0.94367284 -0.17055844 -0.28353375] 0.2833569845378115 2.4468244290494936 2.8638810871080493
[0.0363365 0.0433079 0.234526 ] [-0.31993344 -0.06487848 -0.94521605] [-0.31993344  0.94521605 -0.06487848] [-0.94521605 -0.06487848  0.31993344] 0.5145865131488755 2.6647513912322607 2.3869880221602475
[0.0363365 0.0433079 0.234526 ] [ 0.18943454  0.26031032 -0.94675926] [0.18943454 0.94675926 0.26031032] [-0.94675926  0.26031032 -0.18943454] 0.4457661859115361 2.720672489770286 2.4137283400767027
[0.0363365 0.0433079 0.234526 ] [ 0.03564025 -0.31536043 -0.94830247] [ 0.03564025  0.94830247 -0.31536043] [-0.94830247 -0.31536043 -0.03564025] 0.5693756624170702 2.509478156783408 2.6224028318578902
[0.0363365 0.0433079 0.234526 ] [-0.23579751  0.20540867 -0.94984568] [-0.23579751  0.94984568  0.20540867] [-0.94984568  0.20540867  0.23579751] 0.6430758427314511 2.5685077876350224 2.5381856358965074
[0.0363365 0.0433079 0.234526 ] [ 0.30789594  0.00769881 -0.95138889] [0.30789594 0.95138889 0.00769881] [-0.95138889  0.00769881 -0.30789594] 0.4197728852317336 2.596674215667262 2.7425650832674844
[0.0363365 0.0433079 0.234526 ] [-0.21836916 -0.21032196 -0.9529321 ] [-0.21836916  0.9529321  -0.21032196] [-0.9529321  -0.21032196  0.21836916] 0.7786048210071634 2.4274187411733243 2.4784417260972815
[0.02632388 0.02264598 0.23590152] [ 0.01864233  0.29770682 -0.95447531] [0.01864233 0.95447531 0.29770682] [-0.95447531  0.29770682 -0.01864233] 0.4432841233884067 2.7227450154429724 2.4914489478736788
[0.0363365 0.0433079 0.234526 ] [ 0.18422165 -0.22823448 -0.95601852] [ 0.18422165  0.95601852 -0.22823448] [-0.95601852 -0.22823448 -0.18422165] 0.3846179374084928 2.4902813867318936 2.772823942358759
[0.0363365 0.0433079 0.234526 ] [-0.28498852  0.04309383 -0.95756173] [-0.28498852  0.95756173  0.04309383] [-0.95756173  0.04309383  0.28498852] 0.5350894334637056 2.6486764648205368 2.4334140241680604
[0.0363365 0.0433079 0.234526 ] [ 0.23495339  0.15784367 -0.95910494] [0.23495339 0.95910494 0.15784367] [-0.95910494  0.15784367 -0.23495339] 0.5035306528242863 2.673531859556756 2.647157300668742
[0.0259641 0.0433079 0.234836 ] [-0.06538202 -0.26996357 -0.96064815] [-0.06538202  0.96064815 -0.26996357] [-0.96064815 -0.26996357  0.06538202] 0.584648006643235 2.610945216676808 2.523566443423352
[0.0363365 0.0433079 0.234526 ] [-0.1315422   0.23850459 -0.96219136] [-0.1315422   0.96219136  0.23850459] [-0.96219136  0.23850459  0.1315422 ] 0.5510887870586767 2.468317497269937 2.636321252443732
[0.0363365 0.0433079 0.234526 ] [ 0.25287977 -0.08524966 -0.96373457] [ 0.25287977  0.96373457 -0.08524966] [-0.96373457 -0.08524966 -0.25287977] 0.4979163466108621 2.5212103414589007 2.6780207026372884
[0.0363365 0.0433079 0.234526 ] [-0.23889578 -0.10567694 -0.96527778] [-0.23889578  0.96527778 -0.10567694] [-0.96527778 -0.10567694  0.23889578] 0.7543720801439722 2.493706627028008 2.4282281064498195
[0.0259641 0.0329355 0.2354212] [ 0.10245607  0.2340084  -0.96682099] [0.10245607 0.96682099 0.2340084 ] [-0.96682099  0.2340084  -0.10245607] 0.4048135318228484 2.7553509264343354 2.3811977214629954
[0.0363365 0.0433079 0.234526 ] [ 0.08061211 -0.23616195 -0.9683642 ] [ 0.08061211  0.9683642  -0.23616195] [-0.9683642  -0.23616195 -0.08061211] 0.5094348358782798 2.5335631456204943 2.6688330420799877
[0.0363365 0.0433079 0.234526 ] [-0.21364227  0.11677586 -0.96990741] [-0.21364227  0.96990741  0.11677586] [-0.96990741  0.11677586  0.21364227] 0.6299875493128154 2.577822169234124 2.5041353326726368
[0.0363365 0.0433079 0.234526 ] [ 0.23036263  0.05671648 -0.97145062] [0.23036263 0.97145062 0.05671648] [-0.97145062  0.05671648 -0.23036263] 0.4861083560081794 2.6875273389398946 2.6598106783646385
[0.0259641 0.0433079 0.234836 ] [-0.12799605 -0.19209379 -0.97299383] [-0.12799605  0.97299383 -0.19209379] [-0.97299383 -0.19209379  0.12799605] 0.4566081348877598 2.7116643541802445 2.456907368817611
[0.0363365 0.0433079 0.234526 ] [-0.03436498  0.22157755 -0.97453704] [-0.03436498  0.97453704  0.22157755] [-0.97453704  0.22157755  0.03436498] 0.45622230364414257 2.3690678775612324 2.7119836676784015
[0.0363365 0.0433079 0.234526 ] [ 0.16969311 -0.13591027 -0.97608025] [ 0.16969311  0.97608025 -0.13591027] [-0.97608025 -0.13591027 -0.16969311] 0.42213962330866955 2.563898529163287 2.7405546098357254
[0.0363365 0.0433079 0.234526 ] [-0.20989991 -0.0139429  -0.97762346] [-0.20989991  0.97762346 -0.0139429 ] [-0.97762346 -0.0139429   0.20989991] 0.6488995779837352 2.5643987515697577 2.5072851560311804
[0.0259641 0.0329355 0.2354212] [ 0.14030829  0.14678631 -0.97916667] [0.14030829 0.97916667 0.14678631] [-0.97916667  0.14678631 -0.14030829] 0.45716030339075425 2.7112075420930193 2.3802690011229233
[0.0259641 0.0433079 0.234836 ] [-0.0041453  -0.19542506 -0.98070988] [-0.0041453   0.98070988 -0.19542506] [-0.98070988 -0.19542506  0.0041453 ] 0.5653250036457725 2.6254671334962496 2.5805709072370346
[0.0363365 0.0433079 0.234526 ] [-0.12373374  0.14095686 -0.98225309] [-0.12373374  0.98225309  0.14095686] [-0.98225309  0.14095686  0.12373374] 0.6104655590380496 2.44249569744593 2.591920752495858
[0.0363365 0.0433079 0.234526 ] [ 0.17823077 -0.01945865 -0.9837963 ] [ 0.17823077  0.9837963  -0.01945865] [-0.9837963  -0.01945865 -0.17823077] 0.45775113429828623 2.7107189556010667 2.6083148403667895
[0.02632388 0.02264598 0.23590152] [-0.13756312 -0.1009081  -0.98533951] [-0.13756312  0.98533951 -0.1009081 ] [-0.98533951 -0.1009081   0.13756312] 0.5786101358295744 2.615456839900522 2.5596541454714057
[0.02632388 0.02264598 0.23590152] [ 0.0314847   0.15833894 -0.98688272] [0.0314847  0.98688272 0.15833894] [-0.98688272  0.15833894 -0.0314847 ] 0.4332843841533053 2.7311333825071986 2.533347286266753
[0.0363365 0.0433079 0.234526 ] [ 0.07869112 -0.12969926 -0.98842593] [ 0.07869112  0.98842593 -0.12969926] [-0.98842593 -0.12969926 -0.07869112] 0.53331492890516 2.638389750267284 2.6500570025628267
[0.0363365 0.0433079 0.234526 ] [-0.13563138  0.0395631  -0.98996914] [-0.13563138  0.98996914  0.0395631 ] [-0.98996914  0.0395631   0.13563138] 0.6183214898969436 2.495891596032897 2.5862176300664887
[0.0259641 0.0329355 0.2354212] [ 0.1166243   0.05746339 -0.99151235] [0.1166243  0.99151235 0.05746339] [-0.99151235  0.05746339 -0.1166243 ] 0.5536755945462007 2.634339216036556 2.3597606781414977
[0.0259641 0.0433079 0.234836 ] [-0.0426917  -0.10962702 -0.99305556] [-0.0426917   0.99305556 -0.10962702] [-0.99305556 -0.10962702  0.0426917 ] 0.4284124609355398 2.7352425216886194 2.379578623089831
[0.0363365 0.0433079 0.234526 ] [-0.03755991  0.09676026 -0.99459877] [-0.03755991  0.99459877  0.09676026] [-0.99459877  0.09676026  0.03755991] 0.9129041465362852 2.4001011073603857 2.3873802800285713
[0.0259641 0.0433079 0.234836 ] [ 0.0786772  -0.03887239 -0.99614198] [ 0.0786772   0.99614198 -0.03887239] [-0.99614198 -0.03887239 -0.0786772 ] 0.4751473098240716 2.6964314788469412 2.507093985403355
[0.0363365 0.0433079 0.234526 ] [-0.06530207 -0.01897131 -0.99768519] [-0.06530207  0.99768519 -0.01897131] [-0.99768519 -0.01897131  0.06530207] 0.8785187173910184 2.4191805702690266 2.3639217542573197
[0.0259641 0.0433079 0.234836 ] [ 0.02040958  0.03355687 -0.9992284 ] [0.02040958 0.9992284  0.03355687] [-0.9992284   0.03355687 -0.02040958] 0.37072071662362865 2.784986298204931 2.4495311678062057
