[ 0.03528135 -0.00257297  0.0119534 ] [-0.44822659 -0.12575093  0.88503086] [-0.44822659 -0.88503086 -0.12575093] [ 0.88503086 -0.12575093  0.44822659] 0.9547288279588415 2.3777575193006872 2.3725849114235507
[0.0326466  0.00574951 0.0107912 ] [-0.4640013   0.21099462  0.86033951] [-0.4640013  -0.86033951  0.21099462] [0.86033951 0.21099462 0.4640013 ] 0.8834627899427768 2.36296166824924 2.4163969700532153
[-0.01463346 -0.02342836  0.02558658] [ 0.6678223  -0.14943006  0.72916667] [ 0.6678223  -0.72916667 -0.14943006] [ 0.72916667 -0.14943006 -0.6678223 ] 0.9673467182219551 2.371197937084883 2.3668651818850153
[-0.013127  -0.0192179  0.0199614] [0.65132868 0.23511689 0.72145062] [ 0.65132868 -0.72145062  0.23511689] [ 0.72145062  0.23511689 -0.65132868] 0.9839959150369777 2.3626682533361762 2.35841945617853
[-0.02462064 -0.00496336  0.02436496] [ 0.70509807 -0.00262769  0.70910494] [ 0.70509807 -0.70910494 -0.00262769] [ 0.70910494 -0.00262769 -0.70509807] 0.8440071905942979 2.3867261203094294 2.438995375466071
[-0.02688526  0.01621771  0.02550941] [ 0.67285823 -0.24857259  0.69675926] [ 0.67285823 -0.69675926 -0.24857259] [ 0.69675926 -0.24857259 -0.67285823] 0.7176248803005038 2.363505236763851 2.5175429347286693
[-0.02462064 -0.00496336  0.02436496] [0.70839172 0.15297263 0.68904321] [ 0.70839172 -0.68904321  0.15297263] [ 0.68904321  0.15297263 -0.70839172] 0.7955642527416604 2.4029712147585847 2.467969640192072
[-0.02346795  0.0254921   0.02580774] [ 0.72931494 -0.10089683  0.67669753] [ 0.72931494 -0.67669753 -0.10089683] [ 0.67669753 -0.10089683 -0.72931494] 0.8924868790816994 2.3865639877652196 2.4113513347281588
[ 0.00767919 -0.00257297  0.00747899] [0.16490165 0.72045508 0.67361111] [ 0.16490165 -0.67361111  0.72045508] [ 0.67361111  0.72045508 -0.16490165] 0.8996560186666956 2.3657495559025183 2.407374975657662
[-0.02688526  0.01621771  0.02550941] [0.67589925 0.30923128 0.66898148] [ 0.67589925 -0.66898148  0.30923128] [ 0.66898148  0.30923128 -0.67589925] 0.835752608379227 2.361460824631821 2.4438356526416483
[ 0.04402028 -0.01307418  0.01675674] [-0.24988283  0.70295259  0.66589506] [-0.24988283 -0.66589506  0.70295259] [0.66589506 0.70295259 0.24988283] 0.8914093140765027 2.4119514584803237 2.3599284296928
[-0.02462064 -0.00496336  0.02436496] [0.75185955 0.05946971 0.6566358 ] [ 0.75185955 -0.6566358   0.05946971] [ 0.6566358   0.05946971 -0.75185955] 0.8359117993252652 2.4437419345820306 2.3932435609030343
[-0.02462064 -0.00496336  0.02436496] [0.60777771 0.45772197 0.64891975] [ 0.60777771 -0.64891975  0.45772197] [ 0.64891975  0.45772197 -0.60777771] 0.8699499025915969 2.368657856524834 2.4240374009523746
[-0.02346795  0.0254921   0.02580774] [ 0.73682494 -0.20488836  0.64429012] [ 0.73682494 -0.64429012 -0.20488836] [ 0.64429012 -0.20488836 -0.73682494] 0.8674737753538431 2.3658587583299995 2.4254485731403803
[-0.02462064 -0.00496336  0.02436496] [0.73782509 0.22447179 0.63657407] [ 0.73782509 -0.63657407  0.22447179] [ 0.63657407  0.22447179 -0.73782509] 0.8362433932311772 2.441371283974049 2.443546767494273
[-0.00522874  0.02656899  0.01401449] [ 0.63015063 -0.45117225  0.63194444] [ 0.63015063 -0.63194444 -0.45117225] [ 0.63194444 -0.45117225 -0.63015063] 0.970606320465784 2.3655534729031844 2.3695167892231566
[-0.0212482  -0.0192179   0.02956125] [ 0.7800686  -0.04280067  0.6242284 ] [ 0.7800686  -0.6242284  -0.04280067] [ 0.6242284  -0.04280067 -0.7800686 ] 0.880168779621202 2.418250037833286 2.384036417049967
[-0.02307072 -0.01330249  0.02693737] [0.68648079 0.38556019 0.61651235] [ 0.68648079 -0.61651235  0.38556019] [ 0.61651235  0.38556019 -0.68648079] 0.7710474310251713 2.359190352851405 2.4831640525501246
[-0.02307072 -0.01330249  0.02693737] [0.78647687 0.12820596 0.60416667] [ 0.78647687 -0.60416667  0.12820596] [ 0.60416667  0.12820596 -0.78647687] 0.7701009568680658 2.4837579058134462 2.359310528382436
[-0.0214495  -0.00257297  0.0194253 ] [0.59910534 0.53415303 0.59645062] [ 0.59910534 -0.59645062  0.53415303] [ 0.59645062  0.53415303 -0.59910534] 0.894594860405486 2.3739993323715645 2.410179201863716
[-0.01791818 -0.01400415  0.02090248] [0.75437855 0.29955704 0.58410494] [ 0.75437855 -0.58410494  0.29955704] [ 0.58410494  0.29955704 -0.75437855] 0.904614474612251 2.404641306470394 2.3871679295128208
[-0.0180343  -0.02734533  0.03629411] [0.8092888  0.2016965  0.55169753] [ 0.8092888  -0.55169753  0.2016965 ] [ 0.55169753  0.2016965  -0.8092888 ] 0.7258984522713139 2.3574613253225714 2.512103151449038
[-0.02089422  0.00574951  0.01736112] [0.5780666  0.60821309 0.54398148] [ 0.5780666  -0.54398148  0.60821309] [ 0.54398148  0.60821309 -0.5780666 ] 0.9206590392315817 2.3942959318359764 2.395887600893378
[-0.01728658  0.03976024  0.03515462] [ 0.83736312 -0.08900895  0.53935185] [ 0.83736312 -0.53935185 -0.08900895] [ 0.53935185 -0.08900895 -0.83736312] 0.9523621112334884 2.3789971257089375 2.358222719925249
[-0.01791818 -0.01400415  0.02090248] [0.75868573 0.37650942 0.5316358 ] [ 0.75868573 -0.5316358   0.37650942] [ 0.5316358   0.37650942 -0.75868573] 0.807072535501098 2.4609613897094134 2.411282544064401
[0.05301172 0.02515873 0.02738328] [-0.85652987  0.05538266  0.51311728] [-0.85652987 -0.51311728  0.05538266] [0.51311728 0.05538266 0.85652987] 0.8549371486405986 2.3975110051713724 2.432646640584813
[-0.0301548   0.00783013  0.0292169 ] [0.82058138 0.27823947 0.4992284 ] [ 0.82058138 -0.4992284   0.27823947] [ 0.4992284   0.27823947 -0.82058138] 0.7793503000566452 2.402290299141064 2.4779777752270573
[-0.02713369  0.00521889  0.02507425] [ 0.72228778 -0.48339675  0.49459877] [ 0.72228778 -0.49459877 -0.48339675] [ 0.49459877 -0.48339675 -0.72228778] 0.9681723506325387 2.370694525381803 2.370771597045999
[0.06219889 0.01576906 0.03764189] [-0.85998866 -0.13158922  0.49305556] [-0.85998866 -0.49305556 -0.13158922] [ 0.49305556 -0.13158922  0.85998866] 0.9476101218113131 2.37695227057464 2.381494923095801
[0.06157504 0.00491726 0.02934218] [-0.85969284  0.17276062  0.48070988] [-0.85969284 -0.48070988  0.17276062] [0.48070988 0.17276062 0.85969284] 0.9164013208827554 2.398196938950912 2.3739306455816642
[-0.01791818 -0.01400415  0.02090248] [0.75133153 0.45376231 0.47916667] [ 0.75133153 -0.47916667  0.45376231] [ 0.47916667  0.45376231 -0.75133153] 0.8374817723758758 2.4428184543651166 2.416228855113292
[ 0.06170865 -0.01142687  0.03808175] [-0.75394379  0.46065577  0.4683642 ] [-0.75394379 -0.4683642   0.46065577] [0.4683642  0.46065577 0.75394379] 0.9700466214924968 2.3698050659857306 2.358534660329867
[-0.03331914  0.00614193  0.03785106] [0.86790434 0.16976519 0.46682099] [ 0.86790434 -0.46682099  0.16976519] [ 0.46682099  0.16976519 -0.86790434] 0.837948499845498 2.442544193805917 2.3815278506743027
[0.06219889 0.01576906 0.03764189] [-0.88743761 -0.01605525  0.46064815] [-0.88743761 -0.46064815 -0.01605525] [ 0.46064815 -0.01605525  0.88743761] 0.9209241055590476 2.359483940607903 2.3957441556424826
[-0.03094787  0.02308803  0.03892647] [ 0.87980576 -0.13926241  0.45447531] [ 0.87980576 -0.45447531 -0.13926241] [ 0.45447531 -0.13926241 -0.87980576] 0.853657500275743 2.3566971745370875 2.4333863970539693
[-0.0301548   0.00783013  0.0292169 ] [0.82065956 0.35626403 0.44675926] [ 0.82065956 -0.44675926  0.35626403] [ 0.44675926  0.35626403 -0.82065956] 0.8307010974996386 2.446817186818943 2.432214312569514
[ 0.0606467  -0.00465359  0.0292169 ] [-0.87314165 -0.20858397  0.44058642] [-0.87314165 -0.44058642 -0.20858397] [ 0.44058642 -0.20858397  0.87314165] 0.8784881686608099 2.419197812213258 2.4044901334925184
[ 0.05863197 -0.0161261   0.03649228] [-0.89762761  0.10428108  0.42824074] [-0.89762761 -0.42824074  0.10428108] [0.42824074 0.10428108 0.89762761] 0.8334550455614448 2.445189897935397 2.4366571823525414
[-0.03231785  0.01653828  0.03704278] [0.73291487 0.52987264 0.42669753] [ 0.73291487 -0.42669753  0.52987264] [ 0.42669753  0.52987264 -0.73291487] 0.8669015570218747 2.364488550267926 2.4257751790875424
[-0.0301548   0.00783013  0.0292169 ] [0.87571541 0.24786097 0.41435185] [ 0.87571541 -0.41435185  0.24786097] [ 0.41435185  0.24786097 -0.87571541] 0.7421304901625444 2.501554431212764 2.3751010736683495
[ 0.0606467  -0.00465359  0.0292169 ] [-0.90827269 -0.09181835  0.40817901] [-0.90827269 -0.40817901 -0.09181835] [ 0.40817901 -0.09181835  0.90827269] 0.8825067271233684 2.3640519616687126 2.4169341859993763
[-0.01399455 -0.01274963  0.01689163] [0.6081679  0.68174711 0.4066358 ] [ 0.6081679  -0.4066358   0.68174711] [ 0.4066358   0.68174711 -0.6081679 ] 0.88519303150422 2.4154260346251553 2.3907178183196782
[ 0.06170865 -0.01142687  0.03808175] [-0.6269042   0.66643756  0.40354938] [-0.6269042  -0.40354938  0.66643756] [0.40354938 0.66643756 0.6269042 ] 0.9462790611959305 2.3693765067188455 2.382196698737145
[ 0.05414163 -0.02297815  0.03784197] [-0.88990988  0.22666359  0.39583333] [-0.88990988 -0.39583333  0.22666359] [0.39583333 0.22666359 0.88990988] 0.9721189607624718 2.3589136504150243 2.3687384999934027
[0.06157504 0.00491726 0.02934218] [-0.87564654 -0.28741628  0.38811728] [-0.87564654 -0.38811728 -0.28741628] [ 0.38811728 -0.28741628  0.87564654] 0.754791188811994 2.3857193277992774 2.493439575657537
[ 0.05969999 -0.01786846  0.04465113] [-0.76246951  0.52113095  0.38348765] [-0.76246951 -0.38348765  0.52113095] [0.38348765 0.52113095 0.76246951] 0.8706066677982629 2.3767622748414 2.4236636834799064
[ 0.05863197 -0.0161261   0.03649228] [-0.92620787  0.03057268  0.3757716 ] [-0.92620787 -0.3757716   0.03057268] [0.3757716  0.03057268 0.92620787] 0.8036701026039013 2.4219634087920747 2.463025193331485
[-0.02462064 -0.00496336  0.02436496] [0.70408238 0.60350735 0.3742284 ] [ 0.70408238 -0.3742284   0.60350735] [ 0.3742284   0.60350735 -0.70408238] 0.8851269246309442 2.3895125641867407 2.415463100265659
[-0.03094787  0.02308803  0.03892647] [ 0.90914984 -0.19194615  0.36959877] [ 0.90914984 -0.36959877 -0.19194615] [ 0.36959877 -0.19194615 -0.90914984] 0.903539246849878 2.405232950824745 2.3614965239536954
[-0.03188867 -0.00379818  0.03813456] [0.93689002 0.0078074  0.34953704] [ 0.93689002 -0.34953704  0.0078074 ] [ 0.34953704  0.0078074  -0.93689002] 0.9076293543049687 2.402985740045872 2.3965258879757316
[ 0.0657183  -0.00336534  0.04588605] [-0.92617631  0.15587965  0.3433642 ] [-0.92617631 -0.3433642   0.15587965] [0.3433642  0.15587965 0.92617631] 0.8931690820466818 2.410971730305576 2.3661587612228634
[-0.00716491 -0.02711475  0.0215651 ] [0.78870107 0.51098829 0.34182099] [ 0.78870107 -0.34182099  0.51098829] [ 0.34182099  0.51098829 -0.78870107] 0.8982618529914983 2.408146030812421 2.3691271181183193
[0.06415424 0.00631466 0.03697286] [-0.94512895 -0.0469763   0.32330247] [-0.94512895 -0.32330247 -0.0469763 ] [ 0.32330247 -0.0469763   0.94512895] 0.905746972542945 2.383134814870324 2.4040188332516816
[-0.02462064 -0.00496336  0.02436496] [0.66554627 0.6734383  0.32175926] [ 0.66554627 -0.32175926  0.6734383 ] [ 0.32175926  0.6734383  -0.66554627] 0.8989747823729406 2.376009972686201 2.407751605625589
[ 0.0657183  -0.00336534  0.04588605] [-0.90783783  0.28131184  0.31095679] [-0.90783783 -0.31095679  0.28131184] [0.31095679 0.28131184 0.90783783] 0.9543382229118791 2.365706148026379 2.377961903188987
[-0.0110464  0.041718   0.0292169] [ 0.84673652 -0.43605505  0.30478395] [ 0.84673652 -0.30478395 -0.43605505] [ 0.30478395 -0.43605505 -0.84673652] 0.8516893563174016 2.4345259946098325 2.428784023233139
[ 0.06336887 -0.00521347  0.03652211] [-0.91938325 -0.25055837  0.30324074] [-0.91938325 -0.30324074 -0.25055837] [ 0.30324074 -0.25055837  0.91938325] 0.8830090002975886 2.416651892927817 2.3876670676911287
[ 0.05414163 -0.02297815  0.03784197] [-0.95337488  0.08035174  0.29089506] [-0.95337488 -0.29089506  0.08035174] [0.29089506 0.08035174 0.95337488] 0.9322826009844978 2.389632787311991 2.375285883183837
[ 0.0627077  -0.01255973  0.04589731] [-0.95421119 -0.12700515  0.27083333] [-0.95421119 -0.27083333 -0.12700515] [ 0.27083333 -0.12700515  0.95421119] 0.7480112114930411 2.497772931384798 2.364600582078034
[-0.02369044  0.03607594  0.04573671] [ 0.96346046 -0.041216    0.26466049] [ 0.96346046 -0.26466049 -0.041216  ] [ 0.26466049 -0.041216   -0.96346046] 0.9547410476604852 2.3777511266344815 2.36441451709206
[ 0.05487444 -0.0236753   0.05523741] [-0.9431868   0.2087649   0.25848765] [-0.9431868  -0.25848765  0.2087649 ] [0.25848765 0.2087649  0.9431868 ] 0.8535861221112002 2.4334276878477237 2.4261071170961133
[-0.02346795  0.0254921   0.02580774] [ 0.71488917 -0.6567711   0.23996914] [ 0.71488917 -0.23996914 -0.6567711 ] [ 0.23996914 -0.6567711  -0.71488917] 0.8550784218917638 2.4325650287278084 2.367329126910599
[ 0.0627077  -0.01255973  0.04589731] [-0.9711597   0.00138242  0.23842593] [-0.9711597  -0.23842593  0.00138242] [0.23842593 0.00138242 0.9711597 ] 0.9208215677297557 2.3957996412772604 2.364116590383541
[-0.02307072 -0.01330249  0.02693737] [0.71731552 0.65524425 0.23688272] [ 0.71731552 -0.23688272  0.65524425] [ 0.23688272  0.65524425 -0.71731552] 0.7898465191907922 2.4714809411959813 2.3731223964952104
[ 0.05969999 -0.01786846  0.04465113] [-0.9534033  -0.20818075  0.2183642 ] [-0.9534033  -0.2183642  -0.20818075] [ 0.2183642  -0.20818075  0.9534033 ] 0.7608612856902449 2.4895838302605284 2.371486012140862
[0.06587809 0.00574742 0.04585681] [-0.69390551 -0.68856553  0.21064815] [-0.69390551 -0.21064815 -0.68856553] [ 0.21064815 -0.68856553  0.69390551] 0.9246181083309435 2.3937490210614403 2.357555125419114
[ 0.05969999 -0.01786846  0.04465113] [-0.97931764 -0.07973103  0.18595679] [-0.97931764 -0.18595679 -0.07973103] [ 0.18595679 -0.07973103  0.97931764] 0.9177752562610128 2.397450661130069 2.367192101305296
[-0.03188867 -0.00379818  0.03813456] [0.66845859 0.72052393 0.18441358] [ 0.66845859 -0.18441358  0.72052393] [ 0.18441358  0.72052393 -0.66845859] 0.829203776450654 2.357458715632471 2.4477037941688917
[0.06340869 0.01599699 0.05549702] [-0.78465006 -0.59376302  0.17824074] [-0.78465006 -0.17824074 -0.59376302] [ 0.17824074 -0.59376302  0.78465006] 0.9494576428871532 2.3805223983543398 2.3562169308254486
[-0.03373696  0.01579552  0.05539457] [0.87705605 0.44851458 0.1720679 ] [ 0.87705605 -0.1720679   0.44851458] [ 0.1720679   0.44851458 -0.87705605] 0.7968870924266026 2.4071982064161537 2.467160056514427
[0.06587809 0.00574742 0.04585681] [-0.80376197  0.57267806  0.16126543] [-0.80376197 -0.16126543  0.57267806] [0.16126543 0.57267806 0.80376197] 0.8870018168711331 2.414412805101107 2.392270525715788
[ 0.05958756 -0.01720443  0.05590221] [-0.91080395  0.3879403   0.1412037 ] [-0.91080395 -0.1412037   0.3879403 ] [0.1412037  0.3879403  0.91080395] 0.9628218980342508 2.3735407209028674 2.3568528490203593
[-0.03143197  0.02355267  0.05502439] [0.93385483 0.3292569  0.13966049] [ 0.93385483 -0.13966049  0.3292569 ] [ 0.13966049  0.3292569  -0.93385483] 0.883438824008232 2.4087735482175177 2.41641043039134
[ 0.05969999 -0.01786846  0.04465113] [-0.97776967 -0.16170191  0.13348765] [-0.97776967 -0.13348765 -0.16170191] [ 0.13348765 -0.16170191  0.97776967] 0.7903340533645042 2.3900158383016095 2.471180780272511
[-0.0297011  -0.00543682  0.0330651 ] [0.61187641 0.77987046 0.13194444] [ 0.61187641 -0.13194444  0.77987046] [ 0.13194444  0.77987046 -0.61187641] 0.9599959515515529 2.374177668034516 2.3750092741045745
[0.06125903 0.02334475 0.05469988] [-0.92256106 -0.36880299  0.11342593] [-0.92256106 -0.11342593 -0.36880299] [ 0.11342593 -0.36880299  0.92256106] 0.8661353154525857 2.3772754162412424 2.4262128178038096
[-0.0297011  -0.00543682  0.0330651 ] [0.5484672  0.83238658 0.07947531] [ 0.5484672  -0.07947531  0.83238658] [ 0.07947531  0.83238658 -0.5484672 ] 0.9512948043283154 2.3795571045133994 2.3640843619037613
[0.05835581 0.02862274 0.04554685] [-0.99229064  0.10316651  0.06867284] [-0.99229064 -0.06867284  0.10316651] [0.06867284 0.10316651 0.99229064] 0.9461974639633639 2.377029945011033 2.382239749628642
[ 0.0657183  -0.00336534  0.04588605] [-0.89307126 -0.44576676  0.06095679] [-0.89307126 -0.06095679 -0.44576676] [ 0.06095679 -0.44576676  0.89307126] 0.8957492767397183 2.4095383340347403 2.365979159317268
[-0.0346389   0.00540006  0.04539865] [ 0.80770393 -0.5874512   0.05015432] [ 0.80770393 -0.05015432 -0.5874512 ] [ 0.05015432 -0.5874512  -0.80770393] 0.9107749814579428 2.401263663706556 2.3839760463796926
[-0.0285851   0.02884168  0.05539266] [0.98789677 0.15349024 0.02237654] [ 0.98789677 -0.02237654  0.15349024] [ 0.02237654  0.15349024 -0.98789677] 0.8514537210449777 2.4346625809838316 2.367841328246632
[ 0.05487444 -0.0236753   0.05523741] [-0.99964958  0.02093238  0.0162037 ] [-0.99964958 -0.0162037   0.02093238] [0.0162037  0.02093238 0.99964958] 0.9563403888930712 2.3664169074911774 2.3769151136433186
[ 0.0657183  -0.00336534  0.04588605] [-0.85477605 -0.51892761  0.00848765] [-0.85477605 -0.00848765 -0.51892761] [ 0.00848765 -0.51892761  0.85477605] 0.9049855336115578 2.3656075821028253 2.4044372780211973
[ 0.05969999 -0.01786846  0.04465113] [-0.9809496  -0.1942241  -0.00385802] [-0.9809496   0.00385802 -0.1942241 ] [-0.00385802 -0.1942241   0.9809496 ] 0.8619519885502537 2.428607984301814 2.3621242745139015
[0.05360265 0.02619772 0.0741807 ] [-0.72339282 -0.69033967 -0.01157407] [-0.72339282  0.01157407 -0.69033967] [-0.01157407 -0.69033967  0.72339282] 0.8224470268231352 2.4517209219738247 2.3752868945888066
[ 0.05958756 -0.01720443  0.05590221] [-0.98793085  0.1540457  -0.0162037 ] [-0.98793085  0.0162037   0.1540457 ] [-0.0162037   0.1540457   0.98793085] 0.7816944593438275 2.36072874082662 2.47652106536513
[-0.03109802 -0.00985511  0.04586188] [ 0.83250402  0.55373469 -0.01774691] [0.83250402 0.01774691 0.55373469] [-0.01774691  0.55373469 -0.83250402] 0.8792216565870612 2.3789878314935713 2.418783970105697
[ 0.0627077  -0.01255973  0.04589731] [-0.96004472 -0.27411929 -0.05632716] [-0.96004472  0.05632716 -0.27411929] [-0.05632716 -0.27411929  0.96004472] 0.8861315788324153 2.414900060315959 2.364028905473853
[0.05360265 0.02619772 0.0741807 ] [-0.6626064  -0.74622465 -0.06404321] [-0.6626064   0.06404321 -0.74622465] [-0.06404321 -0.74622465  0.6626064 ] 0.7945988811250075 2.359865105708548 2.4685611108676273
[0.06125903 0.02334475 0.05469988] [-0.99505283  0.0717907  -0.06867284] [-0.99505283  0.06867284  0.0717907 ] [-0.06867284  0.0717907   0.99505283] 0.8562028508801028 2.4319158655911783 2.3936804623425143
[-0.03166328 -0.00294734  0.06288145] [ 0.9229966  -0.36955928 -0.10725309] [ 0.9229966   0.10725309 -0.36955928] [-0.10725309 -0.36955928 -0.9229966 ] 0.9650450063823117 2.3723883541140793 2.3698657304070214
[0.0595537  0.01737881 0.06853035] [-0.8310125  -0.54112276 -0.12885802] [-0.8310125   0.12885802 -0.54112276] [-0.12885802 -0.54112276  0.8310125 ] 0.9614529607229955 2.3650233115360364 2.3742515956075927
[0.06340869 0.01599699 0.05549702] [-0.98066238  0.12134202 -0.15354938] [-0.98066238  0.15354938  0.12134202] [-0.15354938  0.12134202  0.98066238] 0.9217682744916421 2.3631110916774016 2.395287571384812
[0.0595537  0.01737881 0.06853035] [-0.84478646 -0.49056433 -0.21373457] [-0.84478646  0.21373457 -0.49056433] [-0.21373457 -0.49056433  0.84478646] 0.9680725074799711 2.369021734362634 2.37082313535223
[0.06157249 0.01569984 0.06392796] [-0.95906831 -0.17051596 -0.22608025] [-0.95906831  0.22608025 -0.17051596] [-0.22608025 -0.17051596  0.95906831] 0.8867201953229013 2.372949059407248 2.4145704418271103
[0.02840233 0.0306644  0.08951283] [-0.71635507 -0.65739996 -0.2337963 ] [-0.71635507  0.2337963  -0.65739996] [-0.2337963  -0.65739996  0.71635507] 0.8773238209527018 2.41985536872303 2.3582354544521227
[0.05360265 0.02619772 0.0741807 ] [-0.89558125 -0.37060539 -0.24614198] [-0.89558125  0.24614198 -0.37060539] [-0.24614198 -0.37060539  0.89558125] 0.895902536696779 2.409453307897488 2.371175916985913
[0.05753839 0.02678791 0.06502163] [-0.96515415 -0.04076273 -0.25848765] [-0.96515415  0.25848765 -0.04076273] [-0.25848765 -0.04076273  0.96515415] 0.8330108997708613 2.445452042640416 2.365065154822849
[-0.0304502  -0.00881483  0.0604262 ] [ 0.51847906  0.80791559 -0.28009259] [0.51847906 0.28009259 0.80791559] [-0.28009259  0.80791559 -0.51847906] 0.9483845885355724 2.3810870297180617 2.363244080180292
[-0.029772    0.00158827  0.0700288 ] [ 0.76122846  0.57880142 -0.29243827] [0.76122846 0.29243827 0.57880142] [-0.29243827  0.57880142 -0.76122846] 0.9628295688493564 2.3735367402686274 2.3591379234451493
[-0.0271681   0.02708774  0.06508223] [ 0.86950173 -0.36798472 -0.32947531] [ 0.86950173  0.32947531 -0.36798472] [-0.32947531 -0.36798472 -0.86950173] 0.9128959823190487 2.3709568645496333 2.400105560440581
[ 0.0087195  -0.0192179   0.09080085] [-0.33232571  0.76608736 -0.55015432] [-0.33232571  0.55015432  0.76608736] [-0.55015432  0.76608736  0.33232571] 0.9460772119284131 2.382303201278388 2.3709487657447568
[0.04203448 0.03281002 0.08126978] [-0.79027105 -0.26343188 -0.55324074] [-0.79027105  0.55324074 -0.26343188] [-0.55324074 -0.26343188  0.79027105] 0.9943792177009104 2.3574201408485744 2.3572296696075683
[0.03289919 0.02372332 0.09163525] [-0.44581216 -0.65188968 -0.61342593] [-0.44581216  0.61342593 -0.65188968] [-0.61342593 -0.65188968  0.44581216] 0.8683418454503633 2.400930864790238 2.4249534565264406
[-0.01546156 -0.00355749  0.08572197] [ 0.60855773 -0.49956983 -0.61651235] [ 0.60855773  0.61651235 -0.49956983] [-0.61651235 -0.49956983 -0.60855773] 0.9746508388143442 2.367438419326599 2.3575591006140506
[0.0459165  0.01695658 0.08727683] [-0.63445687 -0.45373382 -0.6257716 ] [-0.63445687  0.6257716  -0.45373382] [-0.6257716  -0.45373382  0.63445687] 0.9416367932552286 2.3846515548842406 2.3762142844146537
[0.04117962 0.01323976 0.09091756] [-0.4292278  -0.38804934 -0.81558642] [-0.4292278   0.81558642 -0.38804934] [-0.81558642 -0.38804934  0.4292278 ] 0.8387616168649821 2.3578799192841533 2.442066687160097
