[-0.00161599  0.0010461  -0.033602  ] [-0.05388788 -0.08870959  0.99459877] [-0.05388788 -0.99459877 -0.08870959] [ 0.99459877 -0.08870959  0.05388788] 0.5336179299773594 2.402763542235582 2.6498211281486173
[-0.00161599  0.0010461  -0.033602  ] [ 0.10479061 -0.07695581  0.99151235] [ 0.10479061 -0.99151235 -0.07695581] [ 0.99151235 -0.07695581 -0.10479061] 0.6541349047734052 2.560723482122833 2.5164280965701376
[-0.00161599  0.0010461  -0.033602  ] [ 0.00333586 -0.16140439  0.98688272] [ 0.00333586 -0.98688272 -0.16140439] [ 0.98688272 -0.16140439 -0.00333586] 0.6535222818795711 2.4410936139440604 2.5611526424751734
[-0.00161599  0.0010461  -0.033602  ] [ 0.1788891  -0.01198066  0.9837963 ] [ 0.1788891  -0.9837963  -0.01198066] [ 0.9837963  -0.01198066 -0.1788891 ] 0.5385190764690424 2.64601402699915 2.4705904263406784
[-0.00161599  0.0010461  -0.033602  ] [ 0.11250405 -0.16904283  0.97916667] [ 0.11250405 -0.97916667 -0.16904283] [ 0.97916667 -0.16904283 -0.11250405] 0.6806389284945553 2.5423865676403583 2.4652266099962015
[-0.00161599  0.0010461  -0.033602  ] [ 0.21690998 -0.09609245  0.97145062] [ 0.21690998 -0.97145062 -0.09609245] [ 0.97145062 -0.09609245 -0.21690998] 0.513731585736808 2.6654275655215436 2.4042461690141343
[-0.00161599  0.0010461  -0.033602  ] [ 0.05999484 -0.24830988  0.96682099] [ 0.05999484 -0.96682099 -0.24830988] [ 0.96682099 -0.24830988 -0.05999484] 0.8024053596853404 2.463794094999198 2.4618920424697834
[-0.00161599  0.0010461  -0.033602  ] [0.26388473 0.03975593 0.96373457] [ 0.26388473 -0.96373457  0.03975593] [ 0.96373457  0.03975593 -0.26388473] 0.42489608038860677 2.7382173766982705 2.400102829232478
[-0.00161599  0.0010461  -0.033602  ] [ 0.20376146 -0.19646624  0.95910494] [ 0.20376146 -0.95910494 -0.19646624] [ 0.95910494 -0.19646624 -0.20376146] 0.5776057406347823 2.616209642013478 2.370204177923258
[-0.00161599  0.0010461  -0.033602  ] [-0.03365896 -0.29638482  0.95447531] [-0.03365896 -0.95447531 -0.29638482] [ 0.95447531 -0.29638482  0.03365896] 0.7487803129934666 2.3580287062820817 2.497279948001678
[-0.00161599  0.0010461  -0.033602  ] [ 0.14104005 -0.28940388  0.94675926] [ 0.14104005 -0.94675926 -0.28940388] [ 0.94675926 -0.28940388 -0.14104005] 0.7185166466535008 2.516954553036978 2.370102101923737
[-0.00161599  0.0010461  -0.033602  ] [ 0.03673751 -0.3542903   0.93441358] [ 0.03673751 -0.93441358 -0.3542903 ] [ 0.93441358 -0.3542903  -0.03673751] 0.9053050209575909 2.393578351217506 2.404261666819467
[ 0.0433317  0.0010461 -0.0297251] [-0.3202988  -0.3573897   0.87731481] [-0.3202988  -0.87731481 -0.3573897 ] [ 0.87731481 -0.3573897   0.3202988 ] 0.5829040922345672 2.6122458741940626 2.3955837956859325
[ 0.0433317  0.0010461 -0.0297251] [-0.44279441 -0.23613874  0.86496914] [-0.44279441 -0.86496914 -0.23613874] [ 0.86496914 -0.23613874  0.44279441] 0.685803947492165 2.5388652621126075 2.399143221882149
[ 0.0433317  0.0010461 -0.0297251] [-0.2532976  -0.4482828   0.85725309] [-0.2532976  -0.85725309 -0.4482828 ] [ 0.85725309 -0.4482828   0.2532976 ] 0.5894849970381283 2.60734799726322 2.404406115544915
[ 0.0433317  0.0010461 -0.0297251] [-0.4069343  -0.34718287  0.84490741] [-0.4069343  -0.84490741 -0.34718287] [ 0.84490741 -0.34718287  0.4069343 ] 0.6968420266711355 2.5313966267158214 2.4612428037813743
[-0.00161599 -0.0439016  -0.0325515 ] [0.06583975 0.5332935  0.8433642 ] [ 0.06583975 -0.8433642   0.5332935 ] [ 0.8433642   0.5332935  -0.06583975] 0.788541627850735 2.3910243689353017 2.472285026395085
[ 0.0433317  0.0010461 -0.0297251] [-0.51916513 -0.19315418  0.83256173] [-0.51916513 -0.83256173 -0.19315418] [ 0.83256173 -0.19315418  0.51916513] 0.7211431837466146 2.515224467985343 2.4210807956263265
[-0.00161599  0.0459938  -0.0425092 ] [ 0.14825011 -0.53850963  0.82947531] [ 0.14825011 -0.82947531 -0.53850963] [ 0.82947531 -0.53850963 -0.14825011] 0.9849582613418739 2.359581823179028 2.3621795529919254
[ 0.0433317  0.0010461 -0.0297251] [-0.34127408 -0.45073452  0.82484568] [-0.34127408 -0.82484568 -0.45073452] [ 0.82484568 -0.45073452  0.34127408] 0.7004024429265683 2.529003990750097 2.4855693565611645
[ 0.0433317  0.0010461 -0.0297251] [-0.48998095 -0.31585189  0.8125    ] [-0.48998095 -0.8125     -0.31585189] [ 0.8125     -0.31585189  0.48998095] 0.7367111016780761 2.456319971733577 2.505058175297262
[-0.00161599 -0.0439016  -0.0325515 ] [0.14848613 0.56595137 0.81095679] [ 0.14848613 -0.81095679  0.56595137] [ 0.81095679  0.56595137 -0.14848613] 0.814724567078241 2.432773816916836 2.45634492868514
[ 0.0433317  0.0010461 -0.0297251] [-0.24833504 -0.53912197  0.80478395] [-0.24833504 -0.80478395 -0.53912197] [ 0.80478395 -0.53912197  0.24833504] 0.31902501819133156 2.8311817230604635 2.4635688461027563
[ 0.0433317  0.0010461 -0.0297251] [-0.58501723 -0.13231745  0.80015432] [-0.58501723 -0.80015432 -0.13231745] [ 0.80015432 -0.13231745  0.58501723] 0.7992483252147774 2.4657175641488203 2.414786050047888
[ 0.0433317  0.0010461 -0.0297251] [-0.4297498  -0.43284719  0.79243827] [-0.4297498  -0.79243827 -0.43284719] [ 0.79243827 -0.43284719  0.4297498 ] 0.6653282409682991 2.4552412534915873 2.5529245713417983
[-0.0465637  0.0459938 -0.0452794] [0.5050621  0.35594795 0.78626543] [ 0.5050621  -0.78626543  0.35594795] [ 0.78626543  0.35594795 -0.5050621 ] 0.7481018043655311 2.379308108994328 2.497714843709595
[ 0.0433317  0.0010461 -0.0297251] [-0.56637964 -0.26583764  0.78009259] [-0.56637964 -0.78009259 -0.26583764] [ 0.78009259 -0.26583764  0.56637964] 0.7104450011776212 2.4901546468552955 2.522298311620909
[-0.00161599 -0.0439016  -0.0325515 ] [0.23879024 0.58037926 0.77854938] [ 0.23879024 -0.77854938  0.58037926] [ 0.77854938  0.58037926 -0.23879024] 0.771823373723136 2.482677602427611 2.4132219524153484
[-0.00161599  0.0459938  -0.0425092 ] [ 0.21662121 -0.59104709  0.77700617] [ 0.21662121 -0.77700617 -0.59104709] [ 0.77700617 -0.59104709 -0.21662121] 0.8746021689327749 2.3572404508240066 2.4213953650568474
[-0.00161599  0.0010461  -0.033602  ] [-0.34029343 -0.536316    0.77237654] [-0.34029343 -0.77237654 -0.536316  ] [ 0.77237654 -0.536316    0.34029343] 0.6686882858418153 2.5209905662990635 2.5505991195279862
[ 0.0433317  0.0010461 -0.0297251] [-0.63823486 -0.05675335  0.76774691] [-0.63823486 -0.76774691 -0.05675335] [ 0.76774691 -0.05675335  0.63823486] 0.8757391289644556 2.4207515319708963 2.38163767060518
[-0.00161599  0.0010461  -0.033602  ] [ 0.64566123 -0.05591517  0.76157407] [ 0.64566123 -0.76157407 -0.05591517] [ 0.76157407 -0.05591517 -0.64566123] 0.11737697056124906 3.0231576648269587 2.7902734990287437
[ 0.0433317  0.0010461 -0.0297251] [-0.51529509 -0.39601017  0.76003086] [-0.51529509 -0.76003086 -0.39601017] [ 0.76003086 -0.39601017  0.51529509] 0.6000380016089777 2.503069848894828 2.5995525578383383
[-0.00161599  0.0459938  -0.0425092 ] [ 0.35137537 -0.55097228  0.75694444] [ 0.35137537 -0.75694444 -0.55097228] [ 0.75694444 -0.55097228 -0.35137537] 0.8046636289795676 2.462421843694268 2.3599277452083975
[-0.0465637  0.0459938 -0.0452794] [0.58273763 0.30350442 0.75385802] [ 0.58273763 -0.75385802  0.30350442] [ 0.75385802  0.30350442 -0.58273763] 0.803320561450471 2.384835297973119 2.4632376022680544
[-0.00161599  0.0010461  -0.033602  ] [-0.22528235 -0.61908827  0.75231481] [-0.22528235 -0.75231481 -0.61908827] [ 0.75231481 -0.61908827  0.22528235] 0.5176955929728708 2.6622963409992275 2.4242822328012217
[-0.00161599  0.0010461  -0.033602  ] [ 0.6002013  -0.28002716  0.7492284 ] [ 0.6002013  -0.7492284  -0.28002716] [ 0.7492284  -0.28002716 -0.6002013 ] 0.35397619264603064 2.79978731644723 2.4822581535622663
[ 0.0433317  0.0010461 -0.0297251] [-0.6333866  -0.19947     0.74768519] [-0.6333866  -0.74768519 -0.19947   ] [ 0.74768519 -0.19947     0.6333866 ] 0.7284523626892871 2.4157436422787635 2.5104326011006086
[-0.0465637  0.0010461 -0.0351096] [0.33316698 0.57643032 0.74614198] [ 0.33316698 -0.74614198  0.57643032] [ 0.74614198  0.57643032 -0.33316698] 0.5003280779068607 2.456830381559121 2.6760899631184465
[-0.00161599 -0.0439016  -0.0325515 ] [-0.54791459  0.38426299  0.74305556] [-0.54791459 -0.74305556  0.38426299] [0.74305556 0.38426299 0.54791459] 0.427750283124095 2.462456363260051 2.7358021462437296
[ 0.0433317  0.0010461 -0.0297251] [-0.43288875 -0.51483299  0.73996914] [-0.43288875 -0.73996914 -0.51483299] [ 0.73996914 -0.51483299  0.43288875] 0.5042153877812121 2.6729857701599147 2.626027771367423
[-0.00161599  0.0010461  -0.033602  ] [ 0.47740289 -0.47863383  0.73688272] [ 0.47740289 -0.73688272 -0.47863383] [ 0.73688272 -0.47863383 -0.47740289] 0.6311659675553115 2.576979012787335 2.504102035641579
[-0.0465637  0.0459938 -0.0452794] [0.52110725 0.43587869 0.7337963 ] [ 0.52110725 -0.7337963   0.43587869] [ 0.7337963   0.43587869 -0.52110725] 0.7195572081557665 2.473185625597288 2.5162686256466467
[-0.00161599  0.0010461  -0.033602  ] [ 0.6678223  -0.14943006  0.72916667] [ 0.6678223  -0.72916667 -0.14943006] [ 0.72916667 -0.14943006 -0.6678223 ] 0.22152568385894153 2.9219949120364417 2.467705063503286
[ 0.0433317  0.0010461 -0.0297251] [-0.59479246 -0.34173972  0.72762346] [-0.59479246 -0.72762346 -0.34173972] [ 0.72762346 -0.34173972  0.59479246] 0.57482176922998 2.4304264754212666 2.6182996756554413
[-0.00161599 -0.0439016  -0.0325515 ] [0.20823419 0.65532129 0.72608025] [ 0.20823419 -0.72608025  0.65532129] [ 0.72608025  0.65532129 -0.20823419] 0.7511659662441909 2.396467962455808 2.4957530903465286
[-0.00161599  0.0459938  -0.0425092 ] [ 0.2898014  -0.62534889  0.72453704] [ 0.2898014  -0.72453704 -0.62534889] [ 0.72453704 -0.62534889 -0.2898014 ] 0.8146120380204274 2.3606273823603683 2.4564125671476607
[-0.0465637  0.0459938 -0.0452794] [0.65132868 0.23511689 0.72145062] [ 0.65132868 -0.72145062  0.23511689] [ 0.72145062  0.23511689 -0.65132868] 0.8582150414443577 2.364677673912977 2.4307559725136083
[-0.00161599  0.0010461  -0.033602  ] [-0.32219502 -0.61475499  0.71990741] [-0.32219502 -0.71990741 -0.61475499] [ 0.71990741 -0.61475499  0.32219502] 0.6370066622355948 2.572813232650515 2.521847881953996
[-0.00161599  0.0010461  -0.033602  ] [ 0.58691575 -0.37642739  0.71682099] [ 0.58691575 -0.71682099 -0.37642739] [ 0.71682099 -0.37642739 -0.58691575] 0.4738994274768078 2.697450014919379 2.6049230327780633
[-0.0465637  0.0010461 -0.0351096] [0.428229   0.55425886 0.71373457] [ 0.428229   -0.71373457  0.55425886] [ 0.71373457  0.55425886 -0.428229  ] 0.5813773529597479 2.5187847868108415 2.6133861782985117
[-0.00161599 -0.0439016  -0.0325515 ] [-0.51699943  0.47716957  0.71064815] [-0.51699943 -0.71064815  0.47716957] [0.71064815 0.47716957 0.51699943] 0.41607783107559043 2.3651350833788385 2.7457107149030877
[-0.00161599  0.0010461  -0.033602  ] [ 0.70509807 -0.00262769  0.70910494] [ 0.70509807 -0.70910494 -0.00262769] [ 0.70910494 -0.00262769 -0.70509807] 0.12621316994621792 3.0144506785567935 2.8810825740881105
[ 0.0433317  0.0010461 -0.0297251] [-0.52283811 -0.47539111  0.70756173] [-0.52283811 -0.70756173 -0.47539111] [ 0.70756173 -0.47539111  0.52283811] 0.4926192657737994 2.639276584786754 2.6822743928438393
[-0.00161599  0.0010461  -0.033602  ] [ 0.42972438 -0.56484644  0.70447531] [ 0.42972438 -0.70447531 -0.56484644] [ 0.70447531 -0.56484644 -0.42972438] 0.7869180853135374 2.473286892666633 2.4692607143700376
[-0.0465637  0.0459938 -0.0452794] [0.60283242 0.38032446 0.70138889] [ 0.60283242 -0.70138889  0.38032446] [ 0.70138889  0.38032446 -0.60283242] 0.776612745377186 2.4796831458970625 2.378253621633429
[-0.00161599  0.0010461  -0.033602  ] [-0.18800321 -0.68910871  0.69984568] [-0.18800321 -0.69984568 -0.68910871] [ 0.69984568 -0.68910871  0.18800321] 0.44123030549297276 2.7244628411245726 2.3733333025466905
[-0.00161599  0.0010461  -0.033602  ] [ 0.67285823 -0.24857259  0.69675926] [ 0.67285823 -0.69675926 -0.24857259] [ 0.69675926 -0.24857259 -0.67285823] 0.33387563666772063 2.8177614520333143 2.545266814662841
[ 0.0433317  0.0010461 -0.0297251] [-0.66543784 -0.27178508  0.69521605] [-0.66543784 -0.69521605 -0.27178508] [ 0.69521605 -0.27178508  0.66543784] 0.5927149337595907 2.3595637024026654 2.6049543861881856
[-0.00161599 -0.0439016  -0.0325515 ] [0.30772126 0.65124928 0.69367284] [ 0.30772126 -0.69367284  0.65124928] [ 0.69367284  0.65124928 -0.30772126] 0.8229000712546898 2.451450736705169 2.4217163912411563
[-0.00161599  0.0010461  -0.033602  ] [-0.41986099 -0.59250358  0.6875    ] [-0.41986099 -0.6875     -0.59250358] [ 0.6875     -0.59250358  0.41986099] 0.5660470082480149 2.4723896612387057 2.624920160585656
[-0.00161599  0.0010461  -0.033602  ] [ 0.55574609 -0.47193679  0.68441358] [ 0.55574609 -0.68441358 -0.47193679] [ 0.68441358 -0.47193679 -0.55574609] 0.6012472474286855 2.592047279325011 2.598663910647523
[-0.0465637  0.0010461 -0.0351096] [0.52076884 0.51438616 0.68132716] [ 0.52076884 -0.68132716  0.51438616] [ 0.68132716  0.51438616 -0.52076884] 0.6378675690572261 2.5588200201714715 2.572201065357336
[-0.00161599  0.0010461  -0.033602  ] [ 0.72931494 -0.10089683  0.67669753] [ 0.72931494 -0.67669753 -0.10089683] [ 0.67669753 -0.10089683 -0.72931494] 0.22184404495997664 2.921691463658905 2.4991227027888323
[ 0.0433317  0.0010461 -0.0297251] [-0.6070938  -0.41905102  0.67515432] [-0.6070938  -0.67515432 -0.41905102] [ 0.67515432 -0.41905102  0.6070938 ] 0.4599820560917104 2.375854850544883 2.708876069474792
[-0.00161599  0.0010461  -0.033602  ] [ 0.36576034 -0.643851    0.6720679 ] [ 0.36576034 -0.6720679  -0.643851  ] [ 0.6720679  -0.643851   -0.36576034] 0.8949888176014277 2.367795326824494 2.409960416055608
[-0.00161599  0.0010461  -0.033602  ] [-0.29004421 -0.6858575   0.66743827] [-0.29004421 -0.66743827 -0.6858575 ] [ 0.66743827 -0.6858575   0.29004421] 0.5667994890876221 2.6243504598510046 2.4719493018175616
[-0.00161599  0.0010461  -0.033602  ] [ 0.66030782 -0.35018595  0.66435185] [ 0.66030782 -0.66435185 -0.35018595] [ 0.66435185 -0.35018595 -0.66030782] 0.456578585120798 2.7116888062424875 2.6921796146138353
[-0.0465637  0.0010461 -0.0351096] [0.40805913 0.62945673 0.66126543] [ 0.40805913 -0.66126543  0.62945673] [ 0.66126543  0.62945673 -0.40805913] 0.6244817828598294 2.581773421979918 2.552363473467922
[-0.00161599 -0.0439016  -0.0325515 ] [-0.59350767  0.46319438  0.65817901] [-0.59350767 -0.65817901  0.46319438] [0.65817901 0.46319438 0.59350767] 0.5284402037137267 2.408395126133517 2.6538599409534216
[-0.00161599  0.0010461  -0.033602  ] [ 0.50733616 -0.56346958  0.65200617] [ 0.50733616 -0.65200617 -0.56346958] [ 0.65200617 -0.56346958 -0.50733616] 0.6535597339833709 2.4850009255845222 2.5611263992631557
[-0.0465637  0.0010461 -0.0351096] [0.60777771 0.45772197 0.64891975] [ 0.60777771 -0.64891975  0.45772197] [ 0.64891975  0.45772197 -0.60777771] 0.6399095865050329 2.5707509527745547 2.5094255186139716
[-0.00161599  0.0010461  -0.033602  ] [ 0.73682494 -0.20488836  0.64429012] [ 0.73682494 -0.64429012 -0.20488836] [ 0.64429012 -0.20488836 -0.73682494] 0.3297071563852433 2.821516547371673 2.6100777577109566
[-0.00161599  0.0010461  -0.033602  ] [-0.39306757 -0.66500653  0.63503086] [-0.39306757 -0.63503086 -0.66500653] [ 0.63503086 -0.66500653  0.39306757] 0.6326171679382049 2.516351038132618 2.5759419128521754
[-0.00161599  0.0010461  -0.033602  ] [ 0.63015063 -0.45117225  0.63194444] [ 0.63015063 -0.63194444 -0.45117225] [ 0.63194444 -0.45117225 -0.63015063] 0.48144198434427493 2.604303993484193 2.6913087204186095
[ 0.0433317  0.0010461 -0.0297251] [-0.77066265 -0.09313091  0.63040123] [-0.77066265 -0.63040123 -0.09313091] [ 0.63040123 -0.09313091  0.77066265] 0.7580906371840903 2.4690184900505803 2.491340960183283
[-0.0465637  0.0010461 -0.0351096] [0.50616782 0.59019634 0.62885802] [ 0.50616782 -0.62885802  0.59019634] [ 0.62885802  0.59019634 -0.50616782] 0.553826069863928 2.634224054002991 2.4935158165708247
[-0.00161599  0.0010461  -0.033602  ] [ 0.44273129 -0.64814071  0.61959877] [ 0.44273129 -0.61959877 -0.64814071] [ 0.61959877 -0.64814071 -0.44273129] 0.6352384413050005 2.5740720648063373 2.497012145981338
[-0.00161599  0.0010461  -0.033602  ] [-0.2461238  -0.74915688  0.61496914] [-0.2461238  -0.61496914 -0.74915688] [ 0.61496914 -0.74915688  0.2461238 ] 0.5031893926331109 2.673804133373199 2.4070387058171403
[-0.0465637  0.0010461 -0.0351096] [0.37510899 0.69904243 0.6087963 ] [ 0.37510899 -0.6087963   0.69904243] [ 0.6087963   0.69904243 -0.37510899] 0.56423315721954 2.626294932419203 2.4924541307913124
[-0.00161599 -0.0439016  -0.0325515 ] [-0.66554481  0.43607987  0.60570988] [-0.66554481 -0.60570988  0.43607987] [0.60570988 0.43607987 0.66554481] 0.6490414689504757 2.4532859716455073 2.564298910107028
[ 0.0433317  0.0010461 -0.0297251] [-0.80142785  0.01080653  0.59799383] [-0.80142785 -0.59799383  0.01080653] [0.59799383 0.01080653 0.80142785] 0.86260374786082 2.4282341668791005 2.403296117378428
[-0.0465637  0.0010461 -0.0351096] [0.59910534 0.53415303 0.59645062] [ 0.59910534 -0.59645062  0.53415303] [ 0.59645062  0.53415303 -0.59910534] 0.5247578777653925 2.656742824095697 2.4315744480997155
[-0.00161599  0.0010461  -0.033602  ] [ 0.36336109 -0.72330839  0.58719136] [ 0.36336109 -0.58719136 -0.72330839] [ 0.58719136 -0.72330839 -0.36336109] 0.5638753326256069 2.6265663906308774 2.412793471391816
[-0.00161599  0.0010461  -0.033602  ] [-0.35439064 -0.73145684  0.58256173] [-0.35439064 -0.58256173 -0.73145684] [ 0.58256173 -0.73145684  0.35439064] 0.6556406118999637 2.559669713227402 2.5107647671415085
[ 0.0433317  0.0010461 -0.0297251] [-0.79934045 -0.16446682  0.5779321 ] [-0.79934045 -0.5779321  -0.16446682] [ 0.5779321  -0.16446682  0.79934045] 0.6304938174212441 2.400667902772463 2.577459825327109
[-0.00161599  0.0010461  -0.033602  ] [ 0.51913223 -0.63942608  0.56712963] [ 0.51913223 -0.56712963 -0.63942608] [ 0.56712963 -0.63942608 -0.51913223] 0.5802594037061604 2.6142221219661335 2.5858610729769262
[ 0.0433317  0.0010461 -0.0297251] [-0.46106282 -0.69624083  0.55015432] [-0.46106282 -0.55015432 -0.69624083] [ 0.55015432 -0.69624083  0.46106282] 0.8052630023303992 2.4620581387519005 2.378871649012576
[ 0.0433317  0.0010461 -0.0297251] [-0.83609028 -0.05792973  0.54552469] [-0.83609028 -0.54552469 -0.05792973] [ 0.54552469 -0.05792973  0.83609028] 0.7704136328676765 2.3646404605951137 2.483561661084619
[ 0.0433317  0.0010461 -0.0297251] [-0.6783639  -0.50058394  0.53780864] [-0.6783639  -0.53780864 -0.50058394] [ 0.53780864 -0.50058394  0.6783639 ] 0.8861049595332401 2.4149149713712292 2.366435289725837
[-0.00161599  0.0010461  -0.033602  ] [ 0.44038271 -0.721204    0.53472222] [ 0.44038271 -0.53472222 -0.721204  ] [ 0.53472222 -0.721204   -0.44038271] 0.4899452941877122 2.6844284617753025 2.496471630101875
[ 0.0433317  0.0010461 -0.0297251] [-0.81635696 -0.23968729  0.52546296] [-0.81635696 -0.52546296 -0.23968729] [ 0.52546296 -0.23968729  0.81635696] 0.5141282191696631 2.505701003778532 2.6651138040159075
[-0.00161599 -0.0439016  -0.0325515 ] [-0.68921377  0.50370331  0.52083333] [-0.68921377 -0.52083333  0.50370331] [0.52083333 0.50370331 0.68921377] 0.7629915568603629 2.3792066573007915 2.4882360109297244
[ 0.0433317  0.0010461 -0.0297251] [-0.56326441 -0.64394979  0.51774691] [-0.56326441 -0.51774691 -0.64394979] [ 0.51774691 -0.64394979  0.56326441] 0.7736647815267601 2.4815246568101097 2.4241834440311227
[-0.00161599  0.0010461  -0.033602  ] [ 0.59352807 -0.61874793  0.51466049] [ 0.59352807 -0.51466049 -0.61874793] [ 0.51466049 -0.61874793 -0.59352807] 0.5001448132806607 2.6332161236885896 2.6762365470854785
[ 0.0433317  0.0010461 -0.0297251] [-0.65825073 -0.57545768  0.48533951] [-0.65825073 -0.48533951 -0.57545768] [ 0.48533951 -0.57545768  0.65825073] 0.833182694291474 2.396261907932469 2.445350632119437
[-0.00161599  0.0010461  -0.033602  ] [ 0.51671258 -0.70741789  0.48225309] [ 0.51671258 -0.48225309 -0.70741789] [ 0.48225309 -0.70741789 -0.51671258] 0.4429140516476055 2.7230543528629765 2.5817413637873017
[-0.00161599  0.0010461  -0.033602  ] [ 0.6646125  -0.58708549  0.46219136] [ 0.6646125  -0.46219136 -0.58708549] [ 0.46219136 -0.58708549 -0.6646125 ] 0.39031563482621867 2.6294993105825655 2.767869990644497
[-0.00161599  0.0010461  -0.033602  ] [ 0.42590849 -0.78501008  0.44984568] [ 0.42590849 -0.44984568 -0.78501008] [ 0.44984568 -0.78501008 -0.42590849] 0.3686890363713986 2.786773676272868 2.472879815641302
[ 0.0433317  0.0010461 -0.0297251] [-0.62737204 -0.64732338  0.43287037] [-0.62737204 -0.43287037 -0.64732338] [ 0.43287037 -0.64732338  0.62737204] 0.718624096591294 2.3750549386957225 2.5168836918195865
[-0.00161599  0.0010461  -0.033602  ] [ 0.59096211 -0.68267821  0.42978395] [ 0.59096211 -0.42978395 -0.68267821] [ 0.42978395 -0.68267821 -0.59096211] 0.42584522664378066 2.7374136558684237 2.667955847008216
[-0.00161599  0.0010461  -0.033602  ] [-0.18265139 -0.88650001  0.42515432] [-0.18265139 -0.42515432 -0.88650001] [ 0.42515432 -0.88650001  0.18265139] 0.879313209083166 2.4187323362909767 2.3639470269135145
[-0.00161599  0.0010461  -0.033602  ] [ 0.50271754 -0.76770239  0.39737654] [ 0.50271754 -0.39737654 -0.76770239] [ 0.39737654 -0.76770239 -0.50271754] 0.3227003534337368 2.8278494565469097 2.553697727756116
[ 0.0433317  0.0010461 -0.0297251] [-0.58660408 -0.71497591  0.38040123] [-0.58660408 -0.38040123 -0.71497591] [ 0.38040123 -0.71497591  0.58660408] 0.4879212185275882 2.6860620247258327 2.5784463856695226
[-0.00161599  0.0010461  -0.033602  ] [ 0.66185702 -0.64774904  0.37731481] [ 0.66185702 -0.37731481 -0.64774904] [ 0.37731481 -0.64774904 -0.66185702] 0.3598255152599251 2.725396468306792 2.7945988939596558
[-0.00161599  0.0010461  -0.033602  ] [ 0.57729052 -0.74011792  0.34490741] [ 0.57729052 -0.34490741 -0.74011792] [ 0.34490741 -0.74011792 -0.57729052] 0.31047769708095857 2.8389585736203466 2.66518672582722
[-0.00161599  0.0010461  -0.033602  ] [-0.23653683 -0.91008866  0.34027778] [-0.23653683 -0.34027778 -0.91008866] [ 0.34027778 -0.91008866  0.23653683] 0.8022285373969753 2.3993022009594274 2.4639016699492204
[-0.00161599 -0.0439016  -0.0325515 ] [0.39236239 0.85698637 0.33410494] [ 0.39236239 -0.33410494  0.85698637] [ 0.33410494  0.85698637 -0.39236239] 0.8970108790425504 2.3721972893725 2.408838802954465
[-0.00161599  0.0010461  -0.033602  ] [ 0.72823366 -0.60344927  0.32484568] [ 0.72823366 -0.32484568 -0.60344927] [ 0.32484568 -0.60344927 -0.72823366] 0.2977001456541735 2.6894353413959635 2.850654496923415
[-0.00161599 -0.0439016  -0.0325515 ] [0.50893626 0.80620251 0.30169753] [ 0.50893626 -0.30169753  0.80620251] [ 0.30169753  0.80620251 -0.50893626] 0.8086520029075689 2.4600056666604386 2.3901229466483613
[ 0.0433317  0.0010461 -0.0297251] [-0.64288204 -0.70665963  0.29552469] [-0.64288204 -0.29552469 -0.70665963] [ 0.29552469 -0.70665963  0.64288204] 0.5119126883967285 2.5982183429753354 2.666867721223908
[-0.00161599  0.0010461  -0.033602  ] [ 0.64839309 -0.70289847  0.29243827] [ 0.64839309 -0.29243827 -0.70289847] [ 0.29243827 -0.70289847 -0.64839309] 0.3345530557747359 2.817152097384797 2.72055217583053
[-0.00161599  0.0010461  -0.033602  ] [-0.16355289 -0.9436189   0.28780864] [-0.16355289 -0.28780864 -0.9436189 ] [ 0.28780864 -0.9436189   0.16355289] 0.7639833529095789 2.487609447110513 2.4454580933167116
[-0.00161599 -0.0439016  -0.0325515 ] [0.32603711 0.90243065 0.2816358 ] [ 0.32603711 -0.2816358   0.90243065] [ 0.2816358   0.90243065 -0.32603711] 0.7719275301878051 2.372671504376904 2.4826123329667986
[-0.00161599  0.0010461  -0.033602  ] [ 0.55422016 -0.79071105  0.26003086] [ 0.55422016 -0.26003086 -0.79071105] [ 0.26003086 -0.79071105 -0.55422016] 0.2046245169840551 2.9381617694601116 2.406081637258629
[-0.00161599 -0.0439016  -0.0325515 ] [0.44758592 0.85880851 0.2492284 ] [ 0.44758592 -0.2492284   0.85880851] [ 0.2492284   0.85880851 -0.44758592] 0.7853087416049708 2.4734550437435963 2.47428155854176
[-0.00161599  0.0010461  -0.033602  ] [ 0.71488917 -0.6567711   0.23996914] [ 0.71488917 -0.23996914 -0.6567711 ] [ 0.23996914 -0.6567711  -0.71488917] 0.3897974313629954 2.7683197637752364 2.764382202164954
[-0.00161599  0.0010461  -0.033602  ] [-0.08634832 -0.96806988  0.23533951] [-0.08634832 -0.23533951 -0.96806988] [ 0.23533951 -0.96806988  0.08634832] 0.6325081310175299 2.5760197888293623 2.4129822377502053
[-0.00161599 -0.0439016  -0.0325515 ] [0.25403333 0.93965403 0.22916667] [ 0.25403333 -0.22916667  0.93965403] [ 0.22916667  0.93965403 -0.25403333] 0.6715839786786596 2.359934329944333 2.5486008252281005
[-0.06376025  0.05038155 -0.00259843] [0.90127126 0.37053102 0.22453704] [ 0.90127126 -0.22453704  0.37053102] [ 0.22453704  0.37053102 -0.90127126] 0.6538402085415952 2.3884721489095098 2.5609298954372703
[-0.00161599 -0.0439016  -0.0325515 ] [0.56258411 0.79780184 0.21682099] [ 0.56258411 -0.21682099  0.79780184] [ 0.21682099  0.79780184 -0.56258411] 0.6553491478720005 2.5598735807682065 2.439001952303483
[-0.00161599  0.0010461  -0.033602  ] [ 0.62568598 -0.75195424  0.20756173] [ 0.62568598 -0.20756173 -0.75195424] [ 0.20756173 -0.75195424 -0.62568598] 0.24249852507959407 2.9020939143155773 2.636370795974161
[-0.063217   0.0010461 -0.0143132] [0.80431001 0.55792047 0.20447531] [ 0.80431001 -0.20447531  0.55792047] [ 0.20447531  0.55792047 -0.80431001] 0.8185924188897878 2.3749484248248813 2.454024584693816
[-0.00161599 -0.0439016  -0.0325515 ] [0.37980135 0.90390084 0.19675926] [ 0.37980135 -0.19675926  0.90390084] [ 0.19675926  0.90390084 -0.37980135] 0.6640663518875924 2.4719914534673517 2.5537997755437924
[-0.06376025  0.05038155 -0.00259843] [0.94931003 0.24879041 0.19212963] [ 0.94931003 -0.19212963  0.24879041] [ 0.19212963  0.24879041 -0.94931003] 0.5492911385845345 2.4134209129597126 2.637701183383468
[-0.00161599  0.0010461  -0.033602  ] [ 0.77574424 -0.60254845  0.1875    ] [ 0.77574424 -0.1875     -0.60254845] [ 0.1875     -0.60254845 -0.77574424] 0.3639053191838308 2.7015549639114727 2.79099147225726
[-0.00161599  0.0010461  -0.033602  ] [-0.00619546 -0.98311751  0.18287037] [-0.00619546 -0.18287037 -0.98311751] [ 0.18287037 -0.98311751  0.00619546] 0.5160845298087743 2.663567722374645 2.3687112520448377
[ 0.03774546 -0.01306128  0.01798782] [-0.65970972  0.72931718  0.18132716] [-0.65970972 -0.18132716  0.72931718] [0.18132716 0.72931718 0.65970972] 0.8543331821528195 2.432995673209195 2.3778439345449085
[-0.00161599  0.0010461  -0.033602  ] [ 0.52318536 -0.8340252   0.17515432] [ 0.52318536 -0.17515432 -0.8340252 ] [ 0.17515432 -0.8340252  -0.52318536] 0.10690141459830112 3.033503035790491 2.360467589337423
[-0.0651273   0.0291384  -0.00307624] [0.87705605 0.44851458 0.1720679 ] [ 0.87705605 -0.1720679   0.44851458] [ 0.1720679   0.44851458 -0.87705605] 0.8501458937244326 2.4354212430312994 2.402656068562024
[-0.00161599 -0.0439016  -0.0325515 ] [0.49995769 0.85031217 0.16435185] [ 0.49995769 -0.16435185  0.85031217] [ 0.16435185  0.85031217 -0.49995769] 0.6359146341820783 2.5735904313788076 2.528094814889264
[-0.06376025  0.05038155 -0.00259843] [0.97975658 0.12068911 0.15972222] [ 0.97975658 -0.15972222  0.12068911] [ 0.15972222  0.12068911 -0.97975658] 0.47918544682737574 2.414420320303321 2.6931422582443436
[-0.00161599  0.0010461  -0.033602  ] [ 0.69241817 -0.70462995  0.15509259] [ 0.69241817 -0.15509259 -0.70462995] [ 0.15509259 -0.70462995 -0.69241817] 0.31319460949103123 2.8364824453318436 2.6722679641010334
[-0.0651273   0.0291384  -0.00307624] [0.76283728 0.6284691  0.15200617] [ 0.76283728 -0.15200617  0.6284691 ] [ 0.15200617  0.6284691  -0.76283728] 0.8360277297997477 2.3969055140510926 2.4436736938396377
[-0.00161599 -0.0439016  -0.0325515 ] [0.30668924 0.94080926 0.14429012] [ 0.30668924 -0.14429012  0.94080926] [ 0.14429012  0.94080926 -0.30668924] 0.5637684556034047 2.4562206623196077 2.6266474873888104
[-0.06376025  0.05038155 -0.00259843] [0.93385483 0.3292569  0.13966049] [ 0.93385483 -0.13966049  0.3292569 ] [ 0.13966049  0.3292569  -0.93385483] 0.6804239722409006 2.4743371833443453 2.5425334836861957
[ 0.03541961 -0.02052816  0.01520311] [-0.72368687  0.67799183  0.12885802] [-0.72368687 -0.12885802  0.67799183] [0.12885802 0.67799183 0.72368687] 0.5175554223958218 2.6624068911836587 2.3741757821382516
[-0.06376025  0.05038155 -0.00259843] [ 0.99180037 -0.01108885  0.12731481] [ 0.99180037 -0.12731481 -0.01108885] [ 0.12731481 -0.01108885 -0.99180037] 0.44989107035082815 2.391668600177165 2.717236663546419
[-0.00161599  0.0010461  -0.033602  ] [ 0.59499946 -0.79430724  0.12268519] [ 0.59499946 -0.12268519 -0.79430724] [ 0.12268519 -0.79430724 -0.59499946] 0.1702388502576741 2.9713777106454904 2.378893165246847
[-0.063217   0.0010461 -0.0143132] [0.84360418 0.52347695 0.11959877] [ 0.84360418 -0.11959877  0.52347695] [ 0.11959877  0.52347695 -0.84360418] 0.7092756071299052 2.4714865864144087 2.5230758851256434
[-0.00161599 -0.0439016  -0.0325515 ] [0.4312209  0.89528252 0.11188272] [ 0.4312209  -0.11188272  0.89528252] [ 0.11188272  0.89528252 -0.4312209 ] 0.5805556761150802 2.5705390852452714 2.6140005059799107
[-0.06376025  0.05038155 -0.00259843] [0.97336806 0.20261145 0.10725309] [ 0.97336806 -0.10725309  0.20261145] [ 0.10725309  0.20261145 -0.97336806] 0.5943275186899911 2.488074853176937 2.603761881742375
[-0.00161599  0.0010461  -0.033602  ] [ 0.75339756 -0.64950793  0.10262346] [ 0.75339756 -0.10262346 -0.64950793] [ 0.10262346 -0.64950793 -0.75339756] 0.40376421261612444 2.756252829935525 2.693168529732609
[ 0.02931833 -0.027894    0.02448796] [-0.62913849  0.77128597  0.09645062] [-0.62913849 -0.09645062  0.77128597] [0.09645062 0.77128597 0.62913849] 0.8722420362839204 2.4227341695243587 2.4060792120898076
[-0.00161599 -0.0439016  -0.0325515 ] [0.22940167 0.96899112 0.09182099] [ 0.22940167 -0.09182099  0.96899112] [ 0.09182099  0.96899112 -0.22940167] 0.48328167766259766 2.4276200305263034 2.689816278132045
[-0.06376025  0.05038155 -0.00259843] [0.90894858 0.40768878 0.08719136] [ 0.90894858 -0.08719136  0.40768878] [ 0.08719136  0.40768878 -0.90894858] 0.7049698620481588 2.525946339657384 2.446854688999754
[-0.01680001 -0.05005466  0.01431746] [0.5484672  0.83238658 0.07947531] [ 0.5484672  -0.07947531  0.83238658] [ 0.07947531  0.83238658 -0.5484672 ] 0.2602753515580567 2.67300868051671 2.885374042337899
[ 0.03541961 -0.02052816  0.01520311] [-0.78143835  0.61928899  0.07638889] [-0.78143835 -0.07638889  0.61928899] [0.07638889 0.61928899 0.78143835] 0.5861634510510669 2.6098165620539966 2.359107606233681
[-0.06376025  0.05038155 -0.00259843] [0.99464875 0.07121795 0.07484568] [ 0.99464875 -0.07484568  0.07121795] [ 0.07484568  0.07121795 -0.99464875] 0.5462699302139369 2.475427056668206 2.640025076179984
[-0.00161599  0.0010461  -0.033602  ] [ 0.66192498 -0.7462741   0.07021605] [ 0.66192498 -0.07021605 -0.7462741 ] [ 0.07021605 -0.7462741  -0.66192498] 0.260233417474844 2.8854133163033437 2.47631177461969
[-0.06502035  0.0207107  -0.00307624] [0.80145658 0.59427348 0.06712963] [ 0.80145658 -0.06712963  0.59427348] [ 0.06712963  0.59427348 -0.80145658] 0.7518099375568804 2.495341537162013 2.390719322611276
[ 0.01289838 -0.03702778  0.02147252] [-0.52203623  0.85051552  0.06404321] [-0.52203623 -0.06404321  0.85051552] [0.06404321 0.85051552 0.52203623] 0.8811185848844826 2.4177150969814565 2.3640508076920557
[-0.00161599 -0.0439016  -0.0325515 ] [0.35744515 0.93204238 0.05941358] [ 0.35744515 -0.05941358  0.93204238] [ 0.05941358  0.93204238 -0.35744515] 0.47694044647540307 2.551503465494351 2.694969624480228
[-0.06376025  0.05038155 -0.00259843] [0.95740693 0.28349724 0.05478395] [ 0.95740693 -0.05478395  0.28349724] [ 0.05478395  0.28349724 -0.95740693] 0.6624089146003576 2.554950866300887 2.5123863743153674
[ 0.03541961 -0.02052816  0.01520311] [-0.69323539  0.71936801  0.04398148] [-0.69323539 -0.04398148  0.71936801] [0.04398148 0.71936801 0.69323539] 0.5974698508358467 2.60144298035506 2.4724889938644306
[-0.06376025  0.05038155 -0.00259843] [ 0.99716292 -0.06216996  0.04243827] [ 0.99716292 -0.04243827 -0.06216996] [ 0.04243827 -0.06216996 -0.99716292] 0.5652260402497595 2.4382693255705306 2.625542132105483
[-0.00161599 -0.0439016  -0.0325515 ] [0.14912846 0.98803448 0.03935185] [ 0.14912846 -0.03935185  0.98803448] [ 0.03935185  0.98803448 -0.14912846] 0.42388111205147233 2.3882036597630933 2.7390774423051547
[-0.00161599  0.0010461  -0.033602  ] [ 0.55747826 -0.82933015  0.03780864] [ 0.55747826 -0.03780864 -0.82933015] [ 0.03780864 -0.82933015 -0.55747826] 0.1403961951649445 3.000515500659218 2.3833768585017907
[-0.0664274  0.0235199 -0.0143132] [0.87499068 0.48289303 0.03472222] [ 0.87499068 -0.03472222  0.48289303] [ 0.03472222  0.48289303 -0.87499068] 0.6463595051316204 2.566188261248225 2.407157294491632
[-0.00161599 -0.0439016  -0.0325515 ] [0.47921001 0.8772847  0.02700617] [ 0.47921001 -0.02700617  0.8772847 ] [ 0.02700617  0.8772847  -0.47921001] 0.407021129729781 2.6684847820814364 2.7534556168911766
[-0.06376025  0.05038155 -0.00259843] [0.98789677 0.15349024 0.02237654] [ 0.98789677 -0.02237654  0.15349024] [ 0.02237654  0.15349024 -0.98789677] 0.6588363595074935 2.555135704726255 2.557437987073466
[ 0.03541961 -0.02052816  0.01520311] [-0.59165175  0.80611057  0.01157407] [-0.59165175 -0.01157407  0.80611057] [0.01157407 0.80611057 0.59165175] 0.8020957229706688 2.4639824836571314 2.4190926554344943
[-0.06376025  0.05038155 -0.00259843] [ 0.9808018  -0.19474908  0.01003086] [ 0.9808018  -0.01003086 -0.19474908] [ 0.01003086 -0.19474908 -0.9808018 ] 0.5565655630676658 2.380729316311908 2.6321300283548017
[ 0.00347335 -0.05279888  0.00776741] [0.27975803 0.96004543 0.00694444] [ 0.27975803 -0.00694444  0.96004543] [ 0.00694444  0.96004543 -0.27975803] 0.716165324449783 2.518507013406447 2.4594664549208667
[-0.06376025  0.05038155 -0.00259843] [0.93212841 0.36212053 0.00231481] [ 0.93212841 -0.00231481  0.36212053] [ 0.00231481  0.36212053 -0.93212841] 0.5820957325515617 2.612849440215685 2.4196279745963154
[-0.01680001 -0.05005466  0.01431746] [ 0.59212098  0.80583098 -0.00540123] [0.59212098 0.00540123 0.80583098] [-0.00540123  0.80583098 -0.59212098] 0.1636667545248973 2.7720706254490857 2.9777715683419856
[ 0.03541961 -0.02052816  0.01520311] [-0.75096278  0.66028998 -0.00848765] [-0.75096278  0.00848765  0.66028998] [-0.00848765  0.66028998  0.75096278] 0.7108544024863374 2.522026288329327 2.455155866769106
[-0.06376025  0.05038155 -0.00259843] [ 0.99974177  0.0203905  -0.01003086] [0.99974177 0.01003086 0.0203905 ] [-0.01003086  0.0203905  -0.99974177] 0.6323099580884586 2.5270126912069553 2.576161346867078
[-0.063217   0.0010461 -0.0143132] [ 0.83250402  0.55373469 -0.01774691] [0.83250402 0.01774691 0.55373469] [-0.01774691  0.55373469 -0.83250402] 0.6088664009940857 2.593086580799099 2.381974158179138
[ 0.03541961 -0.02052816  0.01520311] [-0.47880367  0.87767478 -0.02083333] [-0.47880367  0.02083333  0.87767478] [-0.02083333  0.87767478  0.47880367] 0.6844357406142645 2.370220082157142 2.539796402015898
[ 0.00347335 -0.05279888  0.00776741] [ 0.40515715  0.9138924  -0.02546296] [0.40515715 0.02546296 0.9138924 ] [-0.02546296  0.9138924  -0.40515715] 0.16208779292676867 2.6454501827180317 2.9793097239147084
[-0.06376025  0.05038155 -0.00259843] [ 0.97165399  0.23448445 -0.03009259] [0.97165399 0.03009259 0.23448445] [-0.03009259  0.23448445 -0.97165399] 0.5604251822351967 2.629188059655893 2.471232546277412
[ 0.02931833 -0.027894    0.02448796] [-0.65568323  0.75392778 -0.04089506] [-0.65568323  0.04089506  0.75392778] [-0.04089506  0.75392778  0.65568323] 0.7346180020877645 2.5064162706921733 2.384831017201416
[-0.06376025  0.05038155 -0.00259843] [ 0.99268736 -0.11300794 -0.04243827] [ 0.99268736  0.04243827 -0.11300794] [-0.04243827 -0.11300794 -0.99268736] 0.6514288498892088 2.474788337930685 2.5626209712400874
[-0.00161599 -0.0439016  -0.0325515 ] [ 0.19933454  0.97887346 -0.04552469] [0.19933454 0.04552469 0.97887346] [-0.04552469  0.97887346 -0.19933454] 0.22049842127694944 2.4742138442288812 2.922974333411233
[-0.0628784  0.0459938 -0.0143132] [ 0.89791824  0.43729553 -0.05015432] [0.89791824 0.05015432 0.43729553] [-0.05015432  0.43729553 -0.89791824] 0.5218646709461943 2.659014045939356 2.369403159099304
[ 0.01423765 -0.05351362  0.00648375] [ 0.52269597  0.85055273 -0.05787037] [0.52269597 0.05787037 0.85055273] [-0.05787037  0.85055273 -0.52269597] 0.11167366534430102 2.765801873209127 3.0287871193760862
[-0.06376025  0.05038155 -0.00259843] [ 0.99275016  0.1026687  -0.0625    ] [0.99275016 0.0625     0.1026687 ] [-0.0625      0.1026687  -0.99275016] 0.5818504647845479 2.6130326546078315 2.500597849951448
[ 0.0615521  0.012283  -0.0143132] [-0.6626064  -0.74622465 -0.06404321] [-0.6626064   0.06404321 -0.74622465] [-0.06404321 -0.74622465  0.6626064 ] 0.6985307552165344 2.530260786719417 2.402391390112266
[ 0.03541961 -0.02052816  0.01520311] [-0.54827452  0.83307971 -0.07330247] [-0.54827452  0.07330247  0.83307971] [-0.07330247  0.83307971  0.54827452] 0.7258944309550973 2.39380192984939 2.512105785052208
[-0.06376025  0.05038155 -0.00259843] [ 0.96690668 -0.24390489 -0.07484568] [ 0.96690668  0.07484568 -0.24390489] [-0.07484568 -0.24390489 -0.96690668] 0.5973489940190835 2.4042877177194546 2.601532048815007
[ 0.00347335 -0.05279888  0.00776741] [ 0.32742585  0.94165753 -0.0779321 ] [0.32742585 0.0779321  0.94165753] [-0.0779321   0.94165753 -0.32742585] 0.23938655235494818 2.606912562633298 2.905035137457604
[-0.06376025  0.05038155 -0.00259843] [ 0.94616487  0.31297858 -0.08256173] [0.94616487 0.08256173 0.31297858] [-0.08256173  0.31297858 -0.94616487] 0.4767003402419578 2.6951652530534163 2.3824821500659765
[ 0.03290566 -0.03103977  0.01447782] [-0.7131631   0.69475285 -0.0933642 ] [-0.7131631   0.0933642   0.69475285] [-0.0933642   0.69475285  0.7131631 ] 0.6690088750623732 2.431604491194676 2.550377619990771
[-0.06376025  0.05038155 -0.00259843] [ 0.99501723 -0.0305499  -0.09490741] [ 0.99501723  0.09490741 -0.0305499 ] [-0.09490741 -0.0305499  -0.99501723] 0.6439730090573484 2.5678733549177046 2.5214039536204336
[ 0.058242   0.0235199 -0.0143132] [-0.7542185  -0.64950114 -0.09645062] [-0.7542185   0.09645062 -0.64950114] [-0.09645062 -0.64950114  0.7542185 ] 0.906219685011051 2.372313379639781 2.403759216067872
[-0.00161599 -0.0439016  -0.0325515 ] [ 0.11738775  0.98823951 -0.09799383] [0.11738775 0.09799383 0.98823951] [-0.09799383  0.98823951 -0.11738775] 0.20172669753716777 2.4213412191055 2.940944706707698
[ 0.00276357 -0.03887726  0.02413813] [-0.43102689  0.89612568 -0.10570988] [-0.43102689  0.10570988  0.89612568] [-0.10570988  0.89612568  0.43102689] 0.8777627564329381 2.4196073940937453 2.372172894553265
[ 0.00347335 -0.05279888  0.00776741] [ 0.4486854   0.88685208 -0.11033951] [0.4486854  0.11033951 0.88685208] [-0.11033951  0.88685208 -0.4486854 ] 0.107666729339846 2.737136474679262 3.032746429525533
[ 0.02931833 -0.027894    0.02448796] [-0.84393454  0.5243177  -0.11342593] [-0.84393454  0.11342593  0.5243177 ] [-0.11342593  0.5243177   0.84393454] 0.8256562072545456 2.4498096267227423 2.389686611792527
[-0.06376025  0.05038155 -0.00259843] [ 0.97628824  0.18342128 -0.11496914] [0.97628824 0.11496914 0.18342128] [-0.11496914  0.18342128 -0.97628824] 0.47684826021713134 2.695044729693255 2.604030923392205
[ 0.058242   0.0235199 -0.0143132] [-0.59587739 -0.79457851 -0.11651235] [-0.59587739  0.11651235 -0.79457851] [-0.11651235 -0.79457851  0.59587739] 0.7063500477556933 2.525024960270006 2.4644943593034943
[ 0.0599577 -0.0214277 -0.0143132] [-0.99257904 -0.01055781 -0.12114198] [-0.99257904  0.12114198 -0.01055781] [-0.12114198 -0.01055781  0.99257904] 0.6248284404907677 2.5815240628047853 2.362079277624526
[ 0.02931833 -0.027894    0.02448796] [-0.61194707  0.78083436 -0.1257716 ] [-0.61194707  0.1257716   0.78083436] [-0.1257716   0.78083436  0.61194707] 0.7861480161127816 2.419943778516755 2.473762645121525
[-0.06376025  0.05038155 -0.00259843] [ 0.97848254 -0.16236642 -0.12731481] [ 0.97848254  0.12731481 -0.16236642] [-0.12731481 -0.16236642 -0.97848254] 0.6913236130014659 2.5006479321204096 2.5351208804235306
[ 0.058242   0.0235199 -0.0143132] [-0.8310125  -0.54112276 -0.12885802] [-0.8310125   0.12885802 -0.54112276] [-0.12885802 -0.54112276  0.8310125 ] 0.8905844008881789 2.412411308260519 2.386651220421046
[-0.00161599 -0.0439016  -0.0325515 ] [ 0.24718928  0.96015258 -0.13040123] [0.24718928 0.13040123 0.96015258] [-0.13040123  0.96015258 -0.24718928] 0.13036464061149144 2.556590198416476 3.0103664320824883
[ 0.0599577 -0.0214277 -0.0143132] [-0.96457443 -0.22284002 -0.1412037 ] [-0.96457443  0.1412037  -0.22284002] [-0.1412037  -0.22284002  0.96457443] 0.4364665860377305 2.7284572775495266 2.3772872336061646
[ 0.01423765 -0.05351362  0.00648375] [ 0.56059553  0.81569355 -0.14274691] [0.56059553 0.14274691 0.81569355] [-0.14274691  0.81569355 -0.56059553] 0.16236200845104887 2.861965449552608 2.9790425398530793
[0.0133929  0.02805882 0.02397504] [ 0.13759626 -0.97992226 -0.14429012] [ 0.13759626  0.14429012 -0.97992226] [-0.14429012 -0.97992226 -0.13759626] 0.7610732731830486 2.39111456391463 2.4894495820436093
[-0.06376025  0.05038155 -0.00259843] [ 0.98774527  0.05137536 -0.14737654] [0.98774527 0.14737654 0.05137536] [-0.14737654  0.05137536 -0.98774527] 0.5211275803202661 2.65959353873785 2.617275103681643
[-0.01566215  0.07538815  0.00254222] [-0.69346695 -0.70493014 -0.14891975] [-0.69346695  0.14891975 -0.70493014] [-0.14891975 -0.70493014  0.69346695] 0.9694528847902867 2.3701110504467984 2.3629696342655064
[-0.00161599 -0.0439016  -0.0325515 ] [ 0.03515917  0.98799025 -0.15046296] [0.03515917 0.15046296 0.98799025] [-0.15046296  0.98799025 -0.03515917] 0.22818717532068394 2.3623150267233584 2.9156540367862847
[ 0.0636455 -0.0101908 -0.0143132] [-0.98066238  0.12134202 -0.15354938] [-0.98066238  0.15354938  0.12134202] [-0.15354938  0.12134202  0.98066238] 0.9374070568476283 2.386898187957679 2.376858185733179
[ 0.00276357 -0.03887726  0.02413813] [-0.50000606  0.85145366 -0.15817901] [-0.50000606  0.15817901  0.85145366] [-0.15817901  0.85145366  0.50000606] 0.9440619713900321 2.383367688457743 2.3720207490237293
[-0.06376025  0.05038155 -0.00259843] [ 0.9436001  -0.2900132  -0.15972222] [ 0.9436001   0.15972222 -0.2900132 ] [-0.15972222 -0.2900132  -0.9436001 ] 0.579334535789451 2.4184001411640303 2.614914303130157
[ 0.00347335 -0.05279888  0.00776741] [ 0.37120793  0.9141652  -0.16280864] [0.37120793 0.16280864 0.9141652 ] [-0.16280864  0.9141652  -0.37120793] 0.2575088189124684 2.691039169620876 2.887966794258003
[-0.06376025  0.05038155 -0.00259843] [ 0.95059217  0.26141722 -0.16743827] [0.95059217 0.16743827 0.26141722] [-0.16743827  0.26141722 -0.95059217] 0.38692049399622896 2.770819659360085 2.518064032280063
[ 0.0599577 -0.0214277 -0.0143132] [-0.98053146 -0.09174554 -0.17361111] [-0.98053146  0.17361111 -0.09174554] [-0.17361111 -0.09174554  0.98053146] 0.5803621026524571 2.6141452952339703 2.418127360946914
[ 0.02931833 -0.027894    0.02448796] [-0.66884038  0.72172209 -0.17824074] [-0.66884038  0.17824074  0.72172209] [-0.17824074  0.72172209  0.66884038] 0.8643674972412557 2.3849113255145533 2.427223773851747
[-0.06376025  0.05038155 -0.00259843] [ 0.9804185  -0.08035729 -0.17978395] [ 0.9804185   0.17978395 -0.08035729] [-0.17978395 -0.08035729 -0.9804185 ] 0.6039871013271115 2.596653963768242 2.4611737735613577
[-0.00161599 -0.0439016  -0.0325515 ] [ 0.1656675   0.96907828 -0.18287037] [0.1656675  0.18287037 0.96907828] [-0.18287037  0.96907828 -0.1656675 ] 0.10052494631165006 2.4979471465753527 3.0398116257446963
[ 0.03541961 -0.02052816  0.01520311] [-0.37978127  0.90523091 -0.19058642] [-0.37978127  0.19058642  0.90523091] [-0.19058642  0.90523091  0.37978127] 0.7457173624525321 2.499245418287611 2.38368241257599
[ 0.0599577 -0.0214277 -0.0143132] [-0.93439197 -0.29900248 -0.19367284] [-0.93439197  0.19367284 -0.29900248] [-0.19367284 -0.29900248  0.93439197] 0.7622344311272131 2.4887147261539684 2.4167139650714686
[ 0.01289838 -0.03702778  0.02147252] [ 0.48686643  0.85138227 -0.19521605] [0.48686643 0.19521605 0.85138227] [-0.19521605  0.85138227 -0.48686643] 0.3267174135527068 2.8242155441277537 2.689732421117701
[ 0.02226245 -0.0359715   0.0222068 ] [-0.80504897  0.55908164 -0.19830247] [-0.80504897  0.19830247  0.55908164] [-0.19830247  0.55908164  0.80504897] 0.8770357521506947 2.420018170564349 2.3641241330457174
[-0.06376025  0.05038155 -0.00259843] [ 0.97096163  0.13151129 -0.19984568] [0.97096163 0.19984568 0.13151129] [-0.19984568  0.13151129 -0.97096163] 0.41189909012731263 2.749278059233615 2.544045172418347
[ 0.058242   0.0235199 -0.0143132] [-0.62692003 -0.75260467 -0.20138889] [-0.62692003  0.20138889 -0.75260467] [-0.20138889 -0.75260467  0.62692003] 0.6779266953254909 2.5118951280040807 2.5442424502282908
[ 0.0636455 -0.0101908 -0.0143132] [-0.97774766  0.03957132 -0.20601852] [-0.97774766  0.20601852  0.03957132] [-0.20601852  0.03957132  0.97774766] 0.8377560832126383 2.3691368137979483 2.442657247291829
[-0.06376025  0.05038155 -0.00259843] [ 0.95461927 -0.20899012 -0.21219136] [ 0.95461927  0.21219136 -0.20899012] [-0.21219136 -0.20899012 -0.95461927] 0.72069474812894 2.5155195449688112 2.4597830614084892
[ 0.0636455 -0.0101908 -0.0143132] [-0.84478646 -0.49056433 -0.21373457] [-0.84478646  0.21373457 -0.49056433] [-0.21373457 -0.49056433  0.84478646] 0.6507657740622167 2.563086638019201 2.374257724967179
[ 0.00347335 -0.05279888  0.00776741] [ 0.29144665  0.93204846 -0.21527778] [0.29144665 0.21527778 0.93204846] [-0.21527778  0.93204846 -0.29144665] 0.3601311072507899 2.632975228414115 2.7943283590674435
[-0.0628784  0.0459938 -0.0143132] [ 0.91603266  0.33544731 -0.21990741] [0.91603266 0.21990741 0.33544731] [-0.21990741  0.33544731 -0.91603266] 0.31336701356028546 2.836325449589109 2.4489053615727445
[ 0.04291672 -0.01000185  0.0154319 ] [-0.25389553  0.94117523 -0.22299383] [-0.25389553  0.22299383  0.94117523] [-0.22299383  0.94117523  0.25389553] 0.9275532936814672 2.3921689546088802 2.391406438920474
[ 0.0599577 -0.0214277 -0.0143132] [-0.95906831 -0.17051596 -0.22608025] [-0.95906831  0.22608025 -0.17051596] [-0.22608025 -0.17051596  0.95906831] 0.5601585180341552 2.629391011729828 2.468334729428419
[ 0.02931833 -0.027894    0.02448796] [-0.71805453  0.65663586 -0.23070988] [-0.71805453  0.23070988  0.65663586] [-0.23070988  0.65663586  0.71805453] 0.941863573615208 2.3845313677239743 2.3747784599072865
[-0.06376025  0.05038155 -0.00259843] [ 9.72655012e-01  8.55694871e-04 -2.32253086e-01] [9.72655012e-01 2.32253086e-01 8.55694871e-04] [-2.32253086e-01  8.55694871e-04 -9.72655012e-01] 0.48031476147423385 2.6922242358137716 2.38170309819447
[ 0.06481945  0.00947378 -0.00307624] [-0.71635507 -0.65739996 -0.2337963 ] [-0.71635507  0.2337963  -0.65739996] [-0.2337963  -0.65739996  0.71635507] 0.6340051129019473 2.574951289893909 2.358653404716873
[-0.00161599 -0.0439016  -0.0325515 ] [ 0.08411842  0.96826619 -0.23533951] [0.08411842 0.23533951 0.96826619] [-0.23533951  0.96826619 -0.08411842] 0.1472601080658921 2.43380354147091 2.9937907243551702
[ 0.03541961 -0.02052816  0.01520311] [-0.44784266  0.8604423  -0.24305556] [-0.44784266  0.24305556  0.8604423 ] [-0.24305556  0.8604423   0.44784266] 0.6666060172527213 2.5520393856835804 2.3829501390993157
[-0.0463912   0.0683523  -0.01403177] [ 0.9110811  -0.33181722 -0.24459877] [ 0.9110811   0.24459877 -0.33181722] [-0.24459877 -0.33181722 -0.9110811 ] 0.5660251878952384 2.4234609103267077 2.6249366861874397
[ 0.0599577 -0.0214277 -0.0143132] [-0.89558125 -0.37060539 -0.24614198] [-0.89558125  0.24614198 -0.37060539] [-0.24614198 -0.37060539  0.89558125] 0.8267934079620366 2.4215012820538497 2.4491337865373612
[ 0.01427004 -0.04150725  0.01647527] [ 0.40986704  0.87787303 -0.24768519] [0.40986704 0.24768519 0.87787303] [-0.24768519  0.87787303 -0.40986704] 0.3423500098376178 2.767244150330941 2.810156505343576
[-0.06376025  0.05038155 -0.00259843] [ 0.94489247  0.20860358 -0.25231481] [0.94489247 0.25231481 0.20860358] [-0.25231481  0.20860358 -0.94489247] 0.3141689387367066 2.8355953982431026 2.4643207505518463
[ 0.0636455 -0.0101908 -0.0143132] [-0.96515415 -0.04076273 -0.25848765] [-0.96515415  0.25848765 -0.04076273] [-0.25848765 -0.04076273  0.96515415] 0.6956172595506385 2.532221532548481 2.5037797497090986
[ 0.04304789 -0.01690923  0.01071095] [-0.61878444  0.74018586 -0.26311728] [-0.61878444  0.26311728  0.74018586] [-0.26311728  0.74018586  0.61878444] 0.8786227909814538 2.4191218342346605 2.3796516154402227
[-0.06376025  0.05038155 -0.00259843] [ 0.95584227 -0.1277512  -0.26466049] [ 0.95584227  0.26466049 -0.1277512 ] [-0.26466049 -0.1277512  -0.95584227] 0.5828785887750697 2.612264910003038 2.5000988622322655
[ 0.0615521  0.012283  -0.0143132] [-0.79075451 -0.55121946 -0.2662037 ] [-0.79075451  0.2662037  -0.55121946] [-0.2662037  -0.55121946  0.79075451] 0.5872351852758796 2.609019268944137 2.375453908420292
[ 0.00400247 -0.0564276   0.00254222] [ 0.2106409   0.9401819  -0.26774691] [0.2106409  0.26774691 0.9401819 ] [-0.26774691  0.9401819  -0.2106409 ] 0.27749132173704083 2.567351066330815 2.8693191055688327
[ 0.058242   0.0235199 -0.0143132] [-0.91734412  0.29176887 -0.27083333] [-0.91734412  0.27083333  0.29176887] [-0.27083333  0.29176887  0.91734412] 0.43763144795796655 2.7274792336390625 2.440485540030555
[-0.0628784  0.0459938 -0.0143132] [ 0.87311285  0.40433275 -0.27237654] [0.87311285 0.27237654 0.40433275] [-0.27237654  0.40433275 -0.87311285] 0.2611949750097217 2.884512957885431 2.3573719549198118
[ 0.04304789 -0.01690923  0.01071095] [-0.32615381  0.9042919  -0.27546296] [-0.32615381  0.27546296  0.9042919 ] [-0.27546296  0.9042919   0.32615381] 0.786553008896092 2.4735123942464305 2.379146318434539
[ 0.0599577 -0.0214277 -0.0143132] [-0.92848345 -0.24561905 -0.27854938] [-0.92848345  0.27854938 -0.24561905] [-0.27854938 -0.24561905  0.92848345] 0.6825910639557876 2.5410536870560216 2.5118854861480657
[ 0.01289838 -0.03702778  0.02147252] [ 0.51847906  0.80791559 -0.28009259] [0.51847906 0.28009259 0.80791559] [-0.28009259  0.80791559 -0.51847906] 0.24416713018776492 2.9005185860409894 2.7040717642239094
[-0.06376025  0.05038155 -0.00259843] [ 0.95526706  0.07998815 -0.28472222] [0.95526706 0.28472222 0.07998815] [-0.28472222  0.07998815 -0.95526706] 0.3681415418300669 2.7872557403367657 2.4731456688779954
[ 0.06481945  0.00947378 -0.00307624] [-0.6500411  -0.70391667 -0.28626543] [-0.6500411   0.28626543 -0.70391667] [-0.28626543 -0.70391667  0.6500411 ] 0.6580704478823179 2.557972259205717 2.4166169603588865
[-0.00161599 -0.0439016  -0.0325515 ] [ 0.00382935  0.95768028 -0.28780864] [0.00382935 0.28780864 0.95768028] [-0.28780864  0.95768028 -0.00382935] 0.18768051150821985 2.366336376272686 2.9544776747788237
[-0.0654248  0.0347569 -0.0143132] [ 0.92112063 -0.25156996 -0.2970679 ] [ 0.92112063  0.2970679  -0.25156996] [-0.2970679  -0.25156996 -0.92112063] 0.7147134757214263 2.519467323882504 2.4458126508581532
[ 0.01427004 -0.04150725  0.01647527] [ 0.33080145  0.89469424 -0.30015432] [0.33080145 0.30015432 0.89469424] [-0.30015432  0.89469424 -0.33080145] 0.44995287207489765 2.6992543510611853 2.7171852661799507
[-0.0628784  0.0459938 -0.0143132] [ 0.90989893  0.28140838 -0.30478395] [0.90989893 0.30478395 0.28140838] [-0.30478395  0.28140838 -0.90989893] 0.2284308655733121 2.9154224195833223 2.380054972505737
[-0.02621276  0.02281401  0.01868387] [ 0.77572507 -0.55001259 -0.30941358] [ 0.77572507  0.30941358 -0.55001259] [-0.30941358 -0.55001259 -0.77572507] 0.47971414817752794 2.3666437287049944 2.692712375052387
[ 0.01415861 -0.04834668  0.01111664] [ 0.61507109  0.72390006 -0.3125    ] [0.61507109 0.3125     0.72390006] [-0.3125      0.72390006 -0.61507109] 0.1083277776518461 3.0320930024223247 2.801552951779175
[ 0.04304789 -0.01690923  0.01071095] [-0.66663801  0.67527696 -0.31558642] [-0.66663801  0.31558642  0.67527696] [-0.31558642  0.67527696  0.66663801] 0.8216973867325338 2.4521682539285705 2.3666652247558777
[-0.0654248  0.0347569 -0.0143132] [ 0.94718716 -0.04759489 -0.31712963] [ 0.94718716  0.31712963 -0.04759489] [-0.31712963 -0.04759489 -0.94718716] 0.4604739888823553 2.708470120641143 2.4543776382760414
[ 0.0615521  0.012283  -0.0143132] [-0.73017762 -0.60439082 -0.31867284] [-0.73017762  0.31867284 -0.60439082] [-0.31867284 -0.60439082  0.73017762] 0.7050649958061417 2.5258827921573 2.4416815890031316
[ 0.0269265 -0.0551385 -0.0143132] [ 0.13007869  0.93837158 -0.32021605] [0.13007869 0.32021605 0.93837158] [-0.32021605  0.93837158 -0.13007869] 0.19757138207938119 2.4973083669612297 2.944940736588777
[ 0.058242   0.0235199 -0.0143132] [-0.92238401  0.21138415 -0.32330247] [-0.92238401  0.32330247  0.21138415] [-0.32330247  0.21138415  0.92238401] 0.5251691125828695 2.6564204353265732 2.5199887571794823
[ 0.03774546 -0.01306128  0.01798782] [-0.39279673  0.85916894 -0.3279321 ] [-0.39279673  0.3279321   0.85916894] [-0.3279321   0.85916894  0.39279673] 0.7983814967224754 2.46624672947837 2.361057865394038
[-0.0521821   0.0675972  -0.00307624] [ 0.86950173 -0.36798472 -0.32947531] [ 0.86950173  0.32947531 -0.36798472] [-0.32947531 -0.36798472 -0.86950173] 0.6387257352375183 2.4201319367852916 2.5715913222877287
[ 0.0543402  0.0347569 -0.0139973] [-0.88920483 -0.31581879 -0.33101852] [-0.88920483  0.33101852 -0.31581879] [-0.33101852 -0.31581879  0.88920483] 0.8489662522906528 2.426727581553787 2.436106385796613
[ 0.01289838 -0.03702778  0.02147252] [ 0.44208501  0.83304474 -0.33256173] [0.44208501 0.33256173 0.83304474] [-0.33256173  0.83304474 -0.44208501] 0.32225476343464793 2.8282530736795164 2.60877663639243
[ 0.04394989 -0.02251959  0.00815697] [-0.79028758  0.51262644 -0.33564815] [-0.79028758  0.33564815  0.51262644] [-0.33564815  0.51262644  0.79028758] 0.8393047785011624 2.378756934297132 2.4417479259709785
[-0.0654248  0.0347569 -0.0143132] [ 0.92846394  0.1557456  -0.33719136] [0.92846394 0.33719136 0.1557456 ] [-0.33719136  0.1557456  -0.92846394] 0.2643277685624494 2.8815824955961653 2.4202049218287933
[-0.01927638  0.02923827  0.01747583] [ 0.68729126 -0.64092834 -0.34182099] [ 0.68729126  0.34182099 -0.64092834] [-0.34182099 -0.64092834 -0.68729126] 0.4897634381458166 2.37522385787688 2.684575124923942
[ 0.03541961 -0.02052816  0.01520311] [-0.56378276  0.74903224 -0.34799383] [-0.56378276  0.34799383  0.74903224] [-0.34799383  0.74903224  0.56378276] 0.9492115498684901 2.380651836780965 2.3626062551013085
[-0.0654248  0.0347569 -0.0143132] [ 0.92111528 -0.17137824 -0.34953704] [ 0.92111528  0.34953704 -0.17137824] [-0.34953704 -0.17137824 -0.92111528] 0.5802533597186506 2.6142266435483554 2.410207224617351
[ 0.01289838 -0.03702778  0.02147252] [ 0.25094087  0.90149064 -0.35262346] [0.25094087 0.35262346 0.90149064] [-0.35262346  0.90149064 -0.25094087] 0.5687463407416292 2.3634288526646774 2.622878211229691
[ 0.04304789 -0.01690923  0.01071095] [-0.27126648  0.89250767 -0.36033951] [-0.27126648  0.36033951  0.89250767] [-0.36033951  0.89250767  0.27126648] 0.7778843028206603 2.4788904612797173 2.476683738919084
[-0.02621276  0.02281401  0.01868387] [ 0.80238936 -0.47456528 -0.36188272] [ 0.80238936  0.36188272 -0.47456528] [-0.36188272 -0.47456528 -0.80238936] 0.5955352877705168 2.4319514395749464 2.6028698436348883
[ 0.0545686  0.033588  -0.0143132] [-0.91163354 -0.19195282 -0.36342593] [-0.91163354  0.36342593 -0.19195282] [-0.36342593 -0.19195282  0.91163354] 0.8593604049632128 2.4300967766638415 2.374287808350117
[ 0.01289838 -0.03702778  0.02147252] [ 0.54219648  0.75684906 -0.36496914] [0.54219648 0.36496914 0.75684906] [-0.36496914  0.75684906 -0.54219648] 0.19217003849685627 2.9501444600857116 2.6932385830409746
[ 0.01429049 -0.03399571  0.02586342] [-0.70562651  0.60549676 -0.36805556] [-0.70562651  0.36805556  0.60549676] [-0.36805556  0.60549676  0.70562651] 0.9021419566015701 2.406002756380923 2.389684648051062
[-0.0654248  0.0347569 -0.0143132] [ 0.92870219  0.03014952 -0.36959877] [0.92870219 0.36959877 0.03014952] [-0.36959877  0.03014952 -0.92870219] 0.34944263658331165 2.803821804444766 2.4137980624919666
[ 0.0269265 -0.0551385 -0.0143132] [ 0.05109046  0.92655033 -0.37268519] [0.05109046 0.37268519 0.92655033] [-0.37268519  0.92655033 -0.05109046] 0.10005309581298433 2.4250361944505188 3.040278777673381
[-0.0521821   0.0675972  -0.00307624] [ 0.87793655 -0.28869681 -0.38194444] [ 0.87793655  0.38194444 -0.28869681] [-0.38194444 -0.28869681 -0.87793655] 0.7245362274098515 2.512995863314587 2.4861107036794685
[ 0.01427004 -0.04150725  0.01647527] [ 0.3638404   0.84815765 -0.38503086] [0.3638404  0.38503086 0.84815765] [-0.38503086  0.84815765 -0.3638404 ] 0.4126522301494793 2.748634333989281 2.6729419336386164
[-0.01927638  0.02923827  0.01747583] [ 0.7215481  -0.56912533 -0.39429012] [ 0.7215481   0.39429012 -0.56912533] [-0.39429012 -0.56912533 -0.7215481 ] 0.5113605670988177 2.4474277429102984 2.6673052973303824
[-0.00686628  0.00180448  0.04765785] [-0.01261287 -0.91689909 -0.39891975] [-0.01261287  0.39891975 -0.91689909] [-0.39891975 -0.91689909  0.01261287] 0.7819299534502228 2.365308282771206 2.4763749074242485
[ 0.04304789 -0.01690923  0.01071095] [-0.60960844  0.68411035 -0.40046296] [-0.60960844  0.40046296  0.68411035] [-0.40046296  0.68411035  0.60960844] 0.9222014175469471 2.3950534470960374 2.3713064188778614
[-0.0654248  0.0347569 -0.0143132] [ 0.91094367 -0.09258874 -0.40200617] [ 0.91094367  0.40200617 -0.09258874] [-0.40200617 -0.09258874 -0.91094367] 0.4623823668802751 2.7068967405279487 2.362491360232061
[ 0.0269265 -0.0551385 -0.0143132] [ 0.17161861  0.89802397 -0.40509259] [0.17161861 0.40509259 0.89802397] [-0.40509259  0.89802397 -0.17161861] 0.21251487501900343 2.5489029438567012 2.9306003747496447
[ 0.03774546 -0.01306128  0.01798782] [-0.33591526  0.84661087 -0.41280864] [-0.33591526  0.41280864  0.84661087] [-0.41280864  0.84661087  0.33591526] 0.8144987672982438 2.3776830765842605 2.4564806589348014
[-0.0486428   0.06946935 -0.00307624] [ 0.8189401  -0.39705119 -0.41435185] [ 0.8189401   0.41435185 -0.39705119] [-0.41435185 -0.39705119 -0.8189401 ] 0.7395191103689432 2.40928735553969 2.503240474690297
[0.05164665 0.04725472 0.01474725] [-0.87139045 -0.26021142 -0.41589506] [-0.87139045  0.41589506 -0.26021142] [-0.41589506 -0.26021142  0.87139045] 0.8446053596273558 2.438646151679862 2.395357606474149
[ 0.01427004 -0.04150725  0.01647527] [ 0.46640287  0.77988054 -0.41743827] [0.46640287 0.41743827 0.77988054] [-0.41743827  0.77988054 -0.46640287] 0.2859837063749395 2.8614512716998464 2.5983137059973878
[-0.01351392  0.03544964  0.02154092] [ 0.90056452  0.10412605 -0.4220679 ] [0.90056452 0.4220679  0.10412605] [-0.4220679   0.10412605 -0.90056452] 0.3808508230937891 2.7761097336462535 2.455157931624768
[ 0.0042538  -0.04260004  0.01760078] [-0.50462359  0.74697943 -0.43287037] [-0.50462359  0.43287037  0.74697943] [-0.43287037  0.74697943  0.50462359] 0.8258216529818689 2.427662839483402 2.4497112551432956
[ 0.04304789 -0.01690923  0.01071095] [-0.21630352  0.86890475 -0.44521605] [-0.21630352  0.44521605  0.86890475] [-0.44521605  0.86890475  0.21630352] 0.6366233151534255 2.396838779306143 2.573085974018186
[-0.01927638  0.02923827  0.01747583] [ 0.74579119 -0.49416765 -0.44675926] [ 0.74579119  0.44675926 -0.49416765] [-0.44675926 -0.49416765 -0.74579119] 0.7170324326270731 2.5179341028042352 2.496574223773467
[0.05164665 0.04725472 0.01474725] [-0.8829658  -0.13927054 -0.44830247] [-0.8829658   0.44830247 -0.13927054] [-0.44830247 -0.13927054  0.8829658 ] 0.9620813483988974 2.3701557041782344 2.373925159777932
[ 0.01289838 -0.03702778  0.02147252] [ 0.5565123   0.69852196 -0.44984568] [0.5565123  0.44984568 0.69852196] [-0.44984568  0.69852196 -0.5565123 ] 0.19516190642219328 2.947260751829731 2.6565928282230096
[ 0.04304789 -0.01690923  0.01071095] [-0.64606246  0.61437432 -0.4529321 ] [-0.64606246  0.4529321   0.61437432] [-0.4529321   0.61437432  0.64606246] 0.9234659156780384 2.39437053329196 2.3809829758828283
[-0.01351392  0.03544964  0.02154092] [ 0.8906047  -0.01659695 -0.45447531] [ 0.8906047   0.45447531 -0.01659695] [-0.45447531 -0.01659695 -0.8906047 ] 0.4475816803191808 2.7191589694478715 2.5697733261566036
[ 0.0269265 -0.0551385 -0.0143132] [ 0.09422757  0.88417104 -0.45756173] [0.09422757 0.45756173 0.88417104] [-0.45756173  0.88417104 -0.09422757] 0.1404144005414023 2.4715174685422654 3.0004976472388005
[ 0.04394989 -0.02251959  0.00815697] [-0.39327139  0.79300328 -0.46527778] [-0.39327139  0.46527778  0.79300328] [-0.46527778  0.79300328  0.39327139] 0.8568644347511233 2.4021899744451876 2.4315342522747825
[-0.0212806  0.0240107  0.0193976] [ 0.82489387 -0.3187919  -0.46682099] [ 0.82489387  0.46682099 -0.3187919 ] [-0.46682099 -0.3187919  -0.82489387] 0.6635215130671496 2.5541779723761366 2.41767484150094
[0.0133929  0.02805882 0.02397504] [-0.82283165 -0.32184321 -0.4683642 ] [-0.82283165  0.4683642  -0.32184321] [-0.4683642  -0.32184321  0.82283165] 0.7607230342941471 2.420043966178625 2.4896713973897784
[ 0.01427004 -0.04150725  0.01647527] [ 0.38896725  0.79239605 -0.46990741] [0.38896725 0.46990741 0.79239605] [-0.46990741  0.79239605 -0.38896725] 0.385903913157255 2.7717041699955396 2.626387492090096
[0.058425   0.0403753  0.00816068] [-0.87665387 -0.01990009 -0.48070988] [-0.87665387  0.48070988 -0.01990009] [-0.48070988 -0.01990009  0.87665387] 0.8932611628891869 2.4109205126288105 2.379633378936555
[ 0.01427004 -0.04150725  0.01647527] [ 0.632363    0.60625819 -0.48225309] [0.632363   0.48225309 0.60625819] [-0.48225309  0.60625819 -0.632363  ] 0.17697621464403776 2.9648374876470194 2.9273597605676898
[-0.00686628  0.00180448  0.04765785] [-0.05670811 -0.87334148 -0.4837963 ] [-0.05670811  0.4837963  -0.87334148] [-0.4837963  -0.87334148  0.05670811] 0.8633337694276257 2.427815748084542 2.424991143587057
[ 0.01289838 -0.03702778  0.02147252] [-0.5475835   0.68161417 -0.48533951] [-0.5475835   0.48533951  0.68161417] [-0.48533951  0.68161417  0.5475835 ] 0.6376951158813406 2.4986041468337703 2.5723236538287093
[ 0.04304789 -0.01690923  0.01071095] [-0.27830109  0.82149739 -0.49768519] [-0.27830109  0.49768519  0.82149739] [-0.49768519  0.82149739  0.27830109] 0.8613427295090694 2.4289576436229585 2.3673594218024956
[-0.01927638  0.02923827  0.01747583] [ 0.75934646 -0.41732956 -0.4992284 ] [ 0.75934646  0.4992284  -0.41732956] [-0.4992284  -0.41732956 -0.75934646] 0.617947951571811 2.586487900585353 2.460957718923233
[0.0594873 0.0347569 0.0137791] [-0.84095489 -0.20499433 -0.5007716 ] [-0.84095489  0.5007716  -0.20499433] [-0.5007716  -0.20499433  0.84095489] 0.802305871323484 2.432109437694706 2.4638546193350135
[ 0.01427004 -0.04150725  0.01647527] [ 0.48112449  0.71846994 -0.50231481] [0.48112449 0.50231481 0.71846994] [-0.50231481  0.71846994 -0.48112449] 0.29474571686561785 2.8533705923632477 2.739560208938462
[ 0.04291672 -0.01000185  0.0154319 ] [-0.67225368  0.54096635 -0.50540123] [-0.67225368  0.50540123  0.54096635] [-0.50540123  0.54096635  0.67225368] 0.9360936405348556 2.378040612736566 2.387597743510123
[-0.01351392  0.03544964  0.02154092] [ 0.86021258  0.05515113 -0.50694444] [0.86021258 0.50694444 0.05515113] [-0.50694444  0.05515113 -0.86021258] 0.49877595518464096 2.677332106224314 2.486545775394358
[-0.01706592  0.05879193  0.01499454] [-0.59641001 -0.62107601 -0.50848765] [-0.59641001  0.50848765 -0.62107601] [-0.50848765 -0.62107601  0.59641001] 0.9784601749902871 2.3654037984120344 2.365488572813477
[ 0.0269265 -0.0551385 -0.0143132] [ 0.0202219   0.85991836 -0.51003086] [0.0202219  0.51003086 0.85991836] [-0.51003086  0.85991836 -0.0202219 ] 0.11967213676060817 2.394588326497141 3.02089429553595
[ 0.0042538  -0.04260004  0.01760078] [-0.44209145  0.73245702 -0.51774691] [-0.44209145  0.51774691  0.73245702] [-0.51774691  0.73245702  0.44209145] 0.8385882185133334 2.37708184184148 2.442168484056816
[-0.0628784  0.0459938 -0.0143132] [ 0.81666284  0.23521544 -0.52700617] [0.81666284 0.52700617 0.23521544] [-0.52700617  0.23521544 -0.81666284] 0.08131454462132473 3.058863966468565 2.4997804052930594
[0.05022444 0.00326739 0.02274071] [-0.16254909  0.8322137  -0.53009259] [-0.16254909  0.53009259  0.8322137 ] [-0.53009259  0.8322137   0.16254909] 0.8158053306953641 2.455695687612754 2.4299978434235157
[0.05164665 0.04725472 0.01474725] [-0.84131158 -0.08896608 -0.53317901] [-0.84131158  0.53317901 -0.08896608] [-0.53317901 -0.08896608  0.84131158] 0.763735181425794 2.4877661723805318 2.4273628749462115
[ 0.01427004 -0.04150725  0.01647527] [ 0.55961586  0.63316841 -0.53472222] [0.55961586 0.53472222 0.63316841] [-0.53472222  0.63316841 -0.55961586] 0.25617549059897077 2.889217608830839 2.8379773416435476
[-0.00686628  0.00180448  0.04765785] [ 0.01503836 -0.84391542 -0.53626543] [ 0.01503836  0.53626543 -0.84391542] [-0.53626543 -0.84391542 -0.01503836] 0.7681147273633385 2.3609299245842124 2.485005908431783
[ 0.04568787 -0.00423424  0.01908757] [-0.58046905  0.61140621 -0.53780864] [-0.58046905  0.53780864  0.61140621] [-0.53780864  0.61140621  0.58046905] 0.7622721396850369 2.4886908755273964 2.384003345122085
[0.05210754 0.03888631 0.02339762] [-0.79027105 -0.26343188 -0.55324074] [-0.79027105  0.55324074 -0.26343188] [-0.55324074 -0.26343188  0.79027105] 0.8416006537238068 2.3703091553952165 2.440402445195007
[-0.0628784  0.0459938 -0.0143132] [ 0.81998728  0.12114993 -0.55941358] [0.81998728 0.55941358 0.12114993] [-0.55941358  0.12114993 -0.81998728] 0.20250030008393236 2.940201465496368 2.4748395271553196
[0.05501133 0.01860378 0.0194864 ] [-0.82435671  0.0234098  -0.56558642] [-0.82435671  0.56558642  0.0234098 ] [-0.56558642  0.0234098   0.82435671] 0.9352273901795269 2.369318245180353 2.3880596302489736
[ 0.01427004 -0.04150725  0.01647527] [ 0.62286608  0.53888944 -0.56712963] [0.62286608 0.56712963 0.53888944] [-0.56712963  0.53888944 -0.62286608] 0.2397011714164565 2.863358433953608 2.9047375919355085
[-0.00686628  0.00180448  0.04765785] [-0.09514433 -0.81704269 -0.56867284] [-0.09514433  0.56867284 -0.81704269] [-0.56867284 -0.81704269  0.09514433] 0.783029079478216 2.475693183392493 2.367985381767134
[0.05501133 0.01860378 0.0194864 ] [-0.48112185  0.66586442 -0.57021605] [-0.48112185  0.57021605  0.66586442] [-0.57021605  0.66586442  0.48112185] 0.4105148065947514 2.750462127257468 2.356452069208499
[0.06092505 0.00886534 0.01365851] [-0.7583103   0.30159572 -0.5779321 ] [-0.7583103   0.5779321   0.30159572] [-0.5779321   0.30159572  0.7583103 ] 0.6031393926100094 2.5972753196338028 2.3601684401189713
[0.05022444 0.00326739 0.02274071] [-0.22114144  0.78212422 -0.58256173] [-0.22114144  0.58256173  0.78212422] [-0.58256173  0.78212422  0.22114144] 0.9570365291962852 2.3746607040372893 2.3765516418792747
[0.05210754 0.03888631 0.02339762] [-0.79628102 -0.15150178 -0.58564815] [-0.79628102  0.58564815 -0.15150178] [-0.58564815 -0.15150178  0.79628102] 0.8690127980565573 2.404597849438787 2.42457106025043
[ 0.01427004 -0.04150725  0.01647527] [ 0.48414661  0.64869744 -0.58719136] [0.48414661 0.58719136 0.64869744] [-0.58719136  0.64869744 -0.48414661] 0.3511774258531956 2.802276634228666 2.7488297191604927
[ 0.01429049 -0.03399571  0.02586342] [-0.60220965  0.53750878 -0.59027778] [-0.60220965  0.59027778  0.53750878] [-0.59027778  0.53750878  0.60220965] 0.5280312105128525 2.6541797084749565 2.429799555738012
[0.060071   0.0291384  0.01340685] [-0.79098889  0.12938302 -0.59799383] [-0.79098889  0.59799383  0.12938302] [-0.59799383  0.12938302  0.79098889] 0.670658974510293 2.549238581436852 2.3902390146487136
[0.02324615 0.01696803 0.03166833] [-0.73149853 -0.31309015 -0.60570988] [-0.73149853  0.60570988 -0.31309015] [-0.60570988 -0.31309015  0.73149853] 0.702225474960765 2.356264456034598 2.5277819893348363
[0.06092505 0.00886534 0.01365851] [-0.69045024  0.3882836  -0.61033951] [-0.69045024  0.61033951  0.3882836 ] [-0.61033951  0.3882836   0.69045024] 0.6907648763800036 2.535499033172035 2.383293951224259
[0.05210754 0.03888631 0.02339762] [-0.78497707 -0.04264191 -0.61805556] [-0.78497707  0.61805556 -0.04264191] [-0.61805556 -0.04264191  0.78497707] 0.8304154337764408 2.44698623591001 2.4052677897791006
[ 0.01427004 -0.04150725  0.01647527] [ 0.54916289  0.56081859 -0.61959877] [0.54916289 0.61959877 0.56081859] [-0.61959877  0.56081859 -0.54916289] 0.3405762584965688 2.7980356518093608 2.811745038166212
[-0.00686628  0.00180448  0.04765785] [-0.02606751 -0.78326441 -0.62114198] [-0.02606751  0.62114198 -0.78326441] [-0.62114198 -0.78326441  0.02606751] 0.824775540300862 2.4503335272604807 2.416775310931664
[0.06092505 0.00886534 0.01365851] [-0.50906877  0.5942324  -0.62268519] [-0.50906877  0.62268519  0.5942324 ] [-0.62268519  0.5942324   0.50906877] 0.5452226952255392 2.640831982854701 2.4124103932010605
[0.06219645 0.0207107  0.00816068] [-0.74253722  0.22634655 -0.63040123] [-0.74253722  0.63040123  0.22634655] [-0.63040123  0.22634655  0.74253722] 0.699390024049853 2.5296835327681366 2.3898068419633995
[0.05022444 0.00326739 0.02274071] [-0.27083349  0.72345354 -0.63503086] [-0.27083349  0.63503086  0.72345354] [-0.63503086  0.72345354  0.27083349] 0.876635752533578 2.420244307132692 2.360844246702143
[0.01469788 0.02265986 0.02799652] [-0.74190644 -0.20586685 -0.63811728] [-0.74190644  0.63811728 -0.20586685] [-0.63811728 -0.20586685  0.74190644] 0.5826100151519858 2.393596263366736 2.612465399285845
[ 0.04394989 -0.02251959  0.00815697] [ 0.40731852  0.65186354 -0.63966049] [0.40731852 0.63966049 0.65186354] [-0.63966049  0.65186354 -0.40731852] 0.45743755593427987 2.710978241433744 2.638151467168268
[0.06092505 0.00886534 0.01365851] [-0.6116982   0.46119596 -0.64274691] [-0.6116982   0.64274691  0.46119596] [-0.64274691  0.46119596  0.6116982 ] 0.8145729802717834 2.456436045547118 2.4085920968911623
[0.05210754 0.03888631 0.02339762] [-0.75714044  0.06030167 -0.65046296] [-0.75714044  0.65046296  0.06030167] [-0.65046296  0.06030167  0.75714044] 0.6754775286151178 2.545922348486785 2.384457225478365
[0.06092505 0.00886534 0.01365851] [-0.41064994  0.63420842 -0.65509259] [-0.41064994  0.65509259  0.63420842] [-0.65509259  0.63420842  0.41064994] 0.6864444558037651 2.5384297692246642 2.4680379839898654
[0.06092505 0.00886534 0.01365851] [-0.68074005  0.31189371 -0.66280864] [-0.68074005  0.66280864  0.31189371] [-0.66280864  0.31189371  0.68074005] 0.770524076669036 2.483492357458263 2.458547412189672
[-0.04482827  0.05766793  0.01076245] [ 0.71133494  0.22943239 -0.66435185] [0.71133494 0.66435185 0.22943239] [-0.66435185  0.22943239 -0.71133494] 0.7779017097609746 2.442355408181915 2.4788796166281593
[ 0.0067102  -0.03535652  0.02661885] [-0.16575174  0.72598382 -0.66743827] [-0.16575174  0.66743827  0.72598382] [-0.66743827  0.72598382  0.16575174] 0.9058355245204781 2.374287355636081 2.40397019055409
[0.058425   0.0403753  0.00816068] [-0.73494312 -0.10126824 -0.67052469] [-0.73494312  0.67052469 -0.10126824] [-0.67052469 -0.10126824  0.73494312] 0.7489592589680711 2.3965075111016048 2.497165298275996
[ 0.04304789 -0.01690923  0.01071095] [ 0.47262638  0.57004302 -0.6720679 ] [0.47262638 0.6720679  0.57004302] [-0.6720679   0.57004302 -0.47262638] 0.19813791659386873 2.7174895084315773 2.944395544430909
[-0.00594467 -0.00296431  0.05073181] [ 0.03648925 -0.73818467 -0.67361111] [ 0.03648925  0.67361111 -0.73818467] [-0.67361111 -0.73818467 -0.03648925] 0.826756305914332 2.424584679536272 2.449155824433975
[0.06092505 0.00886534 0.01365851] [-0.5245404   0.51867525 -0.67515432] [-0.5245404   0.67515432  0.51867525] [-0.67515432  0.51867525  0.5245404 ] 0.7920432809700324 2.3656072157551034 2.470129581449712
[0.06021377 0.0348668  0.00852041] [-0.71399596  0.1545892  -0.68287037] [-0.71399596  0.68287037  0.1545892 ] [-0.68287037  0.1545892   0.71399596] 0.6775206653408681 2.5445206845693167 2.4291292877527626
[ 0.06190027 -0.00033085  0.01443463] [-0.30988231  0.65674706 -0.6875    ] [-0.30988231  0.6875      0.65674706] [-0.6875      0.65674706  0.30988231] 0.4953748909428707 2.4330954172355668 2.6800593192758764
[ 0.04394989 -0.02251959  0.00815697] [ 0.33062986  0.64159214 -0.69212963] [0.33062986 0.69212963 0.64159214] [-0.69212963  0.64159214 -0.33062986] 0.575709158673393 2.6176329319445486 2.568535822446211
[0.06219645 0.0207107  0.00816068] [-0.60771693  0.38386818 -0.69521605] [-0.60771693  0.69521605  0.38386818] [-0.69521605  0.38386818  0.60771693] 0.5525547201797025 2.635197507742279 2.478329956020057
[-0.04482827  0.05766793  0.01076245] [ 0.70593869  0.12718922 -0.69675926] [0.70593869 0.69675926 0.12718922] [-0.69675926  0.12718922 -0.70593869] 0.7997794406104 2.3942115274739177 2.465393559679372
[0.05210754 0.03888631 0.02339762] [-0.71125336 -0.00226391 -0.7029321 ] [-0.71125336  0.7029321  -0.00226391] [-0.7029321  -0.00226391  0.71125336] 0.7797392006665247 2.3833600650327247 2.47773587498066
[ 0.04304789 -0.01690923  0.01071095] [ 0.52180309  0.48107803 -0.70447531] [0.52180309 0.70447531 0.48107803] [-0.70447531  0.48107803 -0.52180309] 0.28158672887037445 2.6867372926204647 2.865520530696449
[0.06092505 0.00886534 0.01365851] [-0.43173709  0.55942782 -0.70756173] [-0.43173709  0.70756173  0.55942782] [-0.70756173  0.55942782  0.43173709] 0.6978023713923698 2.5285466350205805 2.5307504774096428
[0.0133929  0.02805882 0.02397504] [-0.59241706 -0.37950129 -0.71064815] [-0.59241706  0.71064815 -0.37950129] [-0.71064815 -0.37950129  0.59241706] 0.7167805936243562 2.4298628428915134 2.518100447914617
[0.05210754 0.03888631 0.02339762] [-0.65719526  0.23763858 -0.71527778] [-0.65719526  0.71527778  0.23763858] [-0.71527778  0.23763858  0.65719526] 0.6342184447267212 2.5747991380021036 2.3574291208975575
[-0.04922661  0.05993573  0.00853869] [ 0.64365657  0.26809307 -0.71682099] [0.64365657 0.71682099 0.26809307] [-0.71682099  0.26809307 -0.64365657] 0.6932123484626839 2.5338440477172672 2.3874887080140192
[ 0.02782435 -0.0340693   0.0193976 ] [-0.20983087  0.66159227 -0.71990741] [-0.20983087  0.71990741  0.66159227] [-0.71990741  0.66159227  0.20983087] 0.9519815619377462 2.3791967182135814 2.3691829372172384
[0.0133929  0.02805882 0.02397504] [-0.67426526 -0.15048681 -0.72299383] [-0.67426526  0.72299383 -0.15048681] [-0.72299383 -0.15048681  0.67426526] 0.5136127015497202 2.385960848171237 2.665521629954662
[ 0.04304789 -0.01690923  0.01071095] [ 0.39460315  0.56509684 -0.72453704] [0.39460315 0.72453704 0.56509684] [-0.72453704  0.56509684 -0.39460315] 0.27427047883095773 2.62815880893176 2.872312145536043
[-0.00594467 -0.00296431  0.05073181] [ 0.09053528 -0.68162368 -0.72608025] [ 0.09053528  0.72608025 -0.68162368] [-0.72608025 -0.68162368 -0.09053528] 0.7432852591046167 2.400056184171311 2.5008101944100654
[0.05501133 0.01860378 0.0194864 ] [-0.52593589  0.44040384 -0.72762346] [-0.52593589  0.72762346  0.44040384] [-0.72762346  0.44040384  0.52593589] 0.6363797740913253 2.5732592962954497 2.3605639003562384
[-0.0521821   0.0465491   0.01042469] [ 0.68365831  0.0304515  -0.72916667] [0.68365831 0.72916667 0.0304515 ] [-0.72916667  0.0304515  -0.68365831] 0.8652780498047781 2.4055756353258535 2.426702838450122
[0.05210754 0.03888631 0.02339762] [-0.6719309   0.08823082 -0.73533951] [-0.6719309   0.73533951  0.08823082] [-0.73533951  0.08823082  0.6719309 ] 0.7662854970804228 2.4861573845929037 2.4585041647716124
[0.06092505 0.00886534 0.01365851] [-0.33628008  0.58254732 -0.73996914] [-0.33628008  0.73996914  0.58254732] [-0.73996914  0.58254732  0.33628008] 0.612651189421877 2.431639267473034 2.5903300504275872
[0.01469788 0.02265986 0.02799652] [-0.60662432 -0.28262232 -0.74305556] [-0.60662432  0.74305556 -0.28262232] [-0.74305556 -0.28262232  0.60662432] 0.7320422320677998 2.508091271025636 2.3614499447893187
[0.05210754 0.03888631 0.02339762] [-0.58879338  0.3070655  -0.74768519] [-0.58879338  0.74768519  0.3070655 ] [-0.74768519  0.3070655   0.58879338] 0.634583101932336 2.574539126253264 2.37922657072909
[-0.05736501  0.04915635  0.0071522 ] [ 0.63989498  0.17085439 -0.7492284 ] [0.63989498 0.7492284  0.17085439] [-0.7492284   0.17085439 -0.63989498] 0.7743803850472136 2.481077155949865 2.378133978891184
[ 0.01289838 -0.03702778  0.02147252] [-0.11365175  0.64892657 -0.75231481] [-0.11365175  0.75231481  0.64892657] [-0.75231481  0.64892657  0.11365175] 0.8788520855432157 2.418992448602973 2.365517261214393
[0.058425   0.0403753  0.00816068] [-0.65284973 -0.05618009 -0.75540123] [-0.65284973  0.75540123 -0.05618009] [-0.75540123 -0.05618009  0.65284973] 0.6367918787677482 2.3618205557950644 2.5729660337688065
[ 0.04304789 -0.01690923  0.01071095] [ 0.44223515  0.48110621 -0.75694444] [0.44223515 0.75694444 0.48110621] [-0.75694444  0.48110621 -0.44223515] 0.3337130343547767 2.6063142231498464 2.817907753619597
[-0.0486428   0.06946935 -0.00307624] [-0.00110482 -0.65168647 -0.75848765] [-0.00110482  0.75848765 -0.65168647] [-0.75848765 -0.65168647  0.00110482] 0.966616553149159 2.3715752729541837 2.3678502792379903
[0.06092505 0.00886534 0.01365851] [-0.43817931  0.47994998 -0.76003086] [-0.43817931  0.76003086  0.47994998] [-0.76003086  0.47994998  0.43817931] 0.603746003502777 2.4222331320105317 2.5968306368888543
[-0.04482827  0.05766793  0.01076245] [ 0.64549943 -0.05775309 -0.76157407] [ 0.64549943  0.76157407 -0.05775309] [-0.76157407 -0.05775309 -0.64549943] 0.8727898974280529 2.42242311173082 2.381391298313105
[0.05210754 0.03888631 0.02339762] [-0.61850214  0.16739109 -0.76774691] [-0.61850214  0.76774691  0.16739109] [-0.76774691  0.16739109  0.61850214] 0.7585022654509548 2.4910796111431313 2.4478759036426085
[0.05089862 0.01997517 0.02392749] [-0.24135555  0.58752189 -0.77237654] [-0.24135555  0.77237654  0.58752189] [-0.77237654  0.58752189  0.24135555] 0.9250091481018253 2.3935382497918196 2.3576659129828514
[-0.04482827  0.05766793  0.01076245] [ 0.57313086 -0.26938678 -0.77391975] [ 0.57313086  0.77391975 -0.26938678] [-0.77391975 -0.26938678 -0.57313086] 0.9447983383184154 2.3689514785157115 2.3829784775384013
[0.01472863 0.05023359 0.00920233] [-0.60277209 -0.18794413 -0.77546296] [-0.60277209  0.77546296 -0.18794413] [-0.77546296 -0.18794413  0.60277209] 0.638383414640242 2.4720200220469026 2.5718344905524404
[ 0.04304789 -0.01690923  0.01071095] [ 0.31655545  0.5441085  -0.77700617] [0.31655545 0.77700617 0.5441085 ] [-0.77700617  0.5441085  -0.31655545] 0.37311425312232105 2.5327823826888904 2.7828836113654885
[0.05746523 0.0301009  0.0193976 ] [-0.5112215   0.36070503 -0.78009259] [-0.5112215   0.78009259  0.36070503] [-0.78009259  0.36070503  0.5112215 ] 0.6772440724752505 2.54471028148378 2.3862602057109052
[-0.03673135  0.0628491   0.0093912 ] [ 0.61869817  0.07910785 -0.7816358 ] [0.61869817 0.7816358  0.07910785] [-0.7816358   0.07910785 -0.61869817] 0.8416271777115595 2.4403869187824063 2.3946396914654886
[ 0.02226245 -0.0359715   0.0222068 ] [-0.02456077  0.6193608  -0.78472222] [-0.02456077  0.78472222  0.6193608 ] [-0.78472222  0.6193608   0.02456077] 0.6644569845390879 2.3775442109223723 2.5535287369337576
[-0.02655374  0.0280157   0.01601359] [ 0.43510328 -0.43871609 -0.78626543] [ 0.43510328  0.78626543 -0.43871609] [-0.78626543 -0.43871609 -0.43510328] 0.6739763626278626 2.3742254264025444 2.5469538959056335
[0.05621383 0.0398646  0.01864833] [-0.61521353  0.02949327 -0.78780864] [-0.61521353  0.78780864  0.02949327] [-0.78780864  0.02949327  0.61521353] 0.6625110329590161 2.3896896197498183 2.5548798942535123
[ 0.04304789 -0.01690923  0.01071095] [ 0.47204014  0.39255797 -0.78935185] [0.47204014 0.78935185 0.39255797] [-0.78935185  0.39255797 -0.47204014] 0.4245970222833885 2.5569455550258144 2.738470727819912
[0.06092505 0.00886534 0.01365851] [-0.34751376  0.50127415 -0.79243827] [-0.34751376  0.79243827  0.50127415] [-0.79243827  0.50127415  0.34751376] 0.5164359165730175 2.4058972635318012 2.6632902806583263
[-0.0168131   0.04892294  0.01681576] [ 0.59289124 -0.13443727 -0.79398148] [ 0.59289124  0.79398148 -0.13443727] [-0.79398148 -0.13443727 -0.59289124] 0.8376547025251847 2.442716821652405 2.411407797037704
[0.01469788 0.02265986 0.02799652] [-0.5262356  -0.30036071 -0.79552469] [-0.5262356   0.79552469 -0.30036071] [-0.79552469 -0.30036071  0.5262356 ] 0.8110891670477697 2.4311883555344727 2.4585338514857673
[-0.03673135  0.0628491   0.0093912 ] [ 0.25150175 -0.5467789  -0.79861111] [ 0.25150175  0.79861111 -0.5467789 ] [-0.79861111 -0.5467789  -0.25150175] 0.6086343891941735 2.3712681283459864 2.5932558611770755
[0.05210754 0.03888631 0.02339762] [-0.55290071  0.23249487 -0.80015432] [-0.55290071  0.80015432  0.23249487] [-0.80015432  0.23249487  0.55290071] 0.7794266916836845 2.477930251635761 2.473546485153501
[-0.03688628  0.06718782  0.00709505] [-0.2780103  -0.52679653 -0.80324074] [-0.2780103   0.80324074 -0.52679653] [-0.80324074 -0.52679653  0.2780103 ] 0.860998795970174 2.3819228428413552 2.429155123274864
[-0.00598373 -0.02196719  0.04703317] [-0.15032135  0.57421798 -0.80478395] [-0.15032135  0.80478395  0.57421798] [-0.80478395  0.57421798  0.15032135] 0.9309803450497633 2.390329949945869 2.3821863871964135
[-0.02621276  0.02281401  0.01868387] [ 0.49695815 -0.32073215 -0.80632716] [ 0.49695815  0.80632716 -0.32073215] [-0.80632716 -0.32073215 -0.49695815] 0.7850628530598999 2.3797504258089406 2.474433668656024
[0.0133929  0.02805882 0.02397504] [-0.58101323 -0.09883871 -0.80787037] [-0.58101323  0.80787037 -0.09883871] [-0.80787037 -0.09883871  0.58101323] 0.5083188247384358 2.3760638041288864 2.6697194999489864
[ 0.04304789 -0.01690923  0.01071095] [ 0.36035482  0.46367452 -0.80941358] [0.36035482 0.80941358 0.46367452] [-0.80941358  0.46367452 -0.36035482] 0.42140317236210173 2.5133130647298456 2.7411798382017922
[0.05746523 0.0301009  0.0193976 ] [-0.42725958  0.39660182 -0.8125    ] [-0.42725958  0.8125      0.39660182] [-0.8125      0.39660182  0.42725958] 0.7595989612307624 2.490383807849418 2.41972861001111
[-0.03688628  0.06718782  0.00709505] [ 0.58079177 -0.00381796 -0.81404321] [ 0.58079177  0.81404321 -0.00381796] [-0.81404321 -0.00381796 -0.58079177] 0.9012710571162661 2.4020467671703423 2.406483100376493
[-0.03693573  0.07376575 -0.00276459] [ 0.34639888 -0.4580203  -0.81867284] [ 0.34639888  0.81867284 -0.4580203 ] [-0.81867284 -0.4580203  -0.34639888] 0.6233196097507637 2.3619476782639897 2.582609967872581
[0.05621383 0.0398646  0.01864833] [-0.56264199  0.10334226 -0.82021605] [-0.56264199  0.82021605  0.10334226] [-0.82021605  0.10334226  0.56264199] 0.6761385506217276 2.3803488068038816 2.5454685731585736
[ 0.04304789 -0.01690923  0.01071095] [ 0.48280126  0.30267914 -0.82175926] [0.48280126 0.82175926 0.30267914] [-0.82175926  0.30267914 -0.48280126] 0.535388647003305 2.4875786209687663 2.6484438818450364
[0.05501133 0.01860378 0.0194864 ] [-0.25727368  0.50342811 -0.82484568] [-0.25727368  0.82484568  0.50342811] [-0.82484568  0.50342811  0.25727368] 0.865344781013486 2.363505752681179 2.42666467937628
[-0.03412273 -0.0106471   0.02347763] [ 0.52765044 -0.19663779 -0.82638889] [ 0.52765044  0.82638889 -0.19663779] [-0.82638889 -0.19663779 -0.52765044] 0.9134832426756412 2.399785338250245 2.390375525988315
[0.01469788 0.02265986 0.02799652] [-0.51979466 -0.21057529 -0.8279321 ] [-0.51979466  0.8279321  -0.21057529] [-0.8279321  -0.21057529  0.51979466] 0.7797302384150919 2.4777414485678273 2.4523484753972697
[ 0.04394989 -0.02251959  0.00815697] [ 0.24005678  0.50432475 -0.82947531] [0.24005678 0.82947531 0.50432475] [-0.82947531  0.50432475 -0.24005678] 0.21919923604072458 2.4318273215816157 2.924213619463629
[-0.02621276  0.02281401  0.01868387] [ 0.16298256 -0.53183165 -0.83101852] [ 0.16298256  0.83101852 -0.53183165] [-0.83101852 -0.53183165 -0.16298256] 0.8718974216176729 2.4229299170785152 2.362417683366851
[0.05210754 0.03888631 0.02339762] [-0.47743228  0.28089035 -0.83256173] [-0.47743228  0.83256173  0.28089035] [-0.83256173  0.28089035  0.47743228] 0.7387767459882024 2.4333346322512144 2.503720553167998
[ 0.00414296 -0.02990794  0.04418003] [-0.06671693  0.54282546 -0.83719136] [-0.06671693  0.83719136  0.54282546] [-0.83719136  0.54282546  0.06671693] 0.9451836633444416 2.3661932235316105 2.3827749258207334
[-0.0372715   0.04931563  0.01805492] [ 0.41406648 -0.353657   -0.83873457] [ 0.41406648  0.83873457 -0.353657  ] [-0.83873457 -0.353657   -0.41406648] 0.9120560977041547 2.3995284815322915 2.4005638595224106
[0.0133929  0.02805882 0.02397504] [-0.54182869 -0.01883937 -0.84027778] [-0.54182869  0.84027778 -0.01883937] [-0.84027778 -0.01883937  0.54182869] 0.5306359061994573 2.407759808958701 2.6521450984777197
[ 0.04304789 -0.01690923  0.01071095] [ 0.38509003  0.37821039 -0.84182099] [0.38509003 0.84182099 0.37821039] [-0.84182099  0.37821039 -0.38509003] 0.5043483321079151 2.4675514997477896 2.6728797793235257
[ 0.01344211 -0.00040858  0.04428202] [-0.34001623  0.4129412  -0.84490741] [-0.34001623  0.84490741  0.4129412 ] [-0.84490741  0.4129412   0.34001623] 0.6878908646594231 2.5374472875644067 2.515376862037966
[-0.01706592  0.05879193  0.01499454] [ 0.52723384 -0.07447032 -0.84645062] [ 0.52723384  0.84645062 -0.07447032] [-0.84645062 -0.07447032 -0.52723384] 0.7564710948591732 2.372184927441244 2.4923702381432644
[-0.0420735 -0.0579477  0.0109699] [ 0.11916348  0.51389385 -0.84953704] [0.11916348 0.84953704 0.51389385] [-0.84953704  0.51389385 -0.11916348] 0.6854361495033058 2.3998792997148866 2.539115452087234
[-0.03693573  0.07376575 -0.00276459] [ 0.25803747 -0.45725166 -0.85108025] [ 0.25803747  0.85108025 -0.45725166] [-0.85108025 -0.45725166 -0.25803747] 0.7182638589197522 2.403800840389355 2.5171212902635967
[0.05621383 0.0398646  0.01864833] [-0.49675185  0.16208281 -0.85262346] [-0.49675185  0.85262346  0.16208281] [-0.85262346  0.16208281  0.49675185] 0.631297947343127 2.3642794114614607 2.57688463727823
[ 0.04304789 -0.01690923  0.01071095] [ 0.47347428  0.21499166 -0.85416667] [0.47347428 0.85416667 0.21499166] [-0.85416667  0.21499166 -0.47347428] 0.662032930102315 2.405212973355511 2.5552122322694597
[-0.03673135  0.0628491   0.0093912 ] [-0.20290309 -0.4760157  -0.85570988] [-0.20290309  0.85570988 -0.4760157 ] [-0.85570988 -0.4760157   0.20290309] 0.8962358012259567 2.3748168614360203 2.4092684628451133
[ 0.02168946 -0.00386845  0.04119939] [-0.17107877  0.48564308 -0.85725309] [-0.17107877  0.85725309  0.48564308] [-0.85725309  0.48564308  0.17107877] 0.47549747132869424 2.404249996332695 2.696145849886788
[-0.0372715   0.04931563  0.01805492] [ 0.4519212  -0.24132168 -0.8587963 ] [ 0.4519212   0.8587963  -0.24132168] [-0.8587963  -0.24132168 -0.4519212 ] 0.8655548933017359 2.4265445467990157 2.393842971081625
[0.0208578  0.0431845  0.00911649] [-0.49372874 -0.12668017 -0.86033951] [-0.49372874  0.86033951 -0.12668017] [-0.86033951 -0.12668017  0.49372874] 0.829698630869474 2.4474106321074913 2.4080892138407055
[ 0.04304789 -0.01690923  0.01071095] [ 0.27706094  0.42472982 -0.86188272] [0.27706094 0.86188272 0.42472982] [-0.86188272  0.42472982 -0.27706094] 0.5422273912200286 2.408436230311281 2.64314382176754
[ 0.01596806 -0.02126624  0.04664815] [-0.3947261   0.30987046 -0.86496914] [-0.3947261   0.86496914  0.30987046] [-0.86496914  0.30987046  0.3947261 ] 0.683076279665512 2.5407227668180665 2.371730649561341
[-0.02698975  0.05954562  0.01703453] [ 0.49771153  0.0379419  -0.86651235] [0.49771153 0.86651235 0.0379419 ] [-0.86651235  0.0379419  -0.49771153] 0.9001186049681219 2.4071193744711428 2.4042375402790688
[ 0.02451037 -0.03242779  0.0250176 ] [ 0.00565436  0.49372666 -0.86959877] [0.00565436 0.86959877 0.49372666] [-0.86959877  0.49372666 -0.00565436] 0.6668953796541539 2.4330658478855565 2.551839073405743
[0.0133929  0.02805882 0.02397504] [-0.48589292  0.04825597 -0.87268519] [-0.48589292  0.87268519  0.04825597] [-0.87268519  0.04825597  0.48589292] 0.7661900587367974 2.4402620614619916 2.486217517616031
[ 0.04304789 -0.01690923  0.01071095] [ 0.38866261  0.29097437 -0.8742284 ] [0.38866261 0.8742284  0.29097437] [-0.8742284   0.29097437 -0.38866261] 0.6142944449003063 2.4005737156132616 2.5891361267744144
[ 0.01596806 -0.02126624  0.04664815] [-0.25292999  0.40785431 -0.87731481] [-0.25292999  0.87731481  0.40785431] [-0.87731481  0.40785431  0.25292999] 0.8496994787947723 2.380466572015612 2.435680429676756
[-0.0420735 -0.0579477  0.0109699] [ 0.16675206  0.44087158 -0.88194444] [0.16675206 0.88194444 0.44087158] [-0.88194444  0.44087158 -0.16675206] 0.6935596368042451 2.4443934746749747 2.5336095176908384
[ 0.01463637 -0.00995966  0.04674541] [-0.41936138  0.20212966 -0.88503086] [-0.41936138  0.88503086  0.20212966] [-0.88503086  0.20212966  0.41936138] 0.6364395338460098 2.573216763184354 2.368415376907659
[0.0208578  0.0431845  0.00911649] [-0.44745628 -0.05278092 -0.89274691] [-0.44745628  0.89274691 -0.05278092] [-0.89274691 -0.05278092  0.44745628] 0.8023618530419422 2.4638205618008615 2.365077994170648
[ 0.04304789 -0.01690923  0.01071095] [ 0.29228157  0.33884607 -0.89429012] [0.29228157 0.89429012 0.33884607] [-0.89429012  0.33884607 -0.29228157] 0.6322924081745636 2.3581328608774985 2.576173884268056
[ 0.01596806 -0.02126624  0.04664815] [-0.30765762  0.31632598 -0.89737654] [-0.30765762  0.89737654  0.31632598] [-0.89737654  0.31632598  0.30765762] 0.8127375571522965 2.4486029513063996 2.4575403685113995
[-0.02698975  0.05954562  0.01703453] [ 0.43738523 -0.02524753 -0.89891975] [ 0.43738523  0.89891975 -0.02524753] [-0.89891975 -0.02524753 -0.43738523] 0.8762269822612072 2.4204754947862215 2.3773148039275367
[ 0.00414296 -0.02990794  0.04418003] [ 0.062465    0.42718028 -0.90200617] [0.062465   0.90200617 0.42718028] [-0.90200617  0.42718028 -0.062465  ] 0.8911141014001457 2.412115982179617 2.3985843607700037
[-0.03688628  0.06718782  0.00709505] [ 0.24067696 -0.35450404 -0.90354938] [ 0.24067696  0.90354938 -0.35450404] [-0.90354938 -0.35450404 -0.24067696] 0.8891704259163546 2.381341939208546 2.4132004088943715
[-0.02807254 -0.04286602  0.01837696] [ 0.36845067  0.20556173 -0.9066358 ] [0.36845067 0.9066358  0.20556173] [-0.9066358   0.20556173 -0.36845067] 0.8173155200713291 2.454789630605358 2.35781632304811
[ 0.01265205 -0.02953243  0.04433317] [-0.16982362  0.37890027 -0.90972222] [-0.16982362  0.90972222  0.37890027] [-0.90972222  0.37890027  0.16982362] 0.7373702570972611 2.404313502769295 2.5046310478642835
[-0.02649269  0.06673105  0.01204235] [ 0.37804689 -0.16332746 -0.91126543] [ 0.37804689  0.91126543 -0.16332746] [-0.91126543 -0.16332746 -0.37804689] 0.9541143963123104 2.360439197156178 2.3780790562872554
[0.0208578  0.0431845  0.00911649] [-0.38584361 -0.13380992 -0.91280864] [-0.38584361  0.91280864 -0.13380992] [-0.91280864 -0.13380992  0.38584361] 0.8007153284930081 2.360899093850074 2.4648230340401582
[-0.0409452  -0.06404365  0.00869623] [ 0.1924738   0.35625065 -0.91435185] [0.1924738  0.91435185 0.35625065] [-0.91435185  0.35625065 -0.1924738 ] 0.7539715289879537 2.4263893685231017 2.4939619543561875
[ 0.01596806 -0.02126624  0.04664815] [-0.33217983  0.21900589 -0.91743827] [-0.33217983  0.91743827  0.21900589] [-0.91743827  0.21900589  0.33217983] 0.7775334193503664 2.479109103277259 2.3924009529646413
[ 0.00304621 -0.02254133  0.04806161] [-0.02753593  0.38604735 -0.9220679 ] [-0.02753593  0.9220679   0.38604735] [-0.9220679   0.38604735  0.02753593] 0.7628398672546484 2.4111658467727772 2.4883318931887133
[ 0.00414296 -0.02990794  0.04418003] [-0.21916963  0.29574732 -0.92978395] [-0.21916963  0.92978395  0.29574732] [-0.92978395  0.29574732  0.21916963] 0.8680385408255077 2.371213823127344 2.4251264024408834
[ 0.00304621 -0.02254133  0.04806161] [ 0.09807309  0.34242215 -0.93441358] [0.09807309 0.93441358 0.34242215] [-0.93441358  0.34242215 -0.09807309] 0.684642030345221 2.4065155806703338 2.539655934464395
[ 0.01596806 -0.02126624  0.04664815] [-0.3248771   0.12469409 -0.9375    ] [-0.3248771   0.9375      0.12469409] [-0.9375      0.12469409  0.3248771 ] 0.7966061404880317 2.4673319130415585 2.4115977900429875
[ 0.00304621 -0.02254133  0.04806161] [-0.09509766  0.32147814 -0.94212963] [-0.09509766  0.94212963  0.32147814] [-0.94212963  0.32147814  0.09509766] 0.747800264813087 2.4979082088545708 2.403385226436116
[-0.02985265 -0.00316775  0.02805137] [ 0.28353375 -0.17055844 -0.94367284] [ 0.28353375  0.94367284 -0.17055844] [-0.94367284 -0.17055844 -0.28353375] 0.9344912604121725 2.388452450273696 2.3819439550310353
[ 0.00414296 -0.02990794  0.04418003] [-0.23579751  0.20540867 -0.94984568] [-0.23579751  0.94984568  0.20540867] [-0.94984568  0.20540867  0.23579751] 0.8350348279988509 2.444258402933598 2.3660601968073554
[ 0.00304621 -0.02254133  0.04806161] [ 0.01864233  0.29770682 -0.95447531] [0.01864233 0.95447531 0.29770682] [-0.95447531  0.29770682 -0.01864233] 0.744989587783912 2.3963979388326724 2.4997132745660884
[-0.03640463 -0.0005403   0.02451413] [ 0.18422165 -0.22823448 -0.95601852] [ 0.18422165  0.95601852 -0.22823448] [-0.95601852 -0.22823448 -0.18422165] 0.7588103797623792 2.490884052467881 2.395437693870012
[ 0.01596806 -0.02126624  0.04664815] [-0.28498852  0.04309383 -0.95756173] [-0.28498852  0.95756173  0.04309383] [-0.95756173  0.04309383  0.28498852] 0.9297491305758936 2.3651693664628946 2.390989913874101
[ 0.00304621 -0.02254133  0.04806161] [ 0.10245607  0.2340084  -0.96682099] [0.10245607 0.96682099 0.2340084 ] [-0.96682099  0.2340084  -0.10245607] 0.6779846330813436 2.423713796407723 2.5442027566082115
[ 0.00304621 -0.02254133  0.04806161] [-0.03436498  0.22157755 -0.97453704] [-0.03436498  0.97453704  0.22157755] [-0.97453704  0.22157755  0.03436498] 0.7997980108048991 2.4653822340558995 2.417848912044088
[-0.0063549  -0.01641336  0.0506738 ] [ 0.14030829  0.14678631 -0.97916667] [0.14030829 0.97916667 0.14678631] [-0.97916667  0.14678631 -0.14030829] 0.8907145303001113 2.3914645763936133 2.4123387422811695
[ 0.02168946 -0.00386845  0.04119939] [ 0.0314847   0.15833894 -0.98688272] [0.0314847  0.98688272 0.15833894] [-0.98688272  0.15833894 -0.0314847 ] 0.8565847488991903 2.3576973106422288 2.43169554959789
[-0.0063549  -0.01641336  0.0506738 ] [ 0.1166243   0.05746339 -0.99151235] [0.1166243  0.99151235 0.05746339] [-0.99151235  0.05746339 -0.1166243 ] 0.8925835455343568 2.4112975300834183 2.3644255208403866
[ 0.02333371 -0.01062083  0.04244607] [ 0.0786772  -0.03887239 -0.99614198] [ 0.0786772   0.99614198 -0.03887239] [-0.99614198 -0.03887239 -0.0786772 ] 0.8970673813141123 2.358811193253411 2.4088074941924784
[ 0.02168946 -0.00386845  0.04119939] [ 0.02040958  0.03355687 -0.9992284 ] [0.02040958 0.9992284  0.03355687] [-0.9992284   0.03355687 -0.02040958] 0.9427684920769259 2.359697102479557 2.384052057395663
