159.193604987928
158.34641284402076
159.40847305170527
163.71747046130236
159.3631757990944
157.79990815417764
156.41636566993424
160.40187379815978
159.38542196034018
161.3053288772665
159.08136168769565
157.41302858500404
160.69661965400994
160.4457244990321
154.99975462060226
161.88630371178292
164.44686780491105
157.41179637162395
161.0563735113922
163.08528041929728
161.5561395986679
159.76305020236939
162.74853051940326
165.00389567522848
161.78867080504133
157.9162158085428
162.8516792900754
167.18792943942498
158.42786334598645
160.7630247101688
170.37803241899462
162.50473588197394
158.075526676398
164.05433086056146
165.6561399083219
164.20318048017478
166.584492159497
160.72668712964068
163.2603340976056
160.53553375544436
161.4728514478181
163.64570804470648
162.25526472111568
167.15962775204403
164.4978424092964
163.88469428495907
159.20376476371752
163.56790044426336
163.60201821763184
159.38418291084216
167.22663112395713
162.04930100959868
163.64757825809676
159.57892722437313
163.20988456010332
160.49582895738973
165.03034346043108
164.25532669349715
163.58077756170775
161.74080964716956
168.21685026405046
163.41166952589327
163.11318034030975
160.5657600527489
162.93608026515977
162.85837394284974
163.90965080627123
160.11994872720265
160.60264537901838
160.80905110060226
163.97789644364164
166.20334143992653
166.48390699321874
162.29557620446383
161.94207774098925
162.34007837156733
161.91725931544036
159.63994161464223
157.75010976476997
164.01834676278156
165.0708939047255
157.39371088199
163.22369498754634
166.58947339434317
163.25972260358895
163.31785372492004
156.76796406622316
161.04797190162287
163.25972260358895
162.67179705966961
163.41202552008747
159.73986666686966
159.70596869896352
160.96672164598772
162.4379422211899
163.3690960997587
165.65164684666405
166.91214209592007
161.0544472453941
162.24737002085553
163.27023735154407
163.48117577593084
166.57735546342386
163.29706933860274
157.10993518986726
163.89333258807514
165.22237619685927
163.71522434634912
163.35898940976816
161.6872207887436
162.94063145629178
165.13340578128376
164.19933366905272
172.08560529511502
165.22007500415535
161.72229510569323
163.40318477539296
161.90086614838154
167.51839511162245
159.1398626654673
162.46372741671553
164.55181234683377
169.5224814203613
166.91214209592007
161.05202773007417
165.37599732859445
163.27023735154407
165.31442381265532
158.29531343782577
163.19015227384216
173.5454986471893
160.81588975892473
167.4132935531164
163.87765762216654
166.1914074635294
161.3007949259852
163.03980392880325
156.7639464323348
164.55090254089606
166.42992930270663
162.27500234505118
171.58734975212357
165.20249013847305
155.5077251945083
157.36018098033392
161.4406928474819
168.7341229993308
158.23807149643997
164.84062780531264
166.95904433543942
159.48479871640268
166.91214209592007
161.92496154515112
163.25972260358895
165.31442381265532
158.14937462355203
163.1353236353313
176.190124119304
158.89634646103232
164.47447368703004
160.15274785581127
170.85313523325206
158.72533030971073
162.46372741671553
164.38990321078657
172.58439823108301
160.42644738847002
174.92464851268164
156.31936689468415
157.37611483666765
162.10111668356805
196.43814694574112
162.92830890362399
163.82381088649305
167.76869232693446
161.4479192986068
164.47259693864115
159.0749400068387
163.03980392880325
165.31442381265532
210.4653081408227
162.21708508764414
182.88366175940152
156.249933948115
162.95312289577123
160.28333067870102
173.06289018746142
160.70761690807208
161.78964844195747
164.53515150340044
166.00277982327788
174.9873787803356
159.75175241766325
157.64441266085288
162.00594106159198
228.0891366011507
179.87601268429438
160.10990402823563
165.09027570885203
159.70967698763596
167.5380217562166
160.04510608488494
155.84595111611924
165.13340578128376
179.28487856617386
182.88366175940152
156.0776493498748
161.36231178225097
160.25279864543572
184.43350150027248
163.53522712534826
164.68272279379784
165.1336908353438
164.24959474577008
168.34380536891786
160.35311421378896
157.92314397854787
165.31442381265532
207.37193262336373
209.12162190424132
162.28780843883914
162.97088083149643
161.85040654697073
164.59910587858002
159.47883869971133
153.77308738478823
164.6020621427081
170.11372450221117
168.38527821831636
165.31442381265532
156.3182718500841
158.95695623266613
161.03609865907725
162.71653253059714
174.9873787803356
160.84866750720778
166.68610843309085
165.42965468565055
164.42913686137882
161.2451144156977
155.57160973935112
156.92977010510273
160.33127541555325
214.0306514478081
165.31442381265532
165.28885309904337
161.0482926078535
162.60817552631008
162.5078916477881
158.48196827436192
153.5524508001228
164.42028080371745
161.80998294147722
167.15999910503166
164.55090254089606
161.03881743527327
157.77543572962253
161.3856707179221
163.08587834650405
214.39692767161515
163.85034939133845
160.3032234000724
162.95559742505074
160.754993279
165.28660518924818
159.8670471528534
153.65267066338723
164.23000675960952
158.90056293259812
212.58809444680145
165.31442381265532
176.85266312234904
157.51454673937107
163.44904282950802
162.71454003924393
190.73753179707413
159.8490788012974
167.4669559454872
164.29589987327785
158.3266719702016
161.12603529055437
162.52484339355092
161.37516688906442
239.5239159538668
161.41357672306918
164.51991776451482
161.34848564935456
160.74394195282986
163.98966979401675
158.03064974927102
155.47163567838166
165.05034285637413
159.3048785874927
209.12162190424132
165.31442381265532
166.85872488315684
164.85661364730348
150.94898281444162
163.51597829351718
162.91597708533754
224.7299812296043
159.7018716136582
158.99351106254898
158.431375051965
161.029064696612
164.6970026404375
157.93792132290523
158.5376440661743
153.95825011096676
164.06243260433186
162.0995796574648
238.2148666835691
162.57734873260767
169.51513605485852
161.58753929502632
151.37202730065954
161.77653193177534
162.3962795060574
155.97033365372295
162.396043332568
200.64657104214237
164.62371796452294
161.5449873937785
164.42024563715796
151.287402072848
163.39151247683685
165.17373558943598
239.02330555047044
163.22556093366015
163.00657361907943
152.81006322894493
160.64514123560514
164.22029769900956
158.30740799001092
155.01790604789352
155.3655997177058
163.51743433584755
165.66198638097936
237.61777714271224
165.31442381265532
164.41035811651355
164.93013295919036
153.9238767641825
161.85672708655483
164.5326335208673
228.6453230452638
162.35911530778674
164.61970098200993
154.9619312733259
166.1136141531774
166.4366222147958
159.33398896023866
158.8133659160017
152.8114576484254
164.1112321516024
165.6079044087686
240.72508349629302
162.9718711840046
167.60779044113107
163.14820319582532
152.84911313067934
160.22166365891135
178.98185431741572
163.96468387302113
159.67755312703676
233.22862770030906
165.03102603505064
165.48488845960756
160.84653818426676
152.50305104704373
161.99102127964187
226.44416161371313
164.3749953044241
154.25313335671197
163.0586567304929
161.18002359879603
152.68334339905212
166.1979636393031
165.475824566447
159.91990576717149
155.4070094839533
162.83090313521205
243.30019933717716
163.46377805790573
168.61005555732936
165.12496142882506
143.8188577999806
160.073878421657
209.4682846701664
165.31442381265532
233.22862770030906
164.66134612406262
155.27274358622498
228.32892825342478
164.29589987327785
161.83413136437883
159.18746647325548
151.4934937667469
161.60072149364842
225.95247139075107
164.42644881293376
134.91129946771588
163.0032372675514
160.92470717124866
150.88279674708133
171.10127859640426
173.07331943062457
157.46301513474958
157.2772991997943
160.9717430578212
163.26735421725013
243.30019933717716
163.5250166518446
161.18623292150477
162.56715203571247
158.77173538059725
160.07852699482638
236.27468222128883
165.31442381265532
153.417734749334
173.30325670843786
161.1203904307577
152.82843887215245
226.77910861120904
164.6970026404375
160.63628087002778
155.85794257124854
151.9682405125328
163.08546477083476
159.71286168096594
136.0284145010967
162.86076796390856
163.57101893964466
158.6077949363325
171.19735737426595
196.37730016793665
163.22264573342858
167.05544919753416
183.38346541960348
163.60406549627237
155.29815514890217
242.68268235635543
164.33606911538624
161.98865509287478
159.33369685418083
157.49648864741206
166.66579282415435
231.29044479654584
162.63248236595751
255.37857865904977
161.3804117926118
155.8793090835933
152.44427560344968
224.9130284397994
169.61229949253817
161.5898160603306
152.3545710712051
153.63277470914585
163.5029256162376
159.58637196292403
249.178904124481
162.6746410446515
159.26805301797816
162.4593748222525
159.3469511878052
171.28679440253052
230.30919251976187
165.1715372034655
160.00338625445218
182.40953165396942
168.59926032948704
152.64740308792318
238.90559849892017
167.05482980634577
159.49605165791218
161.55628938432747
153.70287133056516
167.1689355460817
155.7834631073748
139.9201428771165
161.8948683476478
162.3850052110099
162.56715203571247
153.1997710423743
174.62512173406412
179.6650743251252
163.3545186765289
168.32799006659613
223.21977701271052
167.51433117718116
154.2253748408009
243.40032016981962
162.5181092057481
159.4824259255589
157.4455405731849
171.19735737426595
250.55488877207438
161.9564539937194
249.29977497268533
163.73926668114976
156.84541453636146
154.34962639808242
238.17622025746425
166.51335369039222
158.64926959399844
161.0269393546429
152.81605178249868
168.46189130171783
155.53115837785896
236.32473040708146
162.04654822635538
167.62836034826404
161.84060329683547
154.5932127796634
173.30325670843786
222.86744982591136
164.1928126630404
152.31402220858
200.08126182625625
164.68722996401723
153.9690978846247
152.7616980214163
163.77506996721465
161.335369065748
162.61252782615205
167.70699487662682
154.7970403348508
221.56568640996764
161.12880268435583
156.75908080675254
156.72092986268783
199.56415706994264
173.13400361130763
162.21070986229967
151.1357445563614
228.6453230452638
164.97937200528037
155.7950506677672
155.26552309366684
162.72209582613297
159.8442275556862
160.68234779191758
156.10384698447487
168.87343798295706
234.591767023767
165.22372841777448
155.00519464457304
176.08014040621177
167.92176206614496
152.10253605481108
179.61359323575425
165.09858953242932
162.7165841464919
172.19227695002283
166.6143330075862
155.11340751786426
248.38407142268935
162.67138953687814
152.71068573776915
163.5799229936289
155.36710542309987
172.9627770945294
186.51434414317805
164.2339396668736
149.96341530948197
193.98531723520816
165.8471730538757
157.58616324693185
155.84194391293377
163.63160990861059
161.85672708655483
156.35860668771662
165.63601961248133
163.76703953433247
159.75427656857914
165.5236202994088
158.29138420380346
152.33651582768758
219.93564202571994
168.72203862868108
161.5890786030683
163.4838401612349
224.7299812296043
164.088572661534
156.08777611336876
151.17917976922345
162.74727773408725
159.2525400243897
163.61876066796864
152.91358568818637
167.4669559454872
227.04256893698462
165.31442381265532
231.93586262514006
161.5830118457997
166.35276077913693
158.12569628858617
155.10937689612797
167.62977120167974
161.1267919032368
160.76870170383097
152.55386335244057
162.9937555801868
156.73441085941565
226.1956602254553
160.748100460787
156.51790581978614
152.25606196094392
175.01707255346818
177.91911131177866
163.3545186765289
154.80132919813676
190.73753179707413
162.98039911323036
157.04082143220327
152.8114576484254
164.41646325591492
155.73772817280152
162.3118550128047
152.86986674956245
165.10032711544025
150.70172635207402
165.31442381265532
148.76869022769418
161.85552351499845
169.88200016235473
155.58899501397224
173.6166653197615
164.18264315463995
160.67324246781249
160.16708614835588
218.4296199503529
163.41837929832562
156.96060704840767
176.84952503089022
163.48508170730898
157.55740486181492
164.69544244895042
152.20706833751038
166.0949383956982
193.49965220604858
165.31442381265532
159.59615471558178
174.9873787803356
165.20518091858432
156.80100663899307
155.2510932867913
164.07967233866466
164.9982856096559
152.8114576484254
161.7818856378529
163.7882667761878
165.31442381265532
149.15159109952623
162.55833033517263
160.01726446944906
154.84924788847795
167.18963838163583
168.8944040824215
162.17311841148344
182.8130935460041
164.3546405090328
156.65260169529438
154.15633856450611
165.31442381265532
158.33789033235723
164.30576435154646
149.80969951442728
162.68913089894025
156.25050546825796
165.31442381265532
151.3675855411648
161.99849974708744
166.110982768009
157.4679321530242
157.2493204525783
165.01596660199127
176.08014040621177
162.55323683084492
162.1646645836537
165.31442381265532
174.80028405297708
163.49557498725295
154.7927347345009
164.50905352746977
165.76713291148397
164.22361585049595
173.76559007060206
164.15275756408352
156.07521583707137
157.72692580248983
165.13340578128376
152.81006322894493
159.31180011090476
162.87426651956315
165.31442381265532
155.19187993194424
162.38306326669328
172.48017158273873
157.8551411992561
156.10349048641928
166.2285056522705
161.5890786030683
159.52424441714373
157.37397812046234
163.50757735332505
156.86317992547507
151.27061753000552
165.31442381265532
165.31442381265532
152.68334339905212
160.52790598166655
164.50770250036507
165.31442381265532
161.89905072172652
159.73382782725741
164.48539450803887
155.98338494341473
157.53600739813476
166.74016162691206
155.3655997177058
162.45277948407514
165.31442381265532
152.46504845621965
164.29353610376182
196.37730016793665
158.0164123117145
157.84160165274733
163.3545186765289
158.97797805662893
165.147633438256
163.52553764796897
156.5445609721453
153.8434734378499
165.31442381265532
152.82843887215245
164.31908488194114
165.31442381265532
154.71937595266468
161.5249372140586
169.4808292105544
156.01821284196978
160.78988054183534
163.8221020729718
161.31642627757503
157.53600739813476
163.39997540725594
159.399915288752
155.20154291144695
165.31442381265532
165.31442381265532
155.58899501397224
160.16154942053186
164.34857565734416
159.87096401030692
161.44288320526445
168.03324187760023
156.6806114761334
158.41655497861595
164.1916156064175
174.24281626949252
162.66457237143413
165.31442381265532
157.71320726926336
164.30576435154646
163.09876518291733
156.92611066365868
162.52903744004584
160.7479261064991
159.89613727694194
162.75994810941677
163.27083868840376
157.66454261692743
158.92571203794637
165.31442381265532
154.71937595266468
162.53076812174854
165.31442381265532
156.07192782250667
158.6291769637197
164.71112956873074
156.65260169529438
158.48110811992785
164.42028080371745
157.68224114566917
165.31442381265532
157.4598066689146
165.31442381265532
164.2640625229639
164.61970098200993
157.2493204525783
163.78362672296583
163.3545186765289
160.32977809802603
160.6858347301774
160.67324246781249
162.4083469364067
156.42614354002333
152.8114576484254
164.66801339477948
158.21481559742332
162.7505918682314
163.53045206585625
155.92978547783324
164.1204799612626
162.9970067509446
156.01000602968764
160.31112022141588
165.58895778241657
160.84669435607765
162.07467810227288
163.79446727646277
159.99524968527754
156.98240577699843
165.31442381265532
156.14052815667648
165.31442381265532
157.76886301309833
162.63090048892275
164.57019618492401
156.91073184409794
158.08979664207163
160.92893147454984
165.2743604481382
156.75363841583948
158.20509877396069
164.30965525288832
161.17016838657915
162.3867312286183
167.0640701148923
163.25434363924623
156.81083564454036
165.31442381265532
163.98919395547313
156.04429427603773
166.30526588795118
162.21070986229967
160.78966041265383
160.32221136458386
161.27780345759498
159.5007369775018
159.48183691655436
165.17003235632868
158.73344708573572
165.31442381265532
158.0164123117145
163.23125175557115
165.31442381265532
156.94704262209305
159.66441147887193
159.68199177851903
156.6806114761334
165.6525942235521
159.60209759487836
160.63474869263496
163.11800011266524
162.3917117033426
162.82236781152324
155.54763554297475
165.31442381265532
156.91073184409794
159.92724689706506
163.3545186765289
156.05141599624642
157.9802311673755
159.60209759487836
156.82956427814986
154.71937595266468
164.7934848495015
164.96798511606536
166.01636524748565
163.6156013531249
155.9331510342075
161.67647866752154
156.64218545895437
164.62044771757954
161.32938256900974
160.51779996743858
158.39237645254346
160.22976169347578
160.11304546239336
158.36315091708514
165.01084019378737
157.53600739813476
160.5059489507086
163.38567284973198
156.04429427603773
158.9243379673471
162.21871278009283
156.92780681099745
158.19051965945638
165.49925473631959
160.6652987077426
160.85590624961128
163.00574070348586
155.72059182890223
163.0916661648635
158.92445601250697
156.05141599624642
163.5384417362633
161.54390181911705
156.95001099631617
157.26849275800873
159.70093001817503
159.399915288752
156.83161598632358
164.6020621427081
156.81083564454036
163.3545186765289
164.22361585049595
156.91073184409794
161.76546120457522
161.589498640276
156.68639893044784
165.4344154766277
159.99817184693924
157.31803830365422
161.37694246393576
160.2713989556528
156.90097742451363
162.94245411676403
160.0683450860686
155.9534387090731
162.19705223239058
162.82589627397056
162.21070986229967
156.07521583707137
158.48619741389138
161.7249378168303
156.63206806516837
156.83161598632358
163.46486129533926
160.32634502313434
155.9889413643936
161.51250309327068
164.2339396668736
156.07192782250667
163.16112373847088
160.29125591524175
156.94704262209305
162.08600568428918
160.7479261064991
156.62704792076138
159.60209759487836
159.34578805533712
163.61415682633455
157.0245230881037
162.39023289003714
162.21070986229967
155.9734074373136
159.9921990596864
166.5215138641503
156.58442798686684
162.42973332851494
158.95652505168232
156.643276308288
159.4788001104893
163.3545186765289
156.05726410596563
163.8631024355409
158.87289623980476
155.9921380992569
162.99779045073205
160.09703623356725
160.7530427934603
156.06087560263202
159.27672162866432
163.47375342205842
164.09246401725485
162.63304997860126
159.37631743340057
156.549548228508
156.92611066365868
158.822860682331
161.5890786030683
156.643276308288
161.77136594535756
164.25570355248723
161.93820867209413
160.71187201227033
163.8862318902317
155.27327612916707
156.65260169529438
162.65216092258441
162.3865131437273
160.29791757344276
162.62031513382487
156.66651980962092
156.21312477022335
179.28487856617386
155.7116845425009
163.19604533983875
158.22434153455526
163.7247248888082
170.79863948767758
156.5120259179002
164.13033057369083
162.4013868868695
154.77348420860105
163.60267244495603
158.64377317440645
155.04127643172814
173.43316931850794
155.3191237967416
163.6094652095658
158.21879897602616
158.47923252040457
154.57912085570274
155.47047472758436
163.2413210113945
169.6520028213547
163.2603340976056
156.84719226591525
158.38662816642537
174.83171405911855
173.40392150059355
153.81673350939684
166.88354417778856
167.6252206328942
170.411738561541
177.28902762955704
