0.8007657377858438 2.4647923188675787 2.3969408593429207 [0.06469918 0.02389064 0.03468247] [-0.83829458  0.16044014  0.52107692] [-0.83829458 -0.52107692  0.16044014] [0.52107692 0.16044014 0.83829458]
0.9570560698053262 2.376541442899494 2.366565798105494 [0.05071643 0.04867517 0.03304205] [-0.88922446  0.03852463  0.45584615] [-0.88922446 -0.45584615  0.03852463] [0.45584615 0.03852463 0.88922446]
0.9567446174991487 2.376704025293562 2.3630564323644263 [-0.0673879   0.01479476  0.03212537] [ 0.88841396 -0.16791219  0.42723077] [ 0.88841396 -0.42723077 -0.16791219] [ 0.42723077 -0.16791219 -0.88841396]
0.8260349018304557 2.3826432248167158 2.4495844841088212 [-0.05407396  0.04567462  0.03392966] [ 0.8862654  -0.21489819  0.41030769] [ 0.8862654  -0.41030769 -0.21489819] [ 0.41030769 -0.21489819 -0.8862654 ]
0.9632446013862409 2.373321411932736 2.366051481670504 [-0.06720347 -0.00743562  0.03118441] [ 0.91352552 -0.01962588  0.40630769] [ 0.91352552 -0.40630769 -0.01962588] [ 0.40630769 -0.01962588 -0.91352552]
0.9575670782869592 2.376274799000508 2.3597884106875426 [0.05585335 0.04430985 0.03491115] [-0.91289305  0.10442694  0.39461538] [-0.91289305 -0.39461538  0.10442694] [0.39461538 0.10442694 0.91289305]
0.8454499466411783 2.4381534144062047 2.3723260451586237 [-0.04379956 -0.04735405  0.0342428 ] [0.91322686 0.13227018 0.38538462] [ 0.91322686 -0.38538462  0.13227018] [ 0.38538462  0.13227018 -0.91322686]
0.8707547029173066 2.4235794809918056 2.4080606574816343 [-0.05407396  0.04567462  0.03392966] [ 0.9041897  -0.18923771  0.38292308] [ 0.9041897  -0.38292308 -0.18923771] [ 0.38292308 -0.18923771 -0.9041897 ]
0.8407394458839142 2.4409067930969135 2.3922092919881006 [-0.04379956 -0.04735405  0.0342428 ] [0.91939353 0.1629464  0.358     ] [ 0.91939353 -0.358       0.1629464 ] [ 0.358       0.1629464  -0.91939353]
0.8016773992004058 2.46423708996057 2.366605292401667 [-0.05407396  0.04567462  0.03392966] [ 0.92042859 -0.1624919   0.35553846] [ 0.92042859 -0.35553846 -0.1624919 ] [ 0.35553846 -0.1624919  -0.92042859]
0.7214325161768523 2.394335690306425 2.5150341497759094 [-0.05004631  0.0521622   0.03640731] [ 0.89285841 -0.28451565  0.34907692] [ 0.89285841 -0.34907692 -0.28451565] [ 0.34907692 -0.28451565 -0.89285841]
0.7643041713930775 2.4157586014410373 2.487406899407688 [-0.05004631  0.0521622   0.03640731] [ 0.90165177 -0.30682212  0.30476923] [ 0.90165177 -0.30476923 -0.30682212] [ 0.30476923 -0.30682212 -0.90165177]
0.9859591252306766 2.3616717911898655 2.358311465765114 [-0.04463059  0.0563897   0.03351151] [ 0.94776492 -0.10620508  0.30076923] [ 0.94776492 -0.30076923 -0.10620508] [ 0.30076923 -0.10620508 -0.94776492]
0.7452200815151487 2.4081645070696087 2.499565064357946 [-0.04952684 -0.04248673  0.03577308] [0.90727642 0.30188687 0.29276923] [ 0.90727642 -0.29276923  0.30188687] [ 0.29276923  0.30188687 -0.90727642]
0.6294837088572502 2.4187958753459426 2.5781829399455303 [-0.06670849 -0.01717032  0.04381928] [ 0.94620979 -0.15530098  0.28384615] [ 0.94620979 -0.28384615 -0.15530098] [ 0.28384615 -0.15530098 -0.94620979]
0.7734666403514701 2.3706822506927927 2.4816486187038205 [-0.06433881 -0.02535814  0.04540933] [0.95865964 0.05155402 0.27984615] [ 0.95865964 -0.27984615  0.05155402] [ 0.27984615  0.05155402 -0.95865964]
0.620601767793573 2.416245618962101 2.5845697121132503 [-0.06670849 -0.01717032  0.04381928] [ 0.95882682 -0.07688944  0.27338462] [ 0.95882682 -0.27338462 -0.07688944] [ 0.27338462 -0.07688944 -0.95882682]
0.7196228642415781 2.4042045750407186 2.5162253685238216 [-0.04952684 -0.04248673  0.03577308] [0.90476365 0.33312723 0.26538462] [ 0.90476365 -0.26538462  0.33312723] [ 0.26538462  0.33312723 -0.90476365]
0.6581371620647634 2.442886113268477 2.557925706869052 [-0.06670849 -0.01717032  0.04381928] [ 0.95825937 -0.12635848  0.25646154] [ 0.95825937 -0.25646154 -0.12635848] [ 0.25646154 -0.12635848 -0.95825937]
0.8003675149477124 2.3825941531295625 2.465035003467352 [-0.06698207  0.0268869   0.04445736] [0.964089   0.08243531 0.25246154] [ 0.964089   -0.25246154  0.08243531] [ 0.25246154  0.08243531 -0.964089  ]
0.9752877737163171 2.367111880675453 2.3626160709410953 [ 0.0571033 -0.0339384  0.0836247] [-0.73860242  0.63154023  0.23584615] [-0.73860242 -0.23584615  0.63154023] [0.23584615 0.63154023 0.73860242]
0.8861095646057872 2.359359534796547 2.4149123917675683 [-0.05118202  0.05306002  0.04575316] [0.97129631 0.03324321 0.23553846] [ 0.97129631 -0.23553846  0.03324321] [ 0.23553846  0.03324321 -0.97129631]
0.689643983888581 2.4650220971705976 2.536258248874044 [-0.06670849 -0.01717032  0.04381928] [ 0.9685906  -0.09672647  0.22907692] [ 0.9685906  -0.22907692 -0.09672647] [ 0.22907692 -0.09672647 -0.9685906 ]
0.9003917008874986 2.4069685310282507 2.3583837650131683 [ 0.0571033 -0.0339384  0.0836247] [-0.79023486  0.56985141  0.22538462] [-0.79023486 -0.22538462  0.56985141] [0.22538462 0.56985141 0.79023486]
0.8061899297367469 2.395739696260618 2.4614960903877776 [-0.06433881 -0.02535814  0.04540933] [0.96769434 0.11361358 0.22507692] [ 0.96769434 -0.22507692  0.11361358] [ 0.22507692  0.11361358 -0.96769434]
0.9906575580729716 2.3567936426493565 2.359294945821208 [-0.04952684 -0.04248673  0.03577308] [0.95732067 0.19359074 0.21461538] [ 0.95732067 -0.21461538  0.19359074] [ 0.21461538  0.19359074 -0.95732067]
0.7632599834755125 2.3636351262119573 2.488066374149228 [ 0.04756185 -0.04400995  0.0836247 ] [-0.76303906  0.61181303  0.20846154] [-0.76303906 -0.20846154  0.61181303] [0.20846154 0.61181303 0.76303906]
0.858684550683828 2.357391813857928 2.4304856636313135 [-0.05993919 -0.03357629  0.04634154] [0.97598041 0.0642979  0.20815385] [ 0.97598041 -0.20815385  0.0642979 ] [ 0.20815385  0.0642979  -0.97598041]
0.9603797116212789 2.367598132248239 2.3748096029679155 [-0.02339508 -0.05472811  0.02500516] [0.78924123 0.57828052 0.20661538] [ 0.78924123 -0.20661538  0.57828052] [ 0.20661538  0.57828052 -0.78924123]
0.7550608845737903 2.4932677854327645 2.3631435083214978 [0.06875544 0.01417199 0.04554184] [-0.97358261 -0.10468583  0.20292308] [-0.97358261 -0.20292308 -0.10468583] [ 0.20292308 -0.10468583  0.97358261]
0.9109118070437656 2.401188880739241 2.377620501458237 [ 0.0571033 -0.0339384  0.0836247] [-0.81274868  0.54793757  0.198     ] [-0.81274868 -0.198       0.54793757] [0.198      0.54793757 0.81274868]
0.7574227289344024 2.4917652457235167 2.3614312571294818 [0.06875544 0.01417199 0.04554184] [-0.98016387  0.02610845  0.19646154] [-0.98016387 -0.19646154  0.02610845] [0.19646154 0.02610845 0.98016387]
0.8758242866683549 2.4207033384155077 2.3579868630195264 [0.06673834 0.0238004  0.04557034] [-0.96368705 -0.18511032  0.19246154] [-0.96368705 -0.19246154 -0.18511032] [ 0.19246154 -0.18511032  0.96368705]
0.9232161906876951 2.383088425520166 2.394505333334121 [-0.05118202  0.05306002  0.04575316] [0.98143907 0.01442728 0.19123077] [ 0.98143907 -0.19123077  0.01442728] [ 0.19123077  0.01442728 -0.98143907]
0.9608709984324514 2.3569680572832095 2.3745540971733385 [-0.04952684 -0.04248673  0.03577308] [0.9562003  0.22500137 0.18723077] [ 0.9562003  -0.18723077  0.22500137] [ 0.18723077  0.22500137 -0.9562003 ]
0.7685298574434389 2.4847448727250683 2.379687509346326 [0.06875544 0.01417199 0.04554184] [-0.98100793 -0.05502215  0.186     ] [-0.98100793 -0.186      -0.05502215] [ 0.186      -0.05502215  0.98100793]
0.9550417112988294 2.377593860769884 2.373831453438184 [-0.04379956 -0.04735405  0.0342428 ] [0.88626523 0.42539443 0.18323077] [ 0.88626523 -0.18323077  0.42539443] [ 0.18323077  0.42539443 -0.88626523]
0.7449415857142184 2.358929496354501 2.4997441445858906 [ 0.04756185 -0.04400995  0.0836247 ] [-0.78632051  0.59068706  0.18107692] [-0.78632051 -0.18107692  0.59068706] [0.18107692 0.59068706 0.78632051]
0.8512642792247406 2.3614862620806787 2.434772414289898 [-0.05578939 -0.03840365  0.04449401] [0.97886798 0.09560313 0.18076923] [ 0.97886798 -0.18076923  0.09560313] [ 0.18076923  0.09560313 -0.97886798]
0.769487218564329 2.4841432787162945 2.3696826991904274 [0.06875544 0.01417199 0.04554184] [-0.98078158  0.07637695  0.17953846] [-0.98078158 -0.17953846  0.07637695] [0.17953846 0.07637695 0.98078158]
0.8095281948494312 2.459476126121208 2.389890752000885 [0.06875544 0.01417199 0.04554184] [-0.97501991 -0.1360971   0.17553846] [-0.97501991 -0.17553846 -0.1360971 ] [ 0.17553846 -0.1360971   0.97501991]
0.9773569711371736 2.362694871860805 2.3660524950075037 [-0.04584913  0.0579193   0.04514777] [ 0.98403943 -0.03582217  0.17430769] [ 0.98403943 -0.17430769 -0.03582217] [ 0.17430769 -0.03582217 -0.98403943]
0.9223764416415231 2.394038572199168 2.3949588710129763 [ 0.0571033 -0.0339384  0.0836247] [-0.83398761  0.52474285  0.17061538] [-0.83398761 -0.17061538  0.52474285] [0.17061538 0.52474285 0.83398761]
0.8126375784081671 2.457600579946159 2.3929691237743844 [0.06875544 0.01417199 0.04554184] [-0.98559082 -0.0048713   0.16907692] [-0.98559082 -0.16907692 -0.0048713 ] [ 0.16907692 -0.0048713   0.98559082]
0.7865149923063538 2.473535881056303 2.374514740245255 [0.06875544 0.01417199 0.04554184] [-0.97851616  0.12673735  0.16261538] [-0.97851616 -0.16261538  0.12673735] [0.16261538 0.12673735 0.97851616]
0.8696957403790841 2.4241820914955303 2.3658736627425934 [ 0.0640908  -0.02230165  0.0836247 ] [-0.8760225   0.45490145  0.16015385] [-0.8760225  -0.16015385  0.45490145] [0.16015385 0.45490145 0.8760225 ]
0.8211776765366623 2.452478573209284 2.4082930512468144 [0.06875544 0.01417199 0.04554184] [-0.98355442 -0.08638208  0.15861538] [-0.98355442 -0.15861538 -0.08638208] [ 0.15861538 -0.08638208  0.98355442]
0.7987896179379051 2.3643410881752556 2.4659975315022713 [-0.06824997 -0.01122437  0.03956837] [ 0.98376168 -0.08627304  0.15738462] [ 0.98376168 -0.15738462 -0.08627304] [ 0.15738462 -0.08627304 -0.98376168]
0.9296768863525424 2.364309463659847 2.39102866389024 [-0.04379956 -0.04735405  0.0342428 ] [0.87657578 0.45533162 0.15584615] [ 0.87657578 -0.15584615  0.45533162] [ 0.15584615  0.45533162 -0.87657578]
0.8737133255616182 2.3633858486898385 2.421899201184809 [-0.05578939 -0.03840365  0.04449401] [0.97996466 0.12705286 0.15338462] [ 0.97996466 -0.15338462  0.12705286] [ 0.15338462  0.12705286 -0.97996466]
0.8228503455196151 2.4514803861208856 2.4028379668316084 [0.06875544 0.01417199 0.04554184] [-0.98730478  0.04559027  0.15215385] [-0.98730478 -0.15215385  0.04559027] [0.15215385 0.04559027 0.98730478]
0.8025156720635498 2.3583144735232784 2.463726992680972 [-0.06824997 -0.01122437  0.03956837] [ 0.98913646 -0.00476186  0.14692308] [ 0.98913646 -0.14692308 -0.00476186] [ 0.14692308 -0.00476186 -0.98913646]
0.9479362603826776 2.3725553327443887 2.381323115143427 [-0.06433881 -0.02535814  0.04540933] [ 0.92782334 -0.34391092  0.14446154] [ 0.92782334 -0.14446154 -0.34391092] [ 0.14446154 -0.34391092 -0.92782334]
0.9234550615874375 2.3854907016021296 2.3943763915670133 [ 0.0640908  -0.02230165  0.0836247 ] [-0.85389143  0.50035424  0.14323077] [-0.85389143 -0.14323077  0.50035424] [0.14323077 0.50035424 0.85389143]
0.8972581236487566 2.4087018139726624 2.389741289292934 [-0.05578939 -0.03840365  0.04449401] [0.9876453  0.07703899 0.13646154] [ 0.9876453  -0.13646154  0.07703899] [ 0.13646154  0.07703899 -0.9876453 ]
0.7378016156090359 2.364254552444641 2.504351676562132 [-0.05954217  0.04280072  0.04555403] [ 0.9544672  -0.26652649  0.134     ] [ 0.9544672  -0.134      -0.26652649] [ 0.134      -0.26652649 -0.9544672 ]
0.9682142377819525 2.3707499767367466 2.3663297214256374 [ 0.06599056 -0.0151368   0.04564678] [-0.89360196  0.42877484  0.13276923] [-0.89360196 -0.13276923  0.42877484] [0.13276923 0.42877484 0.89360196]
0.9484425851572198 2.381056496957904 2.356728014882255 [-0.04584913  0.0579193   0.04514777] [ 0.98996523 -0.05539707  0.13      ] [ 0.98996523 -0.13       -0.05539707] [ 0.13       -0.05539707 -0.98996523]
0.8632129123343972 2.3631411248695025 2.4278849976053296 [-0.05578939 -0.03840365  0.04449401] [0.9792795 0.1585423 0.126    ] [ 0.9792795 -0.126      0.1585423] [ 0.126      0.1585423 -0.9792795]
0.6205913550920751 2.5845772295488927 2.4128656010503406 [-0.06522587 -0.01546551  0.0346581 ] [ 0.97454822 -0.1870669   0.12353846] [ 0.97454822 -0.12353846 -0.1870669 ] [ 0.12353846 -0.1870669  -0.97454822]
0.6158586351458621 2.5880012733058884 2.367190978383232 [-0.06137924 -0.02555571  0.03476958] [ 0.94164259 -0.31559819  0.11707692] [ 0.94164259 -0.11707692 -0.31559819] [ 0.11707692 -0.31559819 -0.94164259]
0.9589985681787102 2.375528572886826 2.3714312046604435 [ 0.0571033 -0.0339384  0.0836247] [-0.87240341  0.47485994  0.11584615] [-0.87240341 -0.11584615  0.47485994] [0.11584615 0.47485994 0.87240341]
0.9040045949340861 2.3686356227865253 2.4049768152324726 [-0.05954217  0.04280072  0.04555403] [ 0.98790531 -0.10609763  0.11307692] [ 0.98790531 -0.11307692 -0.10609763] [ 0.11307692 -0.10609763 -0.98790531]
0.8951902814092827 2.409848565371524 2.3784230524585004 [-0.05578939 -0.03840365  0.04449401] [0.98808881 0.1085483  0.10907692] [ 0.98808881 -0.10907692  0.1085483 ] [ 0.10907692  0.1085483  -0.98808881]
0.8896387452632966 2.3705946608158026 2.412938929968465 [-0.05436651 -0.03635514  0.03438102] [0.94214309 0.31831625 0.10507692] [ 0.94214309 -0.10507692  0.31831625] [ 0.10507692  0.31831625 -0.94214309]
0.9630236012947653 2.3586147568689286 2.373436060699244 [-0.06897461 -0.01387832  0.04671881] [ 0.92601939 -0.36394684  0.10015385] [ 0.92601939 -0.10015385 -0.36394684] [ 0.10015385 -0.36394684 -0.92601939]
0.855708799748723 2.360820304865072 2.432201005796697 [-0.05578939 -0.03840365  0.04449401] [0.97682507 0.18996784 0.09861538] [ 0.97682507 -0.09861538  0.18996784] [ 0.09861538  0.18996784 -0.97682507]
0.5884970810468416 2.6080814654737 2.3929394830403634 [-0.06522587 -0.01546551  0.0346581 ] [ 0.98295676 -0.15668582  0.09615385] [ 0.98295676 -0.09615385 -0.15668582] [ 0.09615385 -0.15668582 -0.98295676]
0.77810798649852 2.4787511186375077 2.409935776600859 [-0.06888747 -0.0052091   0.03590827] [0.9940512  0.05805073 0.09215385] [ 0.9940512  -0.09215385  0.05805073] [ 0.09215385  0.05805073 -0.9940512 ]
0.9404556483649582 2.364145238794006 2.3852779682306213 [ 0.0571033 -0.0339384  0.0836247] [-0.88947029  0.44834937  0.08846154] [-0.88947029 -0.08846154  0.44834937] [0.08846154 0.44834937 0.88947029]
0.8805329600520948 2.418044867799196 2.3611972102485472 [-0.05436651 -0.03635514  0.03438102] [0.95874961 0.27023708 0.08815385] [ 0.95874961 -0.08815385  0.27023708] [ 0.08815385  0.27023708 -0.95874961]
0.8533243312204387 2.433579153387264 2.39600361481349 [-0.06522587 -0.01546551  0.0346581 ] [ 0.99348985 -0.07506489  0.08569231] [ 0.99348985 -0.08569231 -0.07506489] [ 0.08569231 -0.07506489 -0.99348985]
0.897105914123915 2.4087861435892295 2.383581120925391 [-0.05578939 -0.03840365  0.04449401] [0.98676798 0.14005472 0.08169231] [ 0.98676798 -0.08169231  0.14005472] [ 0.08169231  0.14005472 -0.98676798]
0.5586958939674819 2.63050500255631 2.3649470031091546 [-0.06522587 -0.01546551  0.0346581 ] [ 0.97513073 -0.20698441  0.07923077] [ 0.97513073 -0.07923077 -0.20698441] [ 0.07923077 -0.20698441 -0.97513073]
0.9400393914756773 2.385498903710017 2.3590050472335067 [ 0.0571033 -0.0339384  0.0836247] [-0.92426141  0.3737069   0.078     ] [-0.92426141 -0.078       0.3737069 ] [0.078      0.3737069  0.92426141]
0.8721557672922587 2.367096553164668 2.4227831656489194 [-0.05436651 -0.03635514  0.03438102] [0.93397949 0.34877818 0.07769231] [ 0.93397949 -0.07769231  0.34877818] [ 0.07769231  0.34877818 -0.93397949]
0.8513144739615098 2.3565078545347222 2.4347433107223457 [-0.05578939 -0.03840365  0.04449401] [0.97261748 0.22122705 0.07123077] [ 0.97261748 -0.07123077  0.22122705] [ 0.07123077  0.22122705 -0.97261748]
0.5602934267666209 2.6292883299853194 2.3717890835459747 [-0.06522587 -0.01546551  0.0346581 ] [ 0.98966109 -0.12586389  0.06876923] [ 0.98966109 -0.06876923 -0.12586389] [ 0.06876923 -0.12586389 -0.98966109]
0.9188427067628532 2.3968715608554945 2.3816275108508798 [-0.06888747 -0.0052091   0.03590827] [0.99387003 0.08959529 0.06476923] [ 0.99387003 -0.06476923  0.08959529] [ 0.06476923  0.08959529 -0.99387003]
0.8846397700529179 2.4157363192881323 2.3715889445933125 [-0.05436651 -0.03635514  0.03438102] [0.95169079 0.30098461 0.06076923] [ 0.95169079 -0.06076923  0.30098461] [ 0.06076923  0.30098461 -0.95169079]
0.8185047990117444 2.454077051000987 2.3720198245916686 [-0.06522587 -0.01546551  0.0346581 ] [ 0.99733945 -0.04375189  0.05830769] [ 0.99733945 -0.05830769 -0.04375189] [ 0.05830769 -0.04375189 -0.99733945]
0.9028910894109504 2.4055899054955914 2.387117903851948 [-0.05578939 -0.03840365  0.04449401] [0.9836939  0.17145549 0.05430769] [ 0.9836939  -0.05430769  0.17145549] [ 0.05430769  0.17145549 -0.9836939 ]
0.9349729933611699 2.383802034220475 2.388195351087806 [-0.05609983  0.04747784  0.04517668] [ 0.98294926 -0.17641633  0.05184615] [ 0.98294926 -0.05184615 -0.17641633] [ 0.05184615 -0.17641633 -0.98294926]
0.8672167783546271 2.36970468652416 2.425595236830843 [ 0.0571033 -0.0339384  0.0836247] [-0.9372541   0.34495337  0.05061538] [-0.9372541  -0.05061538  0.34495337] [0.05061538 0.34495337 0.9372541 ]
0.8579383367240213 2.361645123497281 2.430915337497515 [-0.05578939 -0.03840365  0.04449401] [0.92412904 0.37875407 0.05030769] [ 0.92412904 -0.05030769  0.37875407] [ 0.05030769  0.37875407 -0.92412904]
0.9675490615133886 2.371093418515025 2.3655461310302806 [-0.06824997 -0.01122437  0.03956837] [0.99810223 0.0387645  0.04784615] [ 0.99810223 -0.04784615  0.0387645 ] [ 0.04784615  0.0387645  -0.99810223]
0.9207517249519243 2.3672292821233643 2.395837438096061 [-0.05609983  0.04747784  0.04517668] [ 0.97337416 -0.22654606  0.03492308] [ 0.97337416 -0.03492308 -0.22654606] [ 0.03492308 -0.22654606 -0.97337416]
0.8925336980614378 2.411325274591638 2.380423887962467 [-0.05436651 -0.03635514  0.03438102] [0.94293283 0.33130521 0.03338462] [ 0.94293283 -0.03338462  0.33130521] [ 0.03338462  0.33130521 -0.94293283]
0.9801511267473793 2.364625419260805 2.3575452865512383 [-0.06357357  0.03432005  0.04525592] [ 0.98061092 -0.19581981  0.00753846] [ 0.98061092 -0.00753846 -0.19581981] [ 0.00753846 -0.19581981 -0.98061092]
0.9041152839415583 2.404915907554625 2.387575098027315 [-0.05436651 -0.03635514  0.03438102] [0.93250735 0.36110115 0.006     ] [ 0.93250735 -0.006       0.36110115] [ 0.006       0.36110115 -0.93250735]
0.9028412541961252 2.3892593269019122 2.4056173603831743 [-0.05118202  0.05306002  0.04575316] [ 0.96931712 -0.24563438 -0.00938462] [ 0.96931712  0.00938462 -0.24563438] [-0.00938462 -0.24563438 -0.96931712]
0.919294096008919 2.3966268638871395 2.3929237814406754 [-0.05436651 -0.03635514  0.03438102] [ 0.92044949  0.39027611 -0.02138462] [0.92044949 0.02138462 0.39027611] [-0.02138462  0.39027611 -0.92044949]
0.8683999620916624 2.3677036246103498 2.4249203240364645 [-0.05118202  0.05306002  0.04575316] [ 0.95522082 -0.29472204 -0.02630769] [ 0.95522082  0.02630769 -0.29472204] [-0.02630769 -0.29472204 -0.95522082]
0.919782746120046 2.386587977319631 2.3963620919356075 [-0.05436651 -0.03635514  0.03438102] [ 0.90679791  0.41873513 -0.04876923] [0.90679791 0.04876923 0.41873513] [-0.04876923  0.41873513 -0.90679791]
0.9117889359535736 2.3855324885159956 2.4007097218072215 [-0.05118202  0.05306002  0.04575316] [ 0.94724643 -0.31263023 -0.07061538] [ 0.94724643  0.07061538 -0.31263023] [-0.07061538 -0.31263023 -0.94724643]
0.9715131419620741 2.3690500668378154 2.36005414140258 [-0.05609983  0.04747784  0.04517668] [ 0.87919929 -0.43557996 -0.19307692] [ 0.87919929  0.19307692 -0.43557996] [-0.19307692 -0.43557996 -0.87919929]
0.9390161816555808 2.386042380147553 2.375276861695598 [-0.05609983  0.04747784  0.04517668] [ 0.86186657 -0.44814569 -0.23738462] [ 0.86186657  0.23738462 -0.44814569] [-0.23738462 -0.44814569 -0.86186657]
0.9071013236570594 2.364680354896687 2.4032753397931153 [-0.0409245  -0.04719495  0.0836247 ] [ 0.84364334  0.25042759 -0.47492308] [0.84364334 0.47492308 0.25042759] [-0.47492308  0.25042759 -0.84364334]
0.8897503835201308 2.412876616409278 2.35834532887033 [-0.0409245  -0.04719495  0.0836247 ] [ 0.84624761  0.2048227  -0.49184615] [0.84624761 0.49184615 0.2048227 ] [-0.49184615  0.2048227  -0.84624761]
0.9175782728057675 2.357597807543006 2.3975575935325866 [-0.0409245  -0.04719495  0.0836247 ] [ 0.82075835  0.2721079  -0.50230769] [0.82075835 0.50230769 0.2721079 ] [-0.50230769  0.2721079  -0.82075835]
0.9188971007001411 2.3968420682071154 2.3586389303353283 [-0.0438048  0.0571821  0.0836247] [ 0.82962491 -0.18104151 -0.52815385] [ 0.82962491  0.52815385 -0.18104151] [-0.52815385 -0.18104151 -0.82962491]
0.947068242454635 2.3785294080578154 2.3817805058131905 [-0.0438048  0.0571821  0.0836247] [ 0.80891355 -0.22034067 -0.54507692] [ 0.80891355  0.54507692 -0.22034067] [-0.54507692 -0.22034067 -0.80891355]
0.9107785960359168 2.3600367748770488 2.4012616880030277 [-0.0405637  0.0599604  0.0836247] [ 0.78591852 -0.25785283 -0.562     ] [ 0.78591852  0.562      -0.25785283] [-0.562      -0.25785283 -0.78591852]
0.8996286351638315 2.404993960410569 2.407390110046957 [-0.0535809   0.00511321  0.0931447 ] [ 0.79830701  0.16053136 -0.58046154] [0.79830701 0.58046154 0.16053136] [-0.58046154  0.16053136 -0.79830701]
0.8334098714871769 2.365277662410665 2.445216555445536 [-0.0535809   0.00511321  0.0931447 ] [ 0.80319513 -0.12279359 -0.58292308] [ 0.80319513  0.58292308 -0.12279359] [-0.58292308 -0.12279359 -0.80319513]
0.9105944534524746 2.401362348122236 2.359677030029618 [-0.0438048  0.0571821  0.0836247] [ 0.77516237 -0.22748424 -0.58938462] [ 0.77516237  0.58938462 -0.22748424] [-0.58938462 -0.22748424 -0.77516237]
0.8362998168694754 2.4435135644273656 2.3660125832129157 [-0.0535809   0.00511321  0.0931447 ] [ 0.77506401  0.22379836 -0.59092308] [0.77506401 0.59092308 0.22379836] [-0.59092308  0.22379836 -0.77506401]
0.8484994102974331 2.4050997368142806 2.4363777507496525 [-0.0535809   0.00511321  0.0931447 ] [ 0.80300107 -0.05553354 -0.59338462] [ 0.80300107  0.59338462 -0.05553354] [-0.59338462 -0.05553354 -0.80300107]
0.9004897609359307 2.4069143779467805 2.4026806780325627 [-0.0535809   0.00511321  0.0931447 ] [ 0.79326376  0.11774646 -0.59738462] [0.79326376 0.59738462 0.11774646] [-0.59738462  0.11774646 -0.79326376]
0.8808782154330543 2.366407592158333 2.4178504280879287 [-0.0535809   0.00511321  0.0931447 ] [ 0.78371931 -0.16114787 -0.59984615] [ 0.78371931  0.59984615 -0.16114787] [-0.59984615 -0.16114787 -0.78371931]
0.7177714814938246 2.5174461740559066 2.3956206991786724 [0.0505568  0.00511321 0.0949154 ] [-0.78386785 -0.14968599 -0.60261538] [-0.78386785  0.60261538 -0.14968599] [-0.60261538 -0.14968599  0.78386785]
0.6611672853419416 2.55581433000626 2.4135790208496672 [0.0505568  0.00511321 0.0949154 ] [-0.78581134  0.12799393 -0.60507692] [-0.78581134  0.60507692  0.12799393] [-0.60507692  0.12799393  0.78581134]
0.9452191806865153 2.3827561673784476 2.3746441541275436 [-0.0405637  0.0599604  0.0836247] [ 0.75062048 -0.26260213 -0.60630769] [ 0.75062048  0.60630769 -0.26260213] [-0.60630769 -0.26260213 -0.75062048]
0.8493308430753437 2.4145990344634805 2.435894544132214 [0.0505568  0.00511321 0.0949154 ] [-0.73065368 -0.31330972 -0.60661538] [-0.73065368  0.60661538 -0.31330972] [-0.60661538 -0.31330972  0.73065368]
0.8313216509417648 2.446450121382938 2.3659267964949313 [-0.0535809   0.00511321  0.0931447 ] [ 0.77314156  0.18103916 -0.60784615] [0.77314156 0.60784615 0.18103916] [-0.60784615  0.18103916 -0.77314156]
0.6763008635208161 2.5453571919081983 2.407923386070519 [0.0505568  0.00511321 0.0949154 ] [-0.79191444 -0.04355258 -0.60907692] [-0.79191444  0.60907692 -0.04355258] [-0.60907692 -0.04355258  0.79191444]
0.8881551387041263 2.406971168332217 2.4137676967245953 [-0.0535809   0.00511321  0.0931447 ] [ 0.78645502 -0.09493693 -0.61030769] [ 0.78645502  0.61030769 -0.09493693] [-0.61030769 -0.09493693 -0.78645502]
0.7155748260701348 2.518897433313936 2.42687372177907 [0.0505568  0.00511321 0.0949154 ] [-0.7569879   0.23019563 -0.61153846] [-0.7569879   0.61153846  0.23019563] [-0.61153846  0.23019563  0.7569879 ]
0.786193966955975 2.4737342464798866 2.4231610849873846 [0.0505568  0.00511321 0.0949154 ] [-0.76111711 -0.21174851 -0.61307692] [-0.76111711  0.61307692 -0.21174851] [-0.61307692 -0.21174851  0.76111711]
0.6718203109423554 2.5484379704136053 2.409662520028044 [0.0505568  0.00511321 0.0949154 ] [-0.785661    0.06204182 -0.61553846] [-0.785661    0.61553846  0.06204182] [-0.61553846  0.06204182  0.785661  ]
0.8759352953850105 2.3583567218663717 2.420640521026609 [0.0505568  0.00511321 0.0949154 ] [-0.69514161 -0.36877394 -0.61707692] [-0.69514161  0.61707692 -0.36877394] [-0.61707692 -0.36877394  0.69514161]
0.7232786149584391 2.5138210456454093 2.4232397828326593 [0.0505568  0.00511321 0.0949154 ] [-0.77754679 -0.10767116 -0.61953846] [-0.77754679  0.61953846 -0.10767116] [-0.61953846 -0.10767116  0.77754679]
0.7039557539642857 2.52662409805759 2.4374400107633503 [0.0505568  0.00511321 0.0949154 ] [-0.76539643  0.16517962 -0.622     ] [-0.76539643  0.622       0.16517962] [-0.622       0.16517962  0.76539643]
0.9399647736029126 2.3643239250942436 2.3855385181279845 [-0.0405637  0.0599604  0.0836247] [ 0.72401827 -0.29560269 -0.62323077] [ 0.72401827  0.62323077 -0.29560269] [-0.62323077 -0.29560269 -0.72401827]
0.8261235940576864 2.424941732287804 2.4495317666443404 [0.0505568  0.00511321 0.0949154 ] [-0.73331519 -0.27101406 -0.62353846] [-0.73331519  0.62353846 -0.27101406] [-0.62353846 -0.27101406  0.73331519]
0.8272065156820578 2.4488884628107126 2.361694245848046 [-0.0535809   0.00511321  0.0931447 ] [ 0.76834359  0.13896594 -0.62476923] [0.76834359 0.62476923 0.13896594] [-0.62476923  0.13896594 -0.76834359]
0.696986772316741 2.531299200148494 2.427399789425264 [0.0505568  0.00511321 0.0949154 ] [-0.77981726 -0.00300624 -0.626     ] [-0.77981726  0.626      -0.00300624] [-0.626      -0.00300624  0.77981726]
0.8975156173316886 2.4085591821509182 2.3879571678637967 [-0.0535809   0.00511321  0.0931447 ] [ 0.76744508 -0.13270119 -0.62723077] [ 0.76744508  0.62723077 -0.13270119] [-0.62723077 -0.13270119 -0.76744508]
0.771719891691027 2.48274245576949 2.4493056506639475 [0.0505568  0.00511321 0.0949154 ] [-0.73166551  0.26401076 -0.62846154] [-0.73166551  0.62846154  0.26401076] [-0.62846154  0.26401076  0.73166551]
0.7838365277482728 2.4751928334006075 2.435234302321119 [0.0505568  0.00511321 0.0949154 ] [-0.75783319 -0.16967279 -0.63      ] [-0.75783319  0.63       -0.16967279] [-0.63       -0.16967279  0.75783319]
0.7071075395187746 2.5245197857749755 2.4278001936485367 [0.0505568  0.00511321 0.0949154 ] [-0.76806669  0.1003293  -0.63246154] [-0.76806669  0.63246154  0.1003293 ] [-0.63246154  0.1003293   0.76806669]
0.7362033984981392 2.50538734626105 2.4438690108309093 [0.0505568  0.00511321 0.0949154 ] [-0.76842373 -0.06664594 -0.63646154] [-0.76842373  0.63646154 -0.06664594] [-0.63646154 -0.06664594  0.76842373]
0.7530038050342074 2.4945792261700483 2.4610970064567943 [0.0505568  0.00511321 0.0949154 ] [-0.7426915   0.20046604 -0.63892308] [-0.7426915   0.63892308  0.20046604] [-0.63892308  0.20046604  0.7426915 ]
0.8040723653339928 2.4308513025434317 2.462780836301759 [0.0505568  0.00511321 0.0949154 ] [-0.73302355 -0.22909714 -0.64046154] [-0.73302355  0.64046154 -0.22909714] [-0.64046154 -0.22909714  0.73302355]
0.7247364182324448 2.512864599062083 2.4466645122527835 [0.0505568  0.00511321 0.0949154 ] [-0.7650766   0.03616234 -0.64292308] [-0.7650766   0.64292308  0.03616234] [-0.64292308  0.03616234  0.7650766 ]
0.7891132817030172 2.4719326427941066 2.4470170500986095 [0.0505568  0.00511321 0.0949154 ] [-0.75166924 -0.12838961 -0.64692308] [-0.75166924  0.64692308 -0.12838961] [-0.64692308 -0.12838961  0.75166924]
0.7490037846906206 2.497136773943146 2.4713838184933032 [0.0505568  0.00511321 0.0949154 ] [-0.74804061  0.13687539 -0.64938462] [-0.74804061  0.64938462  0.13687539] [-0.64938462  0.13687539  0.74804061]
0.4467398697265522 2.3935182664523467 2.7198605058814493 [-0.00151207  0.00511321  0.0983698 ] [ 0.22276568 -0.72517107 -0.65153846] [ 0.22276568  0.65153846 -0.72517107] [-0.65153846 -0.72517107 -0.22276568]
0.7564732654132574 2.4923688576033602 2.4643032105807623 [0.0505568  0.00511321 0.0949154 ] [-0.75655108 -0.02681434 -0.65338462] [-0.75655108  0.65338462 -0.02681434] [-0.65338462 -0.02681434  0.75655108]
0.7688241853699184 2.460169151953891 2.4845598613979374 [0.0505568  0.00511321 0.0949154 ] [-0.71781605  0.23367914 -0.65584615] [-0.71781605  0.65584615  0.23367914] [-0.65584615  0.23367914  0.71781605]
0.7830314442552592 2.4322251653860087 2.4756917174426474 [0.0505568  0.00511321 0.0949154 ] [-0.72978613 -0.18777026 -0.65738462] [-0.72978613  0.65738462 -0.18777026] [-0.65738462 -0.18777026  0.72978613]
0.5667823644101994 2.493876114475354 2.6243634207986593 [-0.00151207  0.00511321  0.0983698 ] [ 0.12316133 -0.74287771 -0.658     ] [ 0.12316133  0.658      -0.74287771] [-0.658      -0.74287771 -0.12316133]
0.7594480685993301 2.4904794987182086 2.4657450084691512 [0.0505568  0.00511321 0.0949154 ] [-0.74777202  0.07375675 -0.65984615] [-0.74777202  0.65984615  0.07375675] [-0.65984615  0.07375675  0.74777202]
0.7750488709855979 2.4640440831522614 2.480659399950348 [0.0505568  0.00511321 0.0949154 ] [-0.74266085 -0.08810868 -0.66384615] [-0.74266085  0.66384615 -0.08810868] [-0.66384615 -0.08810868  0.74266085]
0.6115538172180461 2.5911283312007893 2.5258032917103694 [-0.00151207  0.00511321  0.0983698 ] [ 0.02282696 -0.74697376 -0.66446154] [ 0.02282696  0.66446154 -0.74697376] [-0.66446154 -0.74697376 -0.02282696]
0.7506151884432904 2.466783871275968 2.4961052868509506 [0.0505568  0.00511321 0.0949154 ] [-0.72568835  0.17149481 -0.66630769] [-0.72568835  0.66630769  0.17149481] [-0.66630769  0.17149481  0.72568835]
0.5011951601741599 2.4310067346338364 2.675396720022902 [-0.00151207  0.00511321  0.0983698 ] [ 0.18181022 -0.72118251 -0.66846154] [ 0.18181022  0.66846154 -0.72118251] [-0.66846154 -0.72118251 -0.18181022]
0.9506896350856746 2.368508727161081 2.379874881049875 [-0.0438048  0.0571821  0.0836247] [ 0.53947529 -0.50996707 -0.67      ] [ 0.53947529  0.67       -0.50996707] [-0.67       -0.50996707 -0.53947529]
0.768811734973335 2.4750734748981182 2.4845676865156694 [0.0505568  0.00511321 0.0949154 ] [-0.74199231  0.01161917 -0.67030769] [-0.74199231  0.67030769  0.01161917] [-0.67030769  0.01161917  0.74199231]
0.4918050120768277 2.682929847664838 2.42632852417632 [-0.00151207  0.00511321  0.0983698 ] [-0.07638659 -0.73758207 -0.67092308] [-0.07638659  0.67092308 -0.73758207] [-0.67092308 -0.73758207  0.07638659]
0.7628564798545753 2.42904581352426 2.4883213917614126 [0.0505568  0.00511321 0.0949154 ] [-0.72362095 -0.14724762 -0.67430769] [-0.72362095  0.67430769 -0.14724762] [-0.67430769 -0.14724762  0.72362095]
0.6257336615840364 2.5281622020469383 2.5808732817394215 [-0.00151207  0.00511321  0.0983698 ] [ 0.0833572  -0.73316466 -0.67492308] [ 0.0833572   0.67492308 -0.73316466] [-0.67492308 -0.73316466 -0.0833572 ]
0.768642469718919 2.464593814990401 2.4846740796606466 [0.0505568  0.00511321 0.0949154 ] [-0.72799404  0.10958142 -0.67676923] [-0.72799404  0.67676923  0.10958142] [-0.67676923  0.10958142  0.72799404]
0.44648282300372705 2.3693303998181907 2.7200748076166072 [-0.00151207  0.00511321  0.0983698 ] [ 0.23764694 -0.6946851  -0.67892308] [ 0.23764694  0.67892308 -0.6946851 ] [-0.67892308 -0.6946851  -0.23764694]
0.7412070509045887 2.4517098511276014 2.5021501705971354 [0.0505568  0.00511321 0.0949154 ] [-0.73085443 -0.04904141 -0.68076923] [-0.73085443  0.68076923 -0.04904141] [-0.68076923 -0.04904141  0.73085443]
0.5712556064779475 2.620984284431258 2.4838902374431084 [-0.00151207  0.00511321  0.0983698 ] [-0.01503009 -0.73177121 -0.68138462] [-0.01503009  0.68138462 -0.73177121] [-0.68138462 -0.73177121  0.01503009]
0.7128569140983392 2.433920789364308 2.5206972509454304 [0.0505568  0.00511321 0.0949154 ] [-0.70112619  0.20400436 -0.68323077] [-0.70112619  0.68323077  0.20400436] [-0.68323077  0.20400436  0.70112619]
0.5574067138248666 2.4660746885342526 2.631488043000517 [-0.00151207  0.00511321  0.0983698 ] [ 0.14171726 -0.71425776 -0.68538462] [ 0.14171726  0.68538462 -0.71425776] [-0.68538462 -0.71425776 -0.14171726]
0.957224342007476 2.3764536235390294 2.3660260454573088 [-0.0438048  0.0571821  0.0836247] [ 0.50193462 -0.52554574 -0.68692308] [ 0.50193462  0.68692308 -0.52554574] [-0.68692308 -0.52554574 -0.50193462]
0.7372743521586942 2.453865771912552 2.504693176779595 [0.0505568  0.00511321 0.0949154 ] [-0.7248217   0.0484497  -0.68723077] [-0.7248217   0.68723077  0.0484497 ] [-0.68723077  0.0484497   0.7248217 ]
0.4629875956802961 2.706398231289927 2.3863079000890677 [-0.00151207  0.00511321  0.0983698 ] [-0.11154272 -0.71723489 -0.68784615] [-0.11154272  0.68784615 -0.71723489] [-0.68784615 -0.71723489  0.11154272]
0.7162694554401922 2.4213824069641996 2.518438187737172 [0.0505568  0.00511321 0.0949154 ] [-0.71455634 -0.1077463  -0.69123077] [-0.71455634  0.69123077 -0.1077463 ] [-0.69123077 -0.1077463   0.71455634]
0.6561363476577597 2.559323090845795 2.538157525714662 [-0.00151207  0.00511321  0.0983698 ] [ 0.04482657 -0.72065212 -0.69184615] [ 0.04482657  0.69184615 -0.72065212] [-0.69184615 -0.72065212 -0.04482657]
0.6958923227974199 2.4356542648598807 2.5320361892893577 [0.0505568  0.00511321 0.0949154 ] [-0.70584383  0.14344152 -0.69369231] [-0.70584383  0.69369231  0.14344152] [-0.69369231  0.14344152  0.70584383]
0.5000516097335911 2.4050652462186037 2.6763111040646677 [-0.00151207  0.00511321  0.0983698 ] [ 0.19745939 -0.69051279 -0.69584615] [ 0.19745939  0.69584615 -0.69051279] [-0.69584615 -0.69051279 -0.19745939]
0.7086009165074555 2.435188042588241 2.523524902538925 [0.0505568  0.00511321 0.0949154 ] [-0.71630682 -0.01140088 -0.69769231] [-0.71630682  0.69769231 -0.01140088] [-0.69769231 -0.01140088  0.71630682]
0.5376103118373021 2.6467187614169636 2.4428898617324997 [-0.00151207  0.00511321  0.0983698 ] [-0.05122349 -0.71396255 -0.69830769] [-0.05122349  0.69830769 -0.71396255] [-0.69830769 -0.71396255  0.05122349]
0.6155607156114604 2.4982987978822937 2.5882172981621423 [-0.00151207  0.00511321  0.0983698 ] [ 0.10270672 -0.70442546 -0.70230769] [ 0.10270672  0.70230769 -0.70442546] [-0.70230769 -0.70442546 -0.10270672]
0.7068123571077047 2.429139441486527 2.5247166012927376 [0.0505568  0.00511321 0.0949154 ] [-0.70512398  0.08347179 -0.70415385] [-0.70512398  0.70415385  0.08347179] [-0.70415385  0.08347179  0.70512398]
0.6825161037808333 2.4093842177187157 2.5411048237151657 [0.0505568  0.00511321 0.0949154 ] [-0.70263061 -0.06948634 -0.70815385] [-0.70263061  0.70815385 -0.06948634] [-0.70815385 -0.06948634  0.70263061]
0.6174976384539461 2.586813840918411 2.496281580139041 [-0.00151207  0.00511321  0.0983698 ] [ 0.00778548 -0.70539745 -0.70876923] [ 0.00778548  0.70876923 -0.70539745] [-0.70876923 -0.70539745 -0.00778548]
0.5555303928033916 2.4381812294166614 2.6329207239538683 [-0.00151207  0.00511321  0.0983698 ] [ 0.15815506 -0.6833352  -0.71276923] [ 0.15815506  0.71276923 -0.6833352 ] [-0.71276923 -0.6833352  -0.15815506]
0.6770851472315177 2.414790329752187 2.5448192424626996 [0.0505568  0.00511321 0.0949154 ] [-0.69908497  0.02459789 -0.71461538] [-0.69908497  0.71461538  0.02459789] [-0.71461538  0.02459789  0.69908497]
0.5109174402487383 2.667656633110952 2.4028751729775446 [-0.00151207  0.00511321  0.0983698 ] [-0.0855447  -0.69363323 -0.71523077] [-0.0855447   0.71523077 -0.69363323] [-0.71523077 -0.69363323  0.0855447 ]
0.6758558538091926 2.527198548603977 2.545662603497304 [-0.00151207  0.00511321  0.0983698 ] [ 0.0650019  -0.69172383 -0.71923077] [ 0.0650019   0.71923077 -0.69172383] [-0.71923077 -0.69172383 -0.0650019 ]
0.42739823003984806 2.736099785072126 2.414534806683631 [-0.00151207  0.00511321  0.0983698 ] [-0.17558167 -0.66957546 -0.72169231] [-0.17558167  0.72169231 -0.66957546] [-0.72169231 -0.66957546  0.17558167]
0.3513484763526934 2.3791954053808357 2.802124370847304 [-0.00151207  0.00511321  0.0983698 ] [ 0.21074142 -0.65766656 -0.72323077] [ 0.21074142  0.72323077 -0.65766656] [-0.72323077 -0.65766656 -0.21074142]
0.649857665121088 2.3932671779656296 2.563724845585496 [0.0505568  0.00511321 0.0949154 ] [-0.68789152 -0.03269107 -0.72507692] [-0.68789152  0.72507692 -0.03269107] [-0.72507692 -0.03269107  0.68789152]
0.5858613811003683 2.6100414150971214 2.563723388103811 [-0.00151207  0.00511321  0.0983698 ] [-0.02754755 -0.68746768 -0.72569231] [-0.02754755  0.72569231 -0.68746768] [-0.72569231 -0.68746768  0.02754755]
0.4575933496604683 2.4682458264188045 2.7108494139307475 [-0.00151207  0.00511321  0.0983698 ] [ 0.11996311 -0.6731701  -0.72969231] [ 0.11996311  0.72969231 -0.6731701 ] [-0.72969231 -0.6731701  -0.11996311]
0.4915530986383222 2.683132717634212 2.4726844583252587 [-0.00151207  0.00511321  0.0983698 ] [-0.11778357 -0.67087836 -0.73215385] [-0.11778357  0.73215385 -0.67087836] [-0.73215385 -0.67087836  0.11778357]
0.5732829267786721 2.5522441735956756 2.6194571037624157 [-0.00151207  0.00511321  0.0983698 ] [ 0.02883003 -0.67619993 -0.73615385] [ 0.02883003  0.73615385 -0.67619993] [-0.73615385 -0.67619993 -0.02883003]
0.4215085283804321 2.7410903733761707 2.383872019474309 [-0.00151207  0.00511321  0.0983698 ] [-0.20406859 -0.64249772 -0.73861538] [-0.20406859  0.73861538 -0.64249772] [-0.73861538 -0.64249772  0.20406859]
0.39795236228770675 2.410248779928979 2.761260073234749 [-0.00151207  0.00511321  0.0983698 ] [ 0.17222987 -0.65000704 -0.74015385] [ 0.17222987  0.74015385 -0.65000704] [-0.74015385 -0.65000704 -0.17222987]
0.5614666734625707 2.6283958464907045 2.5291295296734515 [-0.00151207  0.00511321  0.0983698 ] [-0.06095085 -0.66693882 -0.74261538] [-0.06095085  0.74261538 -0.66693882] [-0.74261538 -0.66693882  0.06095085]
0.5051102197086307 2.4947775855544565 2.6722725774122313 [-0.00151207  0.00511321  0.0983698 ] [ 0.08311799 -0.66004308 -0.74661538] [ 0.08311799  0.74661538 -0.66004308] [-0.74661538 -0.66004308 -0.08311799]
0.5704382611206602 2.6216007458383377 2.4405998188705187 [-0.00151207  0.00511321  0.0983698 ] [-0.14772744 -0.64580211 -0.74907692] [-0.14772744  0.74907692 -0.64580211] [-0.74907692 -0.64580211  0.14772744]
0.6223331537979646 2.4827609069823926 2.5833207157159395 [-0.00151207  0.00511321  0.0983698 ] [-0.00557698 -0.65790884 -0.75307692] [-0.00557698  0.75307692 -0.65790884] [-0.75307692 -0.65790884  0.00557698]
0.6477812683296569 2.5651861021286493 2.4955422467662354 [-0.00151207  0.00511321  0.0983698 ] [-0.09219851 -0.64389499 -0.75953846] [-0.09219851  0.75953846 -0.64389499] [-0.75953846 -0.64389499  0.09219851]
0.5534138832299332 2.427109756264445 2.634539544386785 [-0.00151207  0.00511321  0.0983698 ] [ 0.04786038 -0.64398634 -0.76353846] [ 0.04786038  0.76353846 -0.64398634] [-0.76353846 -0.64398634 -0.04786038]
0.6814536033651576 2.5295355428617343 2.5418300288284916 [-0.00151207  0.00511321  0.0983698 ] [-0.07370888  0.63526441 -0.76876923] [-0.07370888  0.76876923  0.63526441] [-0.76876923  0.63526441  0.07370888]
0.6722360010472768 2.509523499638167 2.548151607881868 [-0.00151207  0.00511321  0.0983698 ] [-0.03798122 -0.63691242 -0.77      ] [-0.03798122  0.77       -0.63691242] [-0.77       -0.63691242  0.03798122]
0.8524580002119171 2.4340806697264554 2.4041750848438213 [-0.00151207  0.00511321  0.0983698 ] [-0.20681641  0.60004557 -0.77276923] [-0.20681641  0.77276923  0.60004557] [-0.77276923  0.60004557  0.20681641]
0.49315939791283275 2.3729351586705727 2.6818398327017303 [-0.00151207  0.00511321  0.0983698 ] [ 0.09890327 -0.62541358 -0.774     ] [ 0.09890327  0.774      -0.62541358] [-0.774      -0.62541358 -0.09890327]
0.6246841251453412 2.581627862867064 2.488772645655062 [-0.00151207  0.00511321  0.0983698 ] [-0.12338998  0.61447076 -0.77923077] [-0.12338998  0.77923077  0.61447076] [-0.77923077  0.61447076  0.12338998]
0.6025161742391996 2.454932829848091 2.597732425223418 [-0.00151207  0.00511321  0.0983698 ] [ 0.01443865 -0.62503705 -0.78046154] [ 0.01443865  0.78046154 -0.62503705] [-0.78046154 -0.62503705 -0.01443865]
0.6957205702136872 2.532151914098852 2.5140505705351797 [-0.00151207  0.00511321  0.0983698 ] [-0.06813685 -0.61327762 -0.78692308] [-0.06813685  0.78692308 -0.61327762] [-0.78692308 -0.61327762  0.06813685]
0.6524077025282954 2.478890481459891 2.561934055865378 [-0.00151207  0.00511321  0.0983698 ] [-0.01688885 -0.60323506 -0.79738462] [-0.01688885  0.79738462 -0.60323506] [-0.79738462 -0.60323506  0.01688885]
0.9951275378243488 2.3570440125519365 2.3567507541836177 [-0.00151207  0.00511321  0.0983698 ] [ 0.03251445  0.16167853 -0.98630769] [0.03251445 0.98630769 0.16167853] [-0.98630769  0.16167853 -0.03251445]
